,Ticker,Buy Date,Sell Date,Weight,Buy Price,Sell Price,Returns
0,CYIENT,2013-07-02,2013-07-16,0.09259259259259262,176.15,181.05,0.002575666782308852
1,AIAENG,2013-07-02,2013-07-16,0.0851851851851852,322.0,313.05,-0.002367724867724865
2,GLAXO,2013-07-02,2013-07-16,0.08148148148148149,1225.025,1289.975,0.004320093240727501
3,AKZOINDIA,2013-07-02,2013-07-16,0.07777777777777778,1132.05,1070.35,-0.00423911389858124
4,ABGSHIP,2013-07-02,2013-07-16,0.07407407407407408,294.15,270.5,-0.005955641175766958
5,BAJAJHLDNG,2013-07-02,2013-07-16,0.07037037037037037,800.05,762.15,-0.0033335879470496044
6,TORNTPHARM,2013-07-02,2013-07-16,0.06666666666666667,203.8125,220.025,0.005303076765818258
7,PFIZER,2013-07-02,2013-07-16,0.06296296296296296,1084.5,1071.0,-0.0007837713231904103
8,CRISIL,2013-07-02,2013-07-16,0.05925925925925925,1101.0,1175.0,0.003982911158206343
9,1078.0,2013-07-02,2013-07-16,0.05555555555555554,190.0,203.0,0.0038011695906432735
10,MANDHANA,2013-07-02,2013-07-16,0.05185185185185183,237.0,239.0,0.00043756837005782135
11,TATASTLLP,2013-07-02,2013-07-16,0.04814814814814812,275.4,267.0,-0.0014685709674816382
12,SWANENERGY,2013-07-02,2013-07-16,0.04444444444444441,56.95,56.375,-0.00044873670861379566
13,PGHH,2013-07-02,2013-07-16,0.0407407407407407,2950.0,2880.05,-0.000966038920276205
14,CYIENT,2013-07-16,2013-07-30,0.09259259259259262,181.05,179.0,-0.0010484110180326756
15,BANARISUG,2013-07-16,2013-07-30,0.0888888888888889,825.0,800.0,-0.002693602693602694
16,GLAXO,2013-07-16,2013-07-30,0.0851851851851852,1289.975,1217.675,-0.0047744249996231605
17,AIAENG,2013-07-16,2013-07-30,0.08148148148148149,313.05,290.6,-0.005843345341828009
18,AKZOINDIA,2013-07-16,2013-07-30,0.07777777777777778,1070.35,1050.0,-0.0014787478654437996
19,TORNTPHARM,2013-07-16,2013-07-30,0.07407407407407408,220.025,211.5,-0.0028700442289807154
20,CRISIL,2013-07-16,2013-07-30,0.07037037037037037,1175.0,1184.0,0.0005390070921985817
21,PFIZER,2013-07-16,2013-07-30,0.06666666666666667,1071.0,1050.3,-0.0012885154061624679
22,1078.0,2013-07-16,2013-07-30,0.06296296296296296,203.0,180.0,-0.007133734719941616
23,BAJAJHLDNG,2013-07-16,2013-07-30,0.05925925925925925,762.15,827.0,0.005042265909549253
24,BRFL,2013-07-16,2013-07-30,0.05555555555555554,216.0,205.5,-0.0027006172839506163
25,MANDHANA,2013-07-16,2013-07-30,0.05185185185185183,239.0,236.45,-0.0005532310553231078
26,ABGSHIP,2013-07-16,2013-07-30,0.04814814814814812,270.5,269.05,-0.0002580954336961709
27,PGHH,2013-07-16,2013-07-30,0.04444444444444441,2880.05,2860.15,-0.0003070934339488716
28,SWANENERGY,2013-07-16,2013-07-30,0.0407407407407407,56.375,54.85,-0.001102077687443539
29,CYIENT,2013-07-31,2013-08-14,0.09259259259259262,181.85,179.0,-0.0014511349402743386
30,GLAXO,2013-07-31,2013-08-14,0.0888888888888889,1180.025,1140.0,-0.003015002036209221
31,BANARISUG,2013-07-31,2013-08-14,0.0851851851851852,800.0,750.0,-0.005324074074074075
32,AIAENG,2013-07-31,2013-08-14,0.08148148148148149,291.0,330.95,0.011186203385516099
33,BAJAJHLDNG,2013-07-31,2013-08-14,0.07777777777777778,836.65,818.0,-0.0017337662768846637
34,TORNTPHARM,2013-07-31,2013-08-14,0.07407407407407408,217.0,211.425,-0.0019030551288615769
35,CRISIL,2013-07-31,2013-08-14,0.07037037037037037,1188.0,1158.5,-0.0017474123955605438
36,BRFL,2013-07-31,2013-08-14,0.06666666666666667,206.0,226.95,0.0067799352750809025
37,ABGSHIP,2013-07-31,2013-08-14,0.06296296296296296,271.0,282.7,0.00271832718327183
38,MANDHANA,2013-07-31,2013-08-14,0.05925925925925925,239.7,234.0,-0.0014091688684930205
39,PFIZER,2013-07-31,2013-08-14,0.05555555555555554,1048.0,1053.0,0.00026505513146734514
40,BOSCHLTD,2013-07-31,2013-08-14,0.05185185185185183,9070.0,8640.0,-0.0024582465596798553
41,FMGOETZE,2013-07-31,2013-08-14,0.04814814814814812,200.0,200.0,0.0
42,PGHH,2013-07-31,2013-08-14,0.04444444444444441,2810.0,2819.9,0.00015658362989323977
43,VSTIND,2013-07-31,2013-08-14,0.0407407407407407,162.0,153.48,-0.0021426611796982174
44,CYIENT,2013-08-16,2013-08-29,0.09259259259259262,179.95,176.0,-0.0020324575756640166
45,GLAXO,2013-08-16,2013-08-29,0.0888888888888889,1137.5,1124.5,-0.0010158730158730163
46,BRFL,2013-08-16,2013-08-29,0.0851851851851852,222.0,215.0,-0.0026860193526860193
47,BANARISUG,2013-08-16,2013-08-29,0.08148148148148149,750.0,740.0,-0.0010864197530864198
48,ABGSHIP,2013-08-16,2013-08-29,0.07777777777777778,275.6,278.0,0.0006773101112723689
49,TORNTPHARM,2013-08-16,2013-08-29,0.07407407407407408,212.45,197.55,-0.005195122163820674
50,PFIZER,2013-08-16,2013-08-29,0.07037037037037037,1060.0,1043.95,-0.0010655136268343786
51,CRISIL,2013-08-16,2013-08-29,0.06666666666666667,1151.0,1118.0,-0.0019113814074717638
52,MANDHANA,2013-08-16,2013-08-29,0.06296296296296296,234.55,233.95,-0.0001610649233757374
53,BAJAJHLDNG,2013-08-16,2013-08-29,0.05925925925925925,854.0,788.0,-0.00457975539942753
54,ZYDUSLIFE,2013-08-16,2013-08-29,0.05555555555555554,135.25,130.2,-0.0020743479153830396
55,SWANENERGY,2013-08-16,2013-08-29,0.05185185185185183,53.5,52.0,-0.0014537902388369673
56,VSTIND,2013-08-16,2013-08-29,0.04814814814814812,152.5,146.87,-0.0017775349119611389
57,LINDEINDIA,2013-08-16,2013-08-29,0.04444444444444441,250.05,234.0,-0.0028527627807771773
58,AIAENG,2013-08-16,2013-08-29,0.0407407407407407,331.05,315.0,-0.0019751967645035154
59,1078.0,2013-09-03,2013-09-17,0.09259259259259262,207.95,255.0,0.020949658482719326
60,BANARISUG,2013-09-03,2013-09-17,0.0888888888888889,740.0,725.0,-0.001801801801801802
61,BRFL,2013-09-03,2013-09-17,0.0851851851851852,215.45,203.95,-0.004546900114317149
62,CYIENT,2013-09-03,2013-09-17,0.08148148148148149,184.7,182.3,-0.0010587739878481523
63,MANDHANA,2013-09-03,2013-09-17,0.07777777777777778,233.8,232.25,-0.0005156353958749206
64,ABGSHIP,2013-09-03,2013-09-17,0.07407407407407408,280.0,265.5,-0.0038359788359788364
65,GLAXO,2013-09-03,2013-09-17,0.07037037037037037,1166.525,1171.925,0.0003257538415378928
66,TORNTPHARM,2013-09-03,2013-09-17,0.06666666666666667,205.5,225.1,0.00635847526358475
67,CRISIL,2013-09-03,2013-09-17,0.06296296296296296,1090.05,1124.0,0.001961004167324981
68,VSTIND,2013-09-03,2013-09-17,0.05925925925925925,146.19,144.51,-0.0006810011324684037
69,PFIZER,2013-09-03,2013-09-17,0.05555555555555554,1035.0,1057.0,0.0011808910359634994
70,SWANENERGY,2013-09-03,2013-09-17,0.05185185185185183,51.85,51.2,-0.0006500232151148239
71,JKIL,2013-09-03,2013-09-17,0.04814814814814812,78.75,75.0,-0.002292768959435625
72,ZYDUSLIFE,2013-09-03,2013-09-17,0.04444444444444441,131.68,135.2,0.0011880653435938906
73,3MINDIA,2013-09-03,2013-09-17,0.0407407407407407,3149.9,2994.0,-0.0020164073403858788
74,BRFL,2013-09-17,2013-10-01,0.09259259259259262,203.95,205.0,0.00047669635803982986
75,BANARISUG,2013-09-17,2013-10-01,0.0888888888888889,725.0,740.0,0.001839080459770115
76,CYIENT,2013-09-17,2013-10-01,0.0851851851851852,182.3,214.05,0.014836147172954634
77,MANDHANA,2013-09-17,2013-10-01,0.08148148148148149,232.25,235.35,0.0010875892038432384
78,RADICO,2013-09-17,2013-10-01,0.07407407407407408,117.6,136.05,0.011621315192743776
79,SWANENERGY,2013-09-17,2013-10-01,0.07037037037037037,51.2,50.725,-0.0006528501157407427
80,JKIL,2013-09-17,2013-10-01,0.06666666666666667,75.0,74.0,-0.0008888888888888888
81,PAGEIND,2013-09-17,2013-10-01,0.06296296296296296,4224.0,4395.0,0.0025489267676767676
82,PFIZER,2013-09-17,2013-10-01,0.05925925925925925,1057.0,1084.95,0.001566978520620907
83,435.0,2013-09-17,2013-10-01,0.05555555555555554,219.3,220.3,0.0002533313066828798
84,1078.0,2013-09-17,2013-10-01,0.05185185185185183,255.0,270.05,0.0030602759622367476
85,TORNTPHARM,2013-09-17,2013-10-01,0.04814814814814812,225.1,218.025,-0.001513319183243658
86,GLAXO,2013-09-17,2013-10-01,0.04444444444444441,1171.925,1234.0,0.0023541514080584417
87,TNPL,2013-09-17,2013-10-01,0.0407407407407407,86.9,91.0,0.0019221753398968543
88,BRFL,2013-10-01,2013-10-15,0.09259259259259262,205.0,212.55,0.0034101174345076844
89,CYIENT,2013-10-01,2013-10-15,0.0888888888888889,214.05,224.1,0.004173479716577117
90,RADICO,2013-10-01,2013-10-15,0.0851851851851852,136.05,146.0,0.00623000803081655
91,MANDHANA,2013-10-01,2013-10-15,0.08148148148148149,235.35,234.8,-0.00019041773875000395
92,PAGEIND,2013-10-01,2013-10-15,0.07777777777777778,4395.0,4472.05,0.0013635444318038207
93,MAHSEAMLES,2013-10-01,2013-10-15,0.07407407407407408,91.925,87.95,-0.003203094309974915
94,GRAPHITE,2013-10-01,2013-10-15,0.07037037037037037,74.95,75.05,9.388975366293044e-05
95,PFIZER,2013-10-01,2013-10-15,0.06666666666666667,1084.95,1057.95,-0.0016590626296142678
96,WIPRO,2013-10-01,2013-10-15,0.06296296296296296,89.45,94.92,0.0038502784506138327
97,435.0,2013-10-01,2013-10-15,0.05925925925925925,220.3,219.9,-0.00010759738403860206
98,GLAXO,2013-10-01,2013-10-15,0.05555555555555554,1234.0,1240.0,0.00027012425715829277
99,JKIL,2013-10-01,2013-10-15,0.05185185185185183,74.0,71.025,-0.00208458458458458
100,STAR,2013-10-01,2013-10-15,0.04814814814814812,183.61,182.98,-0.00016520523573516945
101,TECHM,2013-10-01,2013-10-15,0.04444444444444441,268.0,313.19,0.007494195688225533
102,GITANJALI,2013-10-01,2013-10-15,0.0407407407407407,55.85,55.3,-0.0004012069365695176
103,BRFL,2013-10-17,2013-10-30,0.09259259259259262,205.0,193.15,-0.005352303523035229
104,CYIENT,2013-10-17,2013-10-30,0.0888888888888889,224.0,240.05,0.006369047619047624
105,RADICO,2013-10-17,2013-10-30,0.0851851851851852,142.5,144.0,0.0008966861598440547
106,MANDHANA,2013-10-17,2013-10-30,0.08148148148148149,234.0,233.95,-1.7410572966132484e-05
107,WIPRO,2013-10-17,2013-10-30,0.07777777777777778,96.26,91.71,-0.0036763857146155177
108,SHRIRAMCIT,2013-10-17,2013-10-30,0.07407407407407408,986.2,996.0,0.0007360838835184776
109,STAR,2013-10-17,2013-10-30,0.07037037037037037,180.21,185.33,0.0019993135580505888
110,PAGEIND,2013-10-17,2013-10-30,0.06666666666666667,4489.0,4431.0,-0.0008613648177025321
111,PFIZER,2013-10-17,2013-10-30,0.06296296296296296,1052.0,1044.0,-0.0004788058019997183
112,GLAXO,2013-10-17,2013-10-30,0.05925925925925925,1232.5,1211.875,-0.0009916610322289832
113,JKIL,2013-10-17,2013-10-30,0.05555555555555554,70.0,67.725,-0.0018055555555555594
114,GRAPHITE,2013-10-17,2013-10-30,0.05185185185185183,75.55,77.0,0.0009951712135696268
115,435.0,2013-10-17,2013-10-30,0.04814814814814812,224.0,179.8,-0.009500661375661369
116,MAHSEAMLES,2013-10-17,2013-10-30,0.04444444444444441,86.575,79.425,-0.0036705489780857956
117,GITANJALI,2013-10-17,2013-10-30,0.0407407407407407,53.55,62.55,0.006847183317771547
118,BRFL,2013-10-31,2013-11-14,0.09259259259259262,195.5,194.0,-0.0007104290991759025
119,CYIENT,2013-10-31,2013-11-14,0.0888888888888889,253.4,250.0,-0.0011926685959835154
120,MANDHANA,2013-10-31,2013-11-14,0.0851851851851852,234.5,235.0,0.00018163152491510704
121,435.0,2013-10-31,2013-11-14,0.08148148148148149,214.8,241.0,0.009938616456307328
122,SHRIRAMCIT,2013-10-31,2013-11-14,0.07777777777777778,1015.0,1075.0,0.004597701149425287
123,STAR,2013-10-31,2013-11-14,0.07407407407407408,185.14,192.77,0.0030527448697482288
124,RADICO,2013-10-31,2013-11-14,0.07037037037037037,143.0,139.35,-0.001796166796166799
125,PAGEIND,2013-10-31,2013-11-14,0.06666666666666667,4485.0,4948.0,0.006882199925678186
126,PFIZER,2013-10-31,2013-11-14,0.06296296296296296,1061.9,1210.0,0.00878125512271853
127,GRAPHITE,2013-10-31,2013-11-14,0.05925925925925925,76.0,79.0,0.002339181286549707
128,GLAXO,2013-10-31,2013-11-14,0.05555555555555554,1212.0,1209.5,-0.00011459479281261456
129,MAHSEAMLES,2013-10-31,2013-11-14,0.05185185185185183,79.5,81.5,0.001304449103191241
130,ZYDUSLIFE,2013-10-31,2013-11-14,0.04814814814814812,131.98,147.19,0.005548820528362883
131,WIPRO,2013-10-31,2013-11-14,0.04444444444444441,89.3,91.17,0.0009306955331591406
132,JKIL,2013-10-31,2013-11-14,0.0407407407407407,66.525,83.5,0.010395701977813952
133,BRFL,2013-11-19,2013-12-03,0.09259259259259262,190.0,185.35,-0.0022660818713450327
134,SHRIRAMCIT,2013-11-19,2013-12-03,0.0888888888888889,1070.0,1079.95,0.000826583592938737
135,CYIENT,2013-11-19,2013-12-03,0.0851851851851852,275.0,265.0,-0.0030976430976430982
136,MANDHANA,2013-11-19,2013-12-03,0.08148148148148149,235.0,234.0,-0.00034672970843183614
137,435.0,2013-11-19,2013-12-03,0.07777777777777778,222.0,221.0,-0.0003503503503503504
138,GRAPHITE,2013-11-19,2013-12-03,0.07407407407407408,77.7,79.95,0.0021450021450021453
139,JKIL,2013-11-19,2013-12-03,0.07037037037037037,83.55,89.075,0.004653456568477519
140,RADICO,2013-11-19,2013-12-03,0.06666666666666667,133.2,141.0,0.0039039039039039103
141,FMGOETZE,2013-11-19,2013-12-03,0.06296296296296296,199.0,195.0,-0.0012655871952354364
142,PFIZER,2013-11-19,2013-12-03,0.05925925925925925,1277.0,1732.0,0.021114301458859012
143,PAGEIND,2013-11-19,2013-12-03,0.05555555555555554,4950.0,5248.0,0.00334455667789001
144,STAR,2013-11-19,2013-12-03,0.05185185185185183,197.55,208.72,0.0029318409779052605
145,GLAXO,2013-11-19,2013-12-03,0.04814814814814812,1200.5,1256.25,0.0022359510697703105
146,ZYDUSLIFE,2013-11-19,2013-12-03,0.04444444444444441,143.85,150.0,0.0019001274475727034
147,ABGSHIP,2013-11-19,2013-12-03,0.0407407407407407,267.0,268.5,0.00022888056595921742
148,BRFL,2013-12-03,2013-12-17,0.09259259259259262,185.35,181.8,-0.0017734216547272848
149,CYIENT,2013-12-03,2013-12-17,0.0888888888888889,265.0,306.85,0.014037735849056614
150,SHRIRAMCIT,2013-12-03,2013-12-17,0.0851851851851852,1079.95,1061.1,-0.0014868658185478519
151,GRAPHITE,2013-12-03,2013-12-17,0.08148148148148149,79.95,78.05,-0.0019363954323303977
152,435.0,2013-12-03,2013-12-17,0.07777777777777778,221.0,222.5,0.0005279034690799396
153,PAGEIND,2013-12-03,2013-12-17,0.07407407407407408,5248.0,5128.0,-0.0016937669376693768
154,MANDHANA,2013-12-03,2013-12-17,0.07037037037037037,234.0,233.85,-4.5109211775880155e-05
155,JKIL,2013-12-03,2013-12-17,0.06666666666666667,89.075,94.5,0.004060248853962015
156,STAR,2013-12-03,2013-12-17,0.06296296296296296,208.72,192.77,-0.004811514273951986
157,RADICO,2013-12-03,2013-12-17,0.05925925925925925,141.0,141.7,0.0002941949041239773
158,FMGOETZE,2013-12-03,2013-12-17,0.05555555555555554,195.0,202.0,0.0019943019943019936
159,ABGSHIP,2013-12-03,2013-12-17,0.05185185185185183,268.5,253.6,-0.002877439823436099
160,DCMSHRIRAM,2013-12-03,2013-12-17,0.04814814814814812,53.5,53.5,0.0
161,INFINITE,2013-12-03,2013-12-17,0.04444444444444441,123.75,121.95,-0.0006464646464646449
162,ZENSARTECH,2013-12-03,2013-12-17,0.0407407407407407,66.14,67.63,0.0009178062247309259
163,BRFL,2013-12-17,2013-12-31,0.09259259259259262,181.8,183.4,0.0008148963044452566
164,CYIENT,2013-12-17,2013-12-31,0.0888888888888889,306.85,341.75,0.01010989806818387
165,JMTAUTOLTD,2013-12-17,2013-12-31,0.0851851851851852,134.4,146.0,0.0073522927689594324
166,SHRIRAMCIT,2013-12-17,2013-12-31,0.08148148148148149,1061.1,1064.85,0.00028796113048304173
167,PAGEIND,2013-12-17,2013-12-31,0.07777777777777778,5128.0,5189.85,0.0009380958571676255
168,GRAPHITE,2013-12-17,2013-12-31,0.07407407407407408,78.05,79.0,0.000901606282772205
169,STAR,2013-12-17,2013-12-31,0.07037037037037037,192.77,182.5,-0.0037490465513498185
170,RADICO,2013-12-17,2013-12-31,0.06666666666666667,141.7,140.0,-0.0007998118089861156
171,PFIZER,2013-12-17,2013-12-31,0.06296296296296296,1159.25,1156.0,-0.00017651898178100463
172,435.0,2013-12-17,2013-12-31,0.05925925925925925,222.5,225.8,0.0008789013732833986
173,MANDHANA,2013-12-17,2013-12-31,0.05555555555555554,233.85,234.0,3.563537880407803e-05
174,DCMSHRIRAM,2013-12-17,2013-12-31,0.05185185185185183,53.5,58.4,0.0047490481135340915
175,JKIL,2013-12-17,2013-12-31,0.04814814814814812,94.5,91.575,-0.0014902998236331546
176,INFINITE,2013-12-17,2013-12-31,0.04444444444444441,121.95,131.0,0.0032982552047742665
177,GPPL,2013-12-17,2013-12-31,0.0407407407407407,61.7,65.0,0.0021790023410768913
178,BRFL,2014-01-01,2014-01-15,0.09259259259259262,186.95,183.25,-0.0018325359325626726
179,INFINITE,2014-01-01,2014-01-15,0.0888888888888889,131.9,123.55,-0.005627158621851577
180,RADICO,2014-01-01,2014-01-15,0.0851851851851852,143.7,134.5,-0.005453748807958962
181,GRAPHITE,2014-01-01,2014-01-15,0.08148148148148149,80.3,80.65,0.00035514967021817206
182,SHRIRAMCIT,2014-01-01,2014-01-15,0.07777777777777778,1064.95,1056.25,-0.0006353975930012397
183,STAR,2014-01-01,2014-01-15,0.07037037037037037,180.0,180.05,1.9547325102885104e-05
184,PAGEIND,2014-01-01,2014-01-15,0.06666666666666667,5140.05,5300.0,0.0020745582889919985
185,CYIENT,2014-01-01,2014-01-15,0.06296296296296296,342.05,361.0,0.0034882273005354403
186,DCMSHRIRAM,2014-01-01,2014-01-15,0.05925925925925925,56.85,56.0,-0.0008860223460047572
187,PFIZER,2014-01-01,2014-01-15,0.05555555555555554,1150.0,1123.8,-0.0012657004830917893
188,KANSAINER,2014-01-01,2014-01-15,0.05185185185185183,75.33,77.33,0.0013766587508788485
189,435.0,2014-01-01,2014-01-15,0.04814814814814812,232.05,231.1,-0.0001971158833903966
190,JKIL,2014-01-01,2014-01-15,0.04444444444444441,90.65,95.7,0.0024759453330881866
191,MANDHANA,2014-01-01,2014-01-15,0.0407407407407407,233.7,234.0,5.229876860172304e-05
192,STAR,2014-01-16,2014-01-30,0.09259259259259262,182.5,187.05,0.002308472856418068
193,RADICO,2014-01-16,2014-01-30,0.0888888888888889,140.95,147.1,0.0038784438926333263
194,PAGEIND,2014-01-16,2014-01-30,0.0851851851851852,5389.0,5537.25,0.0023434224723888858
195,GRAPHITE,2014-01-16,2014-01-30,0.08148148148148149,79.5,72.8,-0.0068669927789424675
196,BRFL,2014-01-16,2014-01-30,0.07777777777777778,186.4,186.5,4.172627563185266e-05
197,CYIENT,2014-01-16,2014-01-30,0.07407407407407408,334.0,350.0,0.0035484586382789982
198,INFINITE,2014-01-16,2014-01-30,0.07037037037037037,129.85,137.05,0.0039019381337440737
199,SHRIRAMCIT,2014-01-16,2014-01-30,0.06666666666666667,1045.0,1000.0,-0.0028708133971291866
200,KANSAINER,2014-01-16,2014-01-30,0.06296296296296296,75.33,70.66,-0.0039033192225811377
201,PFIZER,2014-01-16,2014-01-30,0.05925925925925925,1108.0,1051.0,-0.0030485359005214597
202,DCMSHRIRAM,2014-01-16,2014-01-30,0.05555555555555554,56.0,55.0,-0.0009920634920634918
203,435.0,2014-01-16,2014-01-30,0.05185185185185183,232.25,228.0,-0.0009488498186022401
204,ECLERX,2014-01-16,2014-01-30,0.04814814814814812,555.889724310777,606.516290726817,0.004384998163176698
205,MANDHANA,2014-01-16,2014-01-30,0.04444444444444441,233.5,233.0,-9.517011658339275e-05
206,IPCALAB,2014-01-16,2014-01-30,0.0407407407407407,378.4,404.35,0.0027939276485788142
207,STAR,2014-02-04,2014-02-18,0.09259259259259262,185.53,177.57,-0.003972603013189446
208,BRFL,2014-02-04,2014-02-18,0.0888888888888889,195.5,196.85,0.0006138107416879771
209,GRAPHITE,2014-02-04,2014-02-18,0.0851851851851852,69.0,80.5,0.014197530864197533
210,SHRIRAMCIT,2014-02-04,2014-02-18,0.08148148148148149,970.05,951.35,-0.0015707475941484441
211,PAGEIND,2014-02-04,2014-02-18,0.07777777777777778,5685.1,5650.0,-0.0004802026349580532
212,435.0,2014-02-04,2014-02-18,0.07407407407407408,228.0,226.3,-0.0005523066926575663
213,ECLERX,2014-02-04,2014-02-18,0.07037037037037037,619.047619047619,612.50626566416,-0.0007435897435897915
214,JMTAUTOLTD,2014-02-04,2014-02-18,0.06666666666666667,154.0,157.0,0.0012987012987012987
215,CYIENT,2014-02-04,2014-02-18,0.06296296296296296,350.0,346.4,-0.0006476190476190516
216,KANSAINER,2014-02-04,2014-02-18,0.05925925925925925,69.33,67.82,-0.0012906603415762552
217,RADICO,2014-02-04,2014-02-18,0.05555555555555554,149.8,152.4,0.0009642486278000273
218,MANDHANA,2014-02-04,2014-02-18,0.05185185185185183,233.15,233.25,2.2239696269289676e-05
219,PFIZER,2014-02-04,2014-02-18,0.04814814814814812,1028.0,1055.3,0.0012786424556852543
220,IPCALAB,2014-02-04,2014-02-18,0.04444444444444441,411.0,415.0,0.00043254933765882636
221,DCMSHRIRAM,2014-02-04,2014-02-18,0.0407407407407407,55.5,56.0,0.00036703370036703336
222,SHRIRAMCIT,2014-02-18,2014-03-04,0.09259259259259262,951.35,965.0,0.0013285214578114123
223,PAGEIND,2014-02-18,2014-03-04,0.0888888888888889,5650.0,6245.45,0.009367944936086529
224,CYIENT,2014-02-18,2014-03-04,0.0851851851851852,346.4,370.05,0.005815905397314182
225,ZENSARTECH,2014-02-18,2014-03-04,0.08148148148148149,77.1,78.74,0.0017331988278810595
226,435.0,2014-02-18,2014-03-04,0.07777777777777778,226.3,228.3,0.0006873864584867678
227,KANSAINER,2014-02-18,2014-03-04,0.07407407407407408,67.82,68.0,0.0001965988400668511
228,GRAPHITE,2014-02-18,2014-03-04,0.07037037037037037,80.5,80.1,-0.00034966643662296337
229,BRFL,2014-02-18,2014-03-04,0.06666666666666667,196.85,199.95,0.0010498687664041975
230,STAR,2014-02-18,2014-03-04,0.06296296296296296,177.57,174.0,-0.0012658544674087815
231,IPCALAB,2014-02-18,2014-03-04,0.05925925925925925,415.0,447.75,0.00467648371262829
232,MANDHANA,2014-02-18,2014-03-04,0.05555555555555554,233.25,233.0,-5.954507562224602e-05
233,PERSISTENT,2014-02-18,2014-03-04,0.05185185185185183,515.0,565.0,0.005034160373966198
234,FMGOETZE,2014-02-18,2014-03-04,0.04814814814814812,186.0,187.0,0.0002588610115491834
235,PGHL,2014-02-18,2014-03-04,0.04444444444444441,564.0,588.0,0.0018912529550827411
236,ECLERX,2014-02-18,2014-03-04,0.0407407407407407,612.50626566416,667.669172932331,0.0036691505532293178
237,SHRIRAMCIT,2014-03-04,2014-03-18,0.09259259259259262,965.0,999.75,0.0033342928420648636
238,PAGEIND,2014-03-04,2014-03-18,0.0888888888888889,6245.45,6600.0,0.005046162495185388
239,CYIENT,2014-03-04,2014-03-18,0.0851851851851852,370.05,331.95,-0.008770586557372133
240,435.0,2014-03-04,2014-03-18,0.08148148148148149,228.3,228.35,1.7845265326643387e-05
241,ZENSARTECH,2014-03-04,2014-03-18,0.07777777777777778,78.74,77.57,-0.0011557023114046245
242,DCMSHRIRAM,2014-03-04,2014-03-18,0.07407407407407408,70.0,76.1,0.00645502645502645
243,IPCALAB,2014-03-04,2014-03-18,0.07037037037037037,447.75,411.9,-0.005634344562317766
244,SHANTIGEAR,2014-03-04,2014-03-18,0.06666666666666667,62.25,63.9,0.0017670682730923678
245,ECLERX,2014-03-04,2014-03-18,0.06296296296296296,667.669172932331,578.997493734336,-0.008361973084195303
246,HEUBACHIND,2014-03-04,2014-03-18,0.05925925925925925,614.9,611.15,-0.0003613957102329195
247,PFIZER,2014-03-04,2014-03-18,0.05555555555555554,1135.0,1165.0,0.001468428781204111
248,BRFL,2014-03-04,2014-03-18,0.05185185185185183,199.95,194.5,-0.0014133162920359685
249,GRAPHITE,2014-03-04,2014-03-18,0.04814814814814812,80.1,81.9,0.0010819808572617624
250,KANSAINER,2014-03-04,2014-03-18,0.04444444444444441,68.0,67.53,-0.00030718954248365915
251,1695.0,2014-03-04,2014-03-18,0.0407407407407407,202.0,196.1,-0.0011899523285661899
252,CYIENT,2014-03-19,2014-04-02,0.09259259259259262,333.0,339.1,0.0016961405850294809
253,435.0,2014-03-19,2014-04-02,0.0888888888888889,228.55,225.1,-0.0013417924597097714
254,KSCL,2014-03-19,2014-04-02,0.0851851851851852,572.6,636.65,0.009528660690029877
255,DCMSHRIRAM,2014-03-19,2014-04-02,0.08148148148148149,77.7,93.25,0.01630678297344964
256,SHANTIGEAR,2014-03-19,2014-04-02,0.07777777777777778,63.2,71.35,0.010029887482419118
257,KANSAINER,2014-03-19,2014-04-02,0.07407407407407408,68.13,77.6,0.010296220189072091
258,IPCALAB,2014-03-19,2014-04-02,0.07037037037037037,410.475,417.475,0.0012000550401183815
259,SHRIRAMCIT,2014-03-19,2014-04-02,0.06666666666666667,999.8,1139.85,0.009338534373541372
260,GLAXO,2014-03-19,2014-04-02,0.06296296296296296,1337.5,1288.525,-0.0023055036344755927
261,PAGEIND,2014-03-19,2014-04-02,0.05555555555555554,6525.05,6400.0,-0.001064700227925032
262,HEUBACHIND,2014-03-19,2014-04-02,0.05185185185185183,614.0,659.95,0.003880443961877189
263,ECLERX,2014-03-19,2014-04-02,0.04814814814814812,567.443609022556,551.87969924812,-0.0013206130471268827
264,ELGIEQUIP,2014-03-19,2014-04-02,0.04444444444444441,53.0,51.0,-0.0016771488469601665
265,STAR,2014-03-19,2014-04-02,0.0407407407407407,181.45,193.0,0.002593307002235082
266,KSCL,2014-04-03,2014-04-17,0.09259259259259262,626.0,615.0,-0.0016270263874097746
267,435.0,2014-04-03,2014-04-17,0.0888888888888889,227.55,226.8,-0.0002929759027320003
268,ECLERX,2014-04-03,2014-04-17,0.0851851851851852,563.90977443609,619.699248120301,0.008427654320987745
269,CYIENT,2014-04-03,2014-04-17,0.08148148148148149,347.8,325.3,-0.0052712286754839945
270,PAGEIND,2014-04-03,2014-04-17,0.07777777777777778,6288.95,5651.1,-0.007888527584979292
271,DCMSHRIRAM,2014-04-03,2014-04-17,0.07407407407407408,92.9,87.85,-0.004026631583143972
272,ZENSARTECH,2014-04-03,2014-04-17,0.07037037037037037,77.6,74.44,-0.002865597556319203
273,SHANTIGEAR,2014-04-03,2014-04-17,0.06666666666666667,73.75,72.5,-0.0011299435028248588
274,IPCALAB,2014-04-03,2014-04-17,0.06296296296296296,426.5,392.025,-0.00508944466154314
275,HEUBACHIND,2014-04-03,2014-04-17,0.05925925925925925,653.95,694.95,0.0037153140601416455
276,ELGIEQUIP,2014-04-03,2014-04-17,0.05555555555555554,54.475,51.275,-0.003263474580592526
277,GLAXO,2014-04-03,2014-04-17,0.05185185185185183,1293.5,1251.5,-0.0016836318343856024
278,1208.0,2014-04-03,2014-04-17,0.04814814814814812,146.5,147.25,0.0002464922260144102
279,GILLETTE,2014-04-03,2014-04-17,0.04444444444444441,1965.0,1901.0,-0.0014475544246536603
280,SKFINDIA,2014-04-03,2014-04-17,0.0407407407407407,821.0,796.2,-0.0012306581855911906
281,ECLERX,2014-04-22,2014-05-06,0.09259259259259262,606.591478696742,624.06015037594,0.0026664891557673445
282,KSCL,2014-04-22,2014-05-06,0.0888888888888889,648.2,633.85,-0.0019678425725941956
283,435.0,2014-04-22,2014-05-06,0.0851851851851852,225.95,223.95,-0.0007540180144738677
284,HEUBACHIND,2014-04-22,2014-05-06,0.08148148148148149,691.05,708.05,0.0020044644890893355
285,SHANTIGEAR,2014-04-22,2014-05-06,0.07777777777777778,73.0,71.5,-0.0015981735159817352
286,ELGIEQUIP,2014-04-22,2014-05-06,0.07407407407407408,51.125,49.55,-0.002281988590057054
287,PAGEIND,2014-04-22,2014-05-06,0.07037037037037037,5800.0,5864.8,0.0007862068965517263
288,IPCALAB,2014-04-22,2014-05-06,0.06666666666666667,396.75,422.475,0.004322621298046632
289,1208.0,2014-04-22,2014-05-06,0.06296296296296296,147.1,134.8,-0.0052647480927562424
290,ZENSARTECH,2014-04-22,2014-05-06,0.05925925925925925,75.55,71.29,-0.00334142216339436
291,GLAXO,2014-04-22,2014-05-06,0.05555555555555554,1244.0,1205.575,-0.0017160146480886004
292,DCMSHRIRAM,2014-04-22,2014-05-06,0.05185185185185183,90.25,94.5,0.002441776957012413
293,JKIL,2014-04-22,2014-05-06,0.04814814814814812,95.0,105.0,0.005068226120857697
294,GILLETTE,2014-04-22,2014-05-06,0.04444444444444441,1900.1,1909.5,0.00021987146875310855
295,MINDTREE,2014-04-22,2014-05-06,0.0407407407407407,354.0,357.75,0.0004315756434400498
296,KSCL,2014-05-06,2014-05-20,0.09259259259259262,633.85,543.0,-0.013271337125561318
297,HEUBACHIND,2014-05-06,2014-05-20,0.0888888888888889,708.05,671.0,-0.004651272273615324
298,ECLERX,2014-05-06,2014-05-20,0.0851851851851852,624.06015037594,590.526315789474,-0.004577420794288242
299,GLAXO,2014-05-06,2014-05-20,0.08148148148148149,1205.575,1252.025,0.003139427090653687
300,IPCALAB,2014-05-06,2014-05-20,0.07777777777777778,422.475,367.5,-0.010120914452531713
301,ELGIEQUIP,2014-05-06,2014-05-20,0.07407407407407408,49.55,57.125,0.01132413947751991
302,JKIL,2014-05-06,2014-05-20,0.07037037037037037,105.0,109.85,0.0032504409171075803
303,435.0,2014-05-06,2014-05-20,0.06666666666666667,223.95,261.0,0.011029247599910698
304,BFUTILITIE,2014-05-06,2014-05-20,0.06296296296296296,575.0,731.4,0.01712592592592592
305,PAGEIND,2014-05-06,2014-05-20,0.05925925925925925,5864.8,5902.05,0.00037638238429399244
306,1208.0,2014-05-06,2014-05-20,0.05555555555555554,134.8,147.45,0.005213484998351455
307,STAR,2014-05-06,2014-05-20,0.05185185185185183,259.48,249.55,-0.00198431050134457
308,MANDHANA,2014-05-06,2014-05-20,0.04814814814814812,232.0,231.5,-0.00010376756066411233
309,CYIENT,2014-05-06,2014-05-20,0.04444444444444441,315.0,300.0,-0.002116402116402115
310,SHANTIGEAR,2014-05-06,2014-05-20,0.0407407407407407,71.5,77.0,0.003133903133903131
311,KSCL,2014-05-20,2014-06-03,0.09259259259259262,543.0,678.25,0.023062887933974496
312,GLENMARK,2014-05-20,2014-06-03,0.0888888888888889,510.4,540.0,0.00515499825844654
313,CYIENT,2014-05-20,2014-06-03,0.0851851851851852,300.0,307.0,0.0019876543209876546
314,IPCALAB,2014-05-20,2014-06-03,0.08148148148148149,367.5,398.5,0.006873267825648778
315,HEUBACHIND,2014-05-20,2014-06-03,0.07777777777777778,671.0,716.35,0.005256665010763374
316,COFORGE,2014-05-20,2014-06-03,0.07407407407407408,66.3,76.42,0.011306630914474059
317,ECLERX,2014-05-20,2014-06-03,0.07037037037037037,590.526315789474,566.416040100251,-0.002873113330629654
318,STAR,2014-05-20,2014-06-03,0.06666666666666667,249.55,253.55,0.0010685901288986842
319,MINDTREE,2014-05-20,2014-06-03,0.06296296296296296,333.0,387.0,0.01021021021021021
320,GLAXO,2014-05-20,2014-06-03,0.05925925925925925,1252.025,1230.825,-0.0010034115103902067
321,DRREDDY,2014-05-20,2014-06-03,0.05555555555555554,456.98,480.44,0.0028520577122266443
322,UNICHEMLAB,2014-05-20,2014-06-03,0.05185185185185183,194.8,196.1,0.00034603391892919146
323,MANDHANA,2014-05-20,2014-06-03,0.04814814814814812,231.5,235.5,0.0008319334453243736
324,LUPIN,2014-05-20,2014-06-03,0.04444444444444441,915.0,930.0,0.0007285974499089248
325,KANSAINER,2014-05-20,2014-06-03,0.0407407407407407,86.0,90.2,0.0019896640826873382
326,GLENMARK,2014-06-04,2014-06-18,0.09259259259259262,536.0,578.9,0.007410862354892203
327,IPCALAB,2014-06-04,2014-06-18,0.0888888888888889,402.2,422.575,0.004503011216089288
328,KSCL,2014-06-04,2014-06-18,0.0851851851851852,660.1,632.0,-0.0036262743579816782
329,DRREDDY,2014-06-04,2014-06-18,0.08148148148148149,466.4,482.37,0.002790006988120201
330,ECLERX,2014-06-04,2014-06-18,0.07777777777777778,606.491228070176,593.458646616541,-0.001671327097997734
331,CYIENT,2014-06-04,2014-06-18,0.07407407407407408,301.2,335.0,0.008312429295165022
332,GLAXO,2014-06-04,2014-06-18,0.07037037037037037,1219.0,1240.0,0.0012122869382918604
333,COFORGE,2014-06-04,2014-06-18,0.06666666666666667,78.0,89.3,0.009658119658119656
334,HEUBACHIND,2014-06-04,2014-06-18,0.06296296296296296,715.0,794.0,0.006956746956746957
335,MANGCHEFER,2014-06-04,2014-06-18,0.05925925925925925,71.55,74.35,0.002319020627895538
336,AUROPHARMA,2014-06-04,2014-06-18,0.05555555555555554,313.975,354.125,0.007104245737894906
337,MINDTREE,2014-06-04,2014-06-18,0.05185185185185183,390.0,408.75,0.0024928774928774915
338,MARICO,2014-06-04,2014-06-18,0.04814814814814812,122.325,121.5,-0.0003247269341689952
339,PAGEIND,2014-06-04,2014-06-18,0.04444444444444441,6345.0,5945.0,-0.0028018562297522087
340,LUPIN,2014-06-04,2014-06-18,0.0407407407407407,917.15,979.0,0.002747440238581272
341,GLOBOFFS,2014-06-19,2014-07-03,0.0888888888888889,338.0,395.0,0.014990138067061147
342,GLENMARK,2014-06-19,2014-07-03,0.0851851851851852,578.4,577.3,-0.0001620050202346225
343,DRREDDY,2014-06-19,2014-07-03,0.08148148148148149,484.4,532.58,0.008104413248921931
344,IPCALAB,2014-06-19,2014-07-03,0.07777777777777778,420.5,440.0,0.003606817281014665
345,KSCL,2014-06-19,2014-07-03,0.07407407407407408,652.0,783.7,0.014962508520790736
346,CYIENT,2014-06-19,2014-07-03,0.07037037037037037,334.25,356.05,0.004589600819967315
347,MINDTREE,2014-06-19,2014-07-03,0.06666666666666667,417.0,435.0,0.0028776978417266188
348,ECLERX,2014-06-19,2014-07-03,0.06296296296296296,591.428571428571,583.959899749373,-0.0007951081855650045
349,MANGCHEFER,2014-06-19,2014-07-03,0.05925925925925925,74.25,71.3,-0.002354408280334208
350,AUROPHARMA,2014-06-19,2014-07-03,0.05555555555555554,350.0,379.05,0.004611111111111111
351,PAGEIND,2014-06-19,2014-07-03,0.05185185185185183,6057.2,7211.95,0.0098850831945331
352,GLAXO,2014-06-19,2014-07-03,0.04814814814814812,1238.575,1267.5,0.001124425396270054
353,GESHIP,2014-06-19,2014-07-03,0.04444444444444441,369.05,368.0,-0.00012645079709163294
354,LUPIN,2014-06-19,2014-07-03,0.0407407407407407,1007.0,1075.0,0.002751112582294308
355,GLOBOFFS,2014-07-08,2014-07-22,0.09259259259259262,435.0,443.95,0.0019050659855257537
356,GLENMARK,2014-07-08,2014-07-22,0.0888888888888889,590.05,575.9,-0.002131646094022161
357,CYIENT,2014-07-08,2014-07-22,0.0851851851851852,346.0,358.0,0.002954399486191394
358,DRREDDY,2014-07-08,2014-07-22,0.08148148148148149,538.8,531.6,-0.001088839396189052
359,IPCALAB,2014-07-08,2014-07-22,0.07777777777777778,442.25,426.5,-0.0027699265121537593
360,MINDTREE,2014-07-08,2014-07-22,0.07407407407407408,436.75,450.5,0.0023320401110899108
361,PAGEIND,2014-07-08,2014-07-22,0.07037037037037037,7240.75,8099.9,0.00834978471894537
362,ECLERX,2014-07-08,2014-07-22,0.06666666666666667,606.516290726817,553.90977443609,-0.005782369146005539
363,KSCL,2014-07-08,2014-07-22,0.06296296296296296,816.0,836.9,0.0016126543209876525
364,MANGCHEFER,2014-07-08,2014-07-22,0.05925925925925925,72.0,72.05,4.115226337448325e-05
365,AUROPHARMA,2014-07-08,2014-07-22,0.05555555555555554,389.125,360.5,-0.0040868044401613296
366,GESHIP,2014-07-08,2014-07-22,0.05185185185185183,379.95,369.95,-0.001364701983204417
367,MARICO,2014-07-08,2014-07-22,0.04814814814814812,126.55,121.45,-0.0019403836867290015
368,GLAXO,2014-07-08,2014-07-22,0.04444444444444441,1281.0,1243.825,-0.001289790961922107
369,LUPIN,2014-07-08,2014-07-22,0.0407407407407407,1075.0,1082.5,0.0002842377260981909
370,GLOBOFFS,2014-07-22,2014-08-05,0.09259259259259262,443.95,525.0,0.01690422261432511
371,PAGEIND,2014-07-22,2014-08-05,0.0888888888888889,8099.9,7885.0,-0.002358328154942924
372,MINDTREE,2014-07-22,2014-08-05,0.0851851851851852,450.5,507.5,0.010778147737082255
373,DRREDDY,2014-07-22,2014-08-05,0.08148148148148149,531.6,555.0,0.003586656634060694
374,IPCALAB,2014-07-22,2014-08-05,0.07777777777777778,426.5,361.1,-0.011926533802266506
375,ECLERX,2014-07-22,2014-08-05,0.07407407407407408,553.90977443609,627.067669172932,0.009783368273934313
376,GLENMARK,2014-07-22,2014-08-05,0.07037037037037037,575.9,674.45,0.012042021184233384
377,PERSISTENT,2014-07-22,2014-08-05,0.06666666666666667,638.1,633.8,-0.00044925037872852407
378,MANGCHEFER,2014-07-22,2014-08-05,0.06296296296296296,72.05,71.95,-8.738787364741066e-05
379,GLAXO,2014-07-22,2014-08-05,0.05925925925925925,1243.825,1240.45,-0.00016079432396036417
380,COFORGE,2014-07-22,2014-08-05,0.05555555555555554,75.4,74.93,-0.0003463012083701729
381,CYIENT,2014-07-22,2014-08-05,0.05185185185185183,358.0,390.15,0.004656528036416299
382,ZYDUSLIFE,2014-07-22,2014-08-05,0.04814814814814812,218.7,219.6,0.00019814052735863552
383,WIPRO,2014-07-22,2014-08-05,0.04444444444444441,102.28,103.35,0.0004649545908834104
384,SUNPHARMA,2014-07-22,2014-08-05,0.0407407407407407,749.0,766.35,0.0009437274390545422
385,GLOBOFFS,2014-08-05,2014-08-19,0.09259259259259262,525.0,547.8,0.004021164021164015
386,PAGEIND,2014-08-05,2014-08-19,0.0888888888888889,7885.0,7640.0,-0.0027619248925526674
387,MINDTREE,2014-08-05,2014-08-19,0.0851851851851852,507.5,517.475,0.0016743295019157128
388,PERSISTENT,2014-08-05,2014-08-19,0.08148148148148149,633.8,609.675,-0.003101515842128023
389,GLENMARK,2014-08-05,2014-08-19,0.07777777777777778,674.45,726.0,0.005944761575275321
390,DRREDDY,2014-08-05,2014-08-19,0.07407407407407408,555.0,555.4,5.338672005338369e-05
391,ECLERX,2014-08-05,2014-08-19,0.07037037037037037,627.067669172932,640.676691729323,0.0015272226663113969
392,CYIENT,2014-08-05,2014-08-19,0.06666666666666667,390.15,412.8,0.003870306292451627
393,IPCALAB,2014-08-05,2014-08-19,0.06296296296296296,361.1,364.5,0.0005928387540129399
394,MARICO,2014-08-05,2014-08-19,0.05925925925925925,129.25,133.125,0.001776631563865606
395,COFORGE,2014-08-05,2014-08-19,0.05555555555555554,74.93,74.55,-0.00028174444296158604
396,MANGCHEFER,2014-08-05,2014-08-19,0.05185185185185183,71.95,69.5,-0.0017656294237253251
397,SUNPHARMA,2014-08-05,2014-08-19,0.04814814814814812,766.35,813.5,0.002962334684132815
398,VAIBHAVGBL,2014-08-05,2014-08-19,0.04444444444444441,169.0,171.4,0.000631163708086786
399,CARERATING,2014-08-05,2014-08-19,0.0407407407407407,1250.0,1293.7,0.0014242962962962966
400,GLOBOFFS,2014-08-20,2014-09-03,0.09259259259259262,531.35,479.85,-0.008974345569809956
401,PAGEIND,2014-08-20,2014-09-03,0.0888888888888889,7730.0,7506.0,-0.0025758229121747886
402,DRREDDY,2014-08-20,2014-09-03,0.0851851851851852,566.4,599.6,0.004993199414103377
403,PERSISTENT,2014-08-20,2014-09-03,0.08148148148148149,624.425,643.5,0.002489104791222746
404,GLENMARK,2014-08-20,2014-09-03,0.07777777777777778,728.0,739.9,0.001271367521367519
405,MINDTREE,2014-08-20,2014-09-03,0.07407407407407408,521.0,563.05,0.005978531314423823
406,COFORGE,2014-08-20,2014-09-03,0.07037037037037037,74.2,73.63,-0.0005405810122791325
407,MARICO,2014-08-20,2014-09-03,0.06666666666666667,132.125,136.5,0.002207505518763797
408,CYIENT,2014-08-20,2014-09-03,0.06296296296296296,420.0,450.0,0.004497354497354496
409,MANGCHEFER,2014-08-20,2014-09-03,0.05925925925925925,71.0,70.0,-0.000834637454355764
410,VAIBHAVGBL,2014-08-20,2014-09-03,0.05555555555555554,170.21,177.01,0.002219480511002742
411,IPCALAB,2014-08-20,2014-09-03,0.05185185185185183,367.5,381.5,0.001975308641975308
412,ZYDUSLIFE,2014-08-20,2014-09-03,0.04814814814814812,239.89,242.0,0.0004234965717311818
413,ECLERX,2014-08-20,2014-09-03,0.04444444444444441,638.095238095238,677.19298245614,0.0027232259753862133
414,TECHM,2014-08-20,2014-09-03,0.0407407407407407,442.02,481.2,0.00361119909104163
415,PAGEIND,2014-09-04,2014-09-18,0.09259259259259262,7480.0,7590.0,0.0013616557734204796
416,DRREDDY,2014-09-04,2014-09-18,0.0888888888888889,599.0,616.4,0.002582081246521978
417,PERSISTENT,2014-09-04,2014-09-18,0.0851851851851852,654.975,677.5,0.0029295718100634293
418,COFORGE,2014-09-04,2014-09-18,0.08148148148148149,73.03,76.01,0.003324863957480695
419,GLENMARK,2014-09-04,2014-09-18,0.07777777777777778,744.0,737.35,-0.000695191158900834
420,MARICO,2014-09-04,2014-09-18,0.07407407407407408,139.0,144.475,0.002917665867306152
421,MINDTREE,2014-09-04,2014-09-18,0.07037037037037037,572.45,573.325,0.00010756236190771958
422,MANGCHEFER,2014-09-04,2014-09-18,0.06666666666666667,70.75,72.1,0.001272084805653705
423,HINDUNILVR,2014-09-04,2014-09-18,0.06296296296296296,733.0,753.0,0.0017179526047193165
424,PEL,2014-09-04,2014-09-18,0.05925925925925925,398.7777777777777,435.55555555555554,0.005465259073506504
425,ZYDUSLIFE,2014-09-04,2014-09-18,0.05555555555555554,242.03,254.4,0.002839409255969187
426,SUNPHARMA,2014-09-04,2014-09-18,0.05185185185185183,864.65,808.0,-0.0033972213119845083
427,TCS,2014-09-04,2014-09-18,0.04814814814814812,1311.0,1295.85,-0.000556403085007207
428,VAIBHAVGBL,2014-09-04,2014-09-18,0.04444444444444441,176.01,173.8,-0.0005580491007455329
429,LUPIN,2014-09-04,2014-09-18,0.0407407407407407,1315.0,1375.5,0.0018743838895930133
430,PAGEIND,2014-09-19,2014-10-07,0.09259259259259262,7600.0,7984.0,0.004678362573099416
431,DRREDDY,2014-09-19,2014-10-07,0.0888888888888889,640.4,642.02,0.00022485946283572834
432,PERSISTENT,2014-09-19,2014-10-07,0.0851851851851852,706.0,750.0,0.005308991711258
433,MARICO,2014-09-19,2014-10-07,0.08148148148148149,146.425,156.475,0.005592548327736981
434,PEL,2014-09-19,2014-10-07,0.07777777777777778,437.22222222222223,416.72222222222223,-0.0036467598475222367
435,MANGCHEFER,2014-09-19,2014-10-07,0.07407407407407408,72.5,101.05,0.029169859514687098
436,COFORGE,2014-09-19,2014-10-07,0.07037037037037037,81.0,82.9,0.001650663008687705
437,HINDUNILVR,2014-09-19,2014-10-07,0.06666666666666667,750.8,733.4,-0.0015450186467767693
438,SUNPHARMA,2014-09-19,2014-10-07,0.06296296296296296,807.9,857.15,0.0038382546428096615
439,GLENMARK,2014-09-19,2014-10-07,0.05925925925925925,746.0,692.0,-0.004289544235924932
440,VAIBHAVGBL,2014-09-19,2014-10-07,0.05555555555555554,172.07,172.0,-2.2600621194214615e-05
441,MINDTREE,2014-09-19,2014-10-07,0.05185185185185183,601.0,570.525,-0.002629259875516116
442,EMAMILTD,2014-09-19,2014-10-07,0.04814814814814812,355.0,343.05,-0.0016207616066770973
443,ZYDUSLIFE,2014-09-19,2014-10-07,0.04444444444444441,261.0,261.94,0.00016006811409110207
444,UNITDSPR,2014-09-19,2014-10-07,0.0407407407407407,479.6,469.0,-0.0009004417261298006
445,PAGEIND,2014-10-08,2014-10-22,0.09259259259259262,7903.0,8800.0,0.01050937056251494
446,DRREDDY,2014-10-08,2014-10-22,0.0888888888888889,623.0,599.4,-0.0033672195469948317
447,PERSISTENT,2014-10-08,2014-10-22,0.0851851851851852,732.5,662.5,-0.00814056377196309
448,PEL,2014-10-08,2014-10-22,0.08148148148148149,408.88888888888886,380.8333333333333,-0.005590780998389692
449,MARICO,2014-10-08,2014-10-22,0.07777777777777778,152.975,150.025,-0.0014998819705471062
450,HINDUNILVR,2014-10-08,2014-10-22,0.07407407407407408,732.05,753.9,0.00221093985181138
451,SANOFI,2014-10-08,2014-10-22,0.07037037037037037,2166.67,2223.3,0.0018392621276309183
452,GLAXO,2014-10-08,2014-10-22,0.06666666666666667,1450.0,1364.2,-0.003944827586206894
453,TECHM,2014-10-08,2014-10-22,0.06296296296296296,502.8,469.95,-0.004113630336780697
454,ITC,2014-10-08,2014-10-22,0.05925925925925925,242.0,234.966666666667,-0.0017222732374246683
455,HCLTECH,2014-10-08,2014-10-22,0.05555555555555554,431.275,380.075,-0.006595430860690842
456,ZYDUSLIFE,2014-10-08,2014-10-22,0.05185185185185183,269.6,272.4,0.0005385207165622505
457,EMAMILTD,2014-10-08,2014-10-22,0.04444444444444441,342.875,379.25,0.004715032203183858
458,MINDTREE,2014-10-08,2014-10-22,0.0407407407407407,553.0,517.5,-0.0026153640077690686
459,PAGEIND,2014-10-21,2014-11-05,0.09259259259259262,8880.0,8998.7,0.001237696029362704
460,DRREDDY,2014-10-21,2014-11-05,0.0888888888888889,593.2,639.98,0.007009814939686818
461,PERSISTENT,2014-10-21,2014-11-05,0.0851851851851852,648.475,664.0,0.0020394001310767543
462,MARICO,2014-10-21,2014-11-05,0.08148148148148149,150.0,154.2,0.0022814814814814755
463,HINDUNILVR,2014-10-21,2014-11-05,0.07777777777777778,738.5,739.0,5.2659294365455505e-05
464,INFY,2014-10-21,2014-11-05,0.07407407407407408,481.2375,510.625,0.0045234460154328195
465,ITC,2014-10-21,2014-11-05,0.07037037037037037,234.733333333333,237.133333333333,0.0007194925683991319
466,SUNPHARMA,2014-10-21,2014-11-05,0.06666666666666667,800.25,858.5,0.004852650213474956
467,PEL,2014-10-21,2014-11-05,0.06296296296296296,384.44444444444446,442.38888888888886,0.009489937914793398
468,EMAMILTD,2014-10-21,2014-11-05,0.05925925925925925,367.675,399.0,0.005048742221517088
469,GLAXO,2014-10-21,2014-11-05,0.05555555555555554,1349.0,1375.0,0.0010707519973643025
470,TCS,2014-10-21,2014-11-05,0.05185185185185183,1212.925,1319.0,0.004534645740820896
471,SUNTECK,2014-10-21,2014-11-05,0.04814814814814812,152.525,150.0,-0.0007970763748505116
472,MINDTREE,2014-10-21,2014-11-05,0.04444444444444441,496.4,534.475,0.0034089891664428346
473,HCLTECH,2014-10-21,2014-11-05,0.0407407407407407,374.25,392.75,0.002013904351913702
474,PAGEIND,2014-11-05,2014-11-18,0.09259259259259262,8998.7,9631.9,0.006515344397482918
475,DRREDDY,2014-11-05,2014-11-18,0.0888888888888889,639.98,690.0,0.006947439329701275
476,PERSISTENT,2014-11-05,2014-11-18,0.0851851851851852,664.0,645.0,-0.0024375278893351187
477,MARICO,2014-11-05,2014-11-18,0.08148148148148149,154.2,166.0,0.006235288466157475
478,ITC,2014-11-05,2014-11-18,0.07777777777777778,237.133333333333,246.166666666667,0.002962858838597038
479,HINDUNILVR,2014-11-05,2014-11-18,0.07407407407407408,739.0,755.2,0.0016238159675236853
480,INFY,2014-11-05,2014-11-18,0.07037037037037037,510.625,528.125,0.0024117140396210167
481,PEL,2014-11-05,2014-11-18,0.06666666666666667,442.38888888888886,455.63888888888886,0.001996734898907447
482,SUNPHARMA,2014-11-05,2014-11-18,0.06296296296296296,858.5,882.9,0.0017895122845617876
483,SONATSOFTW,2014-11-05,2014-11-18,0.05925925925925925,52.29,53.59,0.0014732651948180775
484,SANOFI,2014-11-05,2014-11-18,0.05555555555555554,2240.0,2309.07,0.0017130456349206385
485,GLAXO,2014-11-05,2014-11-18,0.05185185185185183,1375.0,1420.5,0.0017158249158249152
486,EMAMILTD,2014-11-05,2014-11-18,0.04814814814814812,399.0,399.0,0.0
487,TCS,2014-11-05,2014-11-18,0.04444444444444441,1319.0,1310.0,-0.00030326004548900657
488,SUNTECK,2014-11-05,2014-11-18,0.0407407407407407,150.0,150.5,0.00013580246913580233
489,PAGEIND,2014-11-19,2014-12-03,0.09259259259259262,9635.0,9700.05,0.0006251321378461943
490,SUNTECK,2014-11-19,2014-12-03,0.0888888888888889,148.5,146.85,-0.0009876543209876578
491,ITC,2014-11-19,2014-12-03,0.0851851851851852,246.833333333333,244.0,-0.000977817790781891
492,PERSISTENT,2014-11-19,2014-12-03,0.08148148148148149,641.3,802.0,0.020418016644431748
493,HINDUNILVR,2014-11-19,2014-12-03,0.07777777777777778,754.4,807.4,0.005464239425002946
494,INFY,2014-11-19,2014-12-03,0.07407407407407408,522.5,525.375,0.00040758461811093397
495,MARICO,2014-11-19,2014-12-03,0.07037037037037037,165.45,166.625,0.000499759354398223
496,PEL,2014-11-19,2014-12-03,0.06666666666666667,454.27777777777777,445.0277777777777,-0.0013574660633484247
497,435.0,2014-11-19,2014-12-03,0.06296296296296296,217.1,216.6,-0.00014500912704505517
498,GLAXO,2014-11-19,2014-12-03,0.05925925925925925,1429.475,1576.0,0.00607423212225675
499,DRREDDY,2014-11-19,2014-12-03,0.05555555555555554,690.0,715.4,0.0020450885668276946
500,SANOFI,2014-11-19,2014-12-03,0.05185185185185183,2306.7,2385.33,0.0017675081766641157
501,HCLTECH,2014-11-19,2014-12-03,0.04814814814814812,400.0125,414.375,0.0017287654205250535
502,SUNDARMFIN,2014-11-19,2014-12-03,0.04444444444444441,1270.0,1295.0,0.0008748906386701656
503,VAIBHAVGBL,2014-11-19,2014-12-03,0.0407407407407407,136.4,131.2,-0.0015531660692951052
504,PAGEIND,2014-12-04,2014-12-18,0.09259259259259262,10020.0,10485.0,0.004296961632290974
505,HINDUNILVR,2014-12-04,2014-12-18,0.0888888888888889,816.5,767.2,-0.00536708171735728
506,INFY,2014-12-04,2014-12-18,0.0851851851851852,527.5,488.5,-0.006298051606108479
507,PEL,2014-12-04,2014-12-18,0.08148148148148149,461.1111111111111,430.0,-0.005497545738509591
508,435.0,2014-12-04,2014-12-18,0.07777777777777778,225.0,212.1,-0.004459259259259262
509,AGI,2014-12-04,2014-12-18,0.07407407407407408,91.2875,88.475,-0.002282167145921768
510,SUNTECK,2014-12-04,2014-12-18,0.07037037037037037,145.525,139.225,-0.0030464410467846356
511,MAHLIFE,2014-12-04,2014-12-18,0.06666666666666667,169.166666666667,149.933333333333,-0.007579638752052794
512,GLAXO,2014-12-04,2014-12-18,0.06296296296296296,1607.5,1450.0,-0.0061689994815966815
513,MARICO,2014-12-04,2014-12-18,0.05925925925925925,164.5,161.35,-0.0011347517730496473
514,DRREDDY,2014-12-04,2014-12-18,0.05555555555555554,704.2,640.0,-0.005064849001230713
515,ITC,2014-12-04,2014-12-18,0.05185185185185183,248.7,252.333333333333,0.0007575193475206208
516,ECLERX,2014-12-04,2014-12-18,0.04814814814814812,627.619047619048,603.508771929825,-0.001849633356701479
517,SUNDARMFIN,2014-12-04,2014-12-18,0.04444444444444441,1307.0,1253.0,-0.0018362662586074966
518,PERSISTENT,2014-12-04,2014-12-18,0.0407407407407407,783.0,750.025,-0.0017157419232770442
519,435.0,2014-12-23,2015-01-06,0.09259259259259262,213.0,221.5,0.003695009563554165
520,SUNTECK,2014-12-23,2015-01-06,0.0888888888888889,144.675,141.725,-0.0018124915999462505
521,HINDUNILVR,2014-12-23,2015-01-06,0.0851851851851852,769.0,767.0,-0.00022154794586524108
522,1133.0,2014-12-23,2015-01-06,0.08148148148148149,51.3,49.0,-0.0036531658364017
523,INDUSTOWER,2014-12-23,2015-01-06,0.07777777777777778,337.55,342.0,0.0010253624977369581
524,INFY,2014-12-23,2015-01-06,0.07407407407407408,500.2125,495.0,-0.0007718941672011585
525,SUNDARMFIN,2014-12-23,2015-01-06,0.07037037037037037,1264.75,1293.0,0.0015718228606151122
526,PAGEIND,2014-12-23,2015-01-06,0.06666666666666667,11900.0,12100.0,0.0011204481792717088
527,HCLTECH,2014-12-23,2015-01-06,0.06296296296296296,394.625,393.5,-0.00017949530144652096
528,MARICO,2014-12-23,2015-01-06,0.05925925925925925,164.45,161.55,-0.0010450097406619063
529,1208.0,2014-12-23,2015-01-06,0.05555555555555554,112.2,117.55,0.0026490394137452925
530,ZYDUSWELL,2014-12-23,2015-01-06,0.05185185185185183,783.05,806.45,0.001549496626439356
531,AGI,2014-12-23,2015-01-06,0.04814814814814812,91.5,97.525,0.0031704108480064773
532,ITC,2014-12-23,2015-01-06,0.04444444444444441,249.3,245.766666666667,-0.0006299119014722139
533,SANOFI,2014-12-23,2015-01-06,0.0407407407407407,2254.97,2399.33,0.0026081647797236034
534,435.0,2015-01-06,2015-01-20,0.09259259259259262,221.5,214.95,-0.0027380653791489063
535,SUNTECK,2015-01-06,2015-01-20,0.0888888888888889,141.725,109.0,-0.02052488191136983
536,HINDUNILVR,2015-01-06,2015-01-20,0.0851851851851852,767.0,889.9,0.01364962093775653
537,ZYDUSWELL,2015-01-06,2015-01-20,0.08148148148148149,806.45,829.0,0.0022783897419646646
538,SANOFI,2015-01-06,2015-01-20,0.07777777777777778,2399.33,2272.4,-0.004114620887219899
539,SWANENERGY,2015-01-06,2015-01-20,0.07407407407407408,56.55,56.85,0.00039296591020729517
540,INDUSTOWER,2015-01-06,2015-01-20,0.07037037037037037,342.0,340.25,-0.000360082304526749
541,SUNDARMFIN,2015-01-06,2015-01-20,0.06666666666666667,1293.0,1485.0,0.009899458623356536
542,HCLTECH,2015-01-06,2015-01-20,0.06296296296296296,393.5,415.625,0.0035401665960751094
543,MANDHANA,2015-01-06,2015-01-20,0.05925925925925925,305.0,280.8,-0.004701882210078928
544,VAKRANGEE,2015-01-06,2015-01-20,0.05555555555555554,63.0,63.575,0.0005070546737213428
545,GLAXO,2015-01-06,2015-01-20,0.05185185185185183,1567.5,1580.0,0.00041349164156181684
546,ITC,2015-01-06,2015-01-20,0.04814814814814812,245.766666666667,239.4,-0.001247293679139664
547,INFY,2015-01-06,2015-01-20,0.04444444444444441,495.0,526.75,0.002850729517396182
548,MARICO,2015-01-06,2015-01-20,0.0407407407407407,161.55,180.0,0.004652842257299074
549,SWANENERGY,2015-01-20,2015-02-03,0.09259259259259262,56.85,55.5,-0.002198768689533864
550,HINDUNILVR,2015-01-20,2015-02-03,0.0888888888888889,889.9,910.2,0.0020276934986452983
551,SANOFI,2015-01-20,2015-02-03,0.0851851851851852,2272.4,2259.33,-0.0004899535162693119
552,INDUSTOWER,2015-01-20,2015-02-03,0.08148148148148149,340.25,367.0,0.006405965112798323
553,1133.0,2015-01-20,2015-02-03,0.07777777777777778,53.1,50.3,-0.004101276417660605
554,MARICO,2015-01-20,2015-02-03,0.07407407407407408,180.0,179.6,-0.00016460905349794476
555,GLAXO,2015-01-20,2015-02-03,0.07037037037037037,1580.0,1692.5,0.0050105485232067514
556,SUNTECK,2015-01-20,2015-02-03,0.06666666666666667,109.0,128.275,0.011788990825688076
557,435.0,2015-01-20,2015-02-03,0.06296296296296296,214.95,220.5,0.0016257010674317056
558,SWARAJENG,2015-01-20,2015-02-03,0.05925925925925925,965.3,865.0,-0.006157364242933492
559,PGHH,2015-01-20,2015-02-03,0.05555555555555554,6102.55,6338.1,0.002144367700569617
560,ZYDUSWELL,2015-01-20,2015-02-03,0.05185185185185183,829.0,825.0,-0.0002501898762453647
561,1208.0,2015-01-20,2015-02-03,0.04814814814814812,118.7,119.35,0.00026365877250459876
562,INFY,2015-01-20,2015-02-03,0.04444444444444441,526.75,534.2125,0.000629647207720295
563,BHARTIARTL,2015-01-20,2015-02-03,0.0407407407407407,350.45,360.15,0.0011276506924958892
564,SWANENERGY,2015-02-04,2015-02-18,0.09259259259259262,55.5,55.5,0.0
565,SANOFI,2015-02-04,2015-02-18,0.0888888888888889,2297.33,2286.7,-0.00041129872020515066
566,HINDUNILVR,2015-02-04,2015-02-18,0.0851851851851852,910.9,902.0,-0.0008323066726843192
567,HCLTECH,2015-02-04,2015-02-18,0.08148148148148149,475.0,497.8875,0.0039261208576998035
568,INDUSTOWER,2015-02-04,2015-02-18,0.07777777777777778,382.4,364.1,-0.003722105997210591
569,MARICO,2015-02-04,2015-02-18,0.07407407407407408,176.25,177.425,0.0004938271604938319
570,435.0,2015-02-04,2015-02-18,0.07037037037037037,216.0,218.3,0.0007493141289437623
571,SUNTECK,2015-02-04,2015-02-18,0.06666666666666667,131.975,140.5,0.004306371156153315
572,ZYDUSWELL,2015-02-04,2015-02-18,0.06296296296296296,818.8,873.9,0.004237004469051369
573,INFY,2015-02-04,2015-02-18,0.05925925925925925,534.975,572.6375,0.00417188065209001
574,AGI,2015-02-04,2015-02-18,0.05555555555555554,102.0,103.5,0.0008169934640522874
575,GLAXO,2015-02-04,2015-02-18,0.05185185185185183,1671.025,1638.0,-0.0010247646847937112
576,BRFL,2015-02-04,2015-02-18,0.04814814814814812,128.5,125.25,-0.0012177547197002442
577,COROMANDEL,2015-02-04,2015-02-18,0.04444444444444441,274.5,287.75,0.002145314713620723
578,PGHH,2015-02-04,2015-02-18,0.0407407407407407,6278.45,7000.1,0.004682772906617963
579,SWANENERGY,2015-02-19,2015-03-05,0.09259259259259262,55.5,55.5,0.0
580,SONATSOFTW,2015-02-19,2015-03-05,0.0888888888888889,54.44,56.2,0.002873703975834771
581,SANOFI,2015-02-19,2015-03-05,0.0851851851851852,2345.97,2251.63,-0.0034256066234309673
582,INDUSTOWER,2015-02-19,2015-03-05,0.08148148148148149,375.7,357.65,-0.003914667928508762
583,ZYDUSWELL,2015-02-19,2015-03-05,0.07777777777777778,857.0,913.0,0.005082328536237522
584,HINDUNILVR,2015-02-19,2015-03-05,0.07407407407407408,919.95,913.45,-0.0005233778808429605
585,HCLTECH,2015-02-19,2015-03-05,0.07037037037037037,507.5,509.0,0.00020799124247400112
586,MARICO,2015-02-19,2015-03-05,0.06666666666666667,179.95,191.25,0.004186348059646202
587,JAGRAN,2015-02-19,2015-03-05,0.06296296296296296,139.75,131.0,-0.0039422248724574295
588,HATHWAY,2015-02-19,2015-03-05,0.05925925925925925,62.1,54.25,-0.007490904753384624
589,INFY,2015-02-19,2015-03-05,0.05555555555555554,573.5,566.7625,-0.0006526687978300835
590,1208.0,2015-02-19,2015-03-05,0.05185185185185183,111.6,119.0,0.003438205230319927
591,VAKRANGEE,2015-02-19,2015-03-05,0.04814814814814812,61.8,61.05,-0.0005843221862639336
592,CASTROLIND,2015-02-19,2015-03-05,0.04444444444444441,241.025,250.0,0.0016549689405202296
593,BRFL,2015-02-19,2015-03-05,0.0407407407407407,123.0,130.1,0.0023517012947907217
594,SWANENERGY,2015-03-10,2015-03-24,0.09259259259259262,58.0,58.7,0.0011174968071519843
595,VSTIND,2015-03-10,2015-03-24,0.0888888888888889,169.9,154.8,-0.007900071937741154
596,INDUSTOWER,2015-03-10,2015-03-24,0.0851851851851852,370.05,386.0,0.0036716759997397724
597,ZYDUSWELL,2015-03-10,2015-03-24,0.08148148148148149,922.0,1065.0,0.012637583353418495
598,CASTROLIND,2015-03-10,2015-03-24,0.07777777777777778,247.5,237.7,-0.003079685746352417
599,HINDUNILVR,2015-03-10,2015-03-24,0.07407407407407408,978.3,896.2,-0.006216376859328913
600,BRFL,2015-03-10,2015-03-24,0.07037037037037037,128.05,114.0,-0.007721231579099605
601,COROMANDEL,2015-03-10,2015-03-24,0.06666666666666667,284.0,271.0,-0.003051643192488263
602,MAHSCOOTER,2015-03-10,2015-03-24,0.06296296296296296,824.65,878.0,0.004073333018946311
603,SANOFI,2015-03-10,2015-03-24,0.05925925925925925,2246.7,2199.3,-0.0012502287305331673
604,JAGRAN,2015-03-10,2015-03-24,0.05555555555555554,130.5,130.3,-8.51426138782412e-05
605,MARICO,2015-03-10,2015-03-24,0.05185185185185183,192.55,186.85,-0.0015349548457832059
606,MANGCHEFER,2015-03-10,2015-03-24,0.04814814814814812,84.05,86.1,0.001174345076784099
607,1208.0,2015-03-10,2015-03-24,0.04444444444444441,118.0,115.0,-0.001129943502824858
608,HCLTECH,2015-03-10,2015-03-24,0.0407407407407407,513.75,484.5,-0.002319545823195456
609,INDUSTOWER,2015-03-24,2015-04-07,0.09259259259259262,386.0,380.0,-0.0014392630972941858
610,1208.0,2015-03-24,2015-04-07,0.0888888888888889,115.0,112.1,-0.0022415458937198114
611,SWANENERGY,2015-03-24,2015-04-07,0.0851851851851852,58.7,63.2,0.006530380465644521
612,VSTIND,2015-03-24,2015-04-07,0.08148148148148149,154.8,155.99,0.0006263757297349016
613,MAHSCOOTER,2015-03-24,2015-04-07,0.07777777777777778,878.0,868.0,-0.000885851683118198
614,MANGCHEFER,2015-03-24,2015-04-07,0.07407407407407408,86.1,89.0,0.002494945584376484
615,COROMANDEL,2015-03-24,2015-04-07,0.07037037037037037,271.0,268.0,-0.0007790077900779009
616,ZYDUSWELL,2015-03-24,2015-04-07,0.06666666666666667,1065.0,1033.5,-0.001971830985915493
617,GLAXO,2015-03-24,2015-04-07,0.06296296296296296,1624.975,1693.0,0.002635767045988745
618,BRFL,2015-03-24,2015-04-07,0.05925925925925925,114.0,148.05,0.01769980506822612
619,GSKCONS,2015-03-24,2015-04-07,0.05555555555555554,6200.0,6275.7,0.0006783154121863781
620,HINDUNILVR,2015-03-24,2015-04-07,0.05185185185185183,896.2,911.35,0.0008765404547596005
621,MPHASIS,2015-03-24,2015-04-07,0.04814814814814812,387.0,390.1,0.0003856828404632048
622,NAVNETEDUL,2015-03-24,2015-04-07,0.04444444444444441,103.0,104.1,0.00047464940668823886
623,DCMSHRIRAM,2015-03-24,2015-04-07,0.0407407407407407,111.55,127.9,0.0059714129189700664
624,MANGCHEFER,2015-04-07,2015-04-21,0.09259259259259262,89.0,88.0,-0.001040366208905535
625,SWANENERGY,2015-04-07,2015-04-21,0.0888888888888889,63.2,60.0,-0.004500703234880455
626,VSTIND,2015-04-07,2015-04-21,0.0851851851851852,155.99,158.2,0.0012068674867572122
627,COROMANDEL,2015-04-07,2015-04-21,0.08148148148148149,268.0,257.4,-0.003222775013819797
628,MARICO,2015-04-07,2015-04-21,0.07777777777777778,193.0,197.2,0.0016925734024179574
629,INDUSTOWER,2015-04-07,2015-04-21,0.07407407407407408,380.0,373.6,-0.0012475633528265064
630,GSKCONS,2015-04-07,2015-04-21,0.07037037037037037,6275.7,6320.0,0.0004967425796974712
631,ZYDUSWELL,2015-04-07,2015-04-21,0.06666666666666667,1033.5,945.55,-0.005673278503467185
632,MPHASIS,2015-04-07,2015-04-21,0.06296296296296296,390.1,389.3,-0.00012912168769641395
633,BRFL,2015-04-07,2015-04-21,0.05925925925925925,148.05,136.5,-0.004623062779091151
634,HTMEDIA,2015-04-07,2015-04-21,0.05555555555555554,120.15,114.7,-0.0025199981504600735
635,MAHSCOOTER,2015-04-07,2015-04-21,0.05185185185185183,868.0,894.5,0.001583034647550776
636,GLAXO,2015-04-07,2015-04-21,0.04814814814814812,1693.0,1604.975,-0.00250339086871869
637,HCLTECH,2015-04-07,2015-04-21,0.04444444444444441,469.9,420.4,-0.004681847201532237
638,IPCALAB,2015-04-07,2015-04-21,0.0407407407407407,322.95,321.85,-0.00013876703766779188
639,SWANENERGY,2015-04-22,2015-05-06,0.09259259259259262,59.3,60.8,0.0023421397789020054
640,HTMEDIA,2015-04-22,2015-05-06,0.0888888888888889,112.0,107.0,-0.003968253968253969
641,MPHASIS,2015-04-22,2015-05-06,0.0851851851851852,396.0,392.0,-0.0008604564160119717
642,GSKCONS,2015-04-22,2015-05-06,0.08148148148148149,6385.0,6370.0,-0.0001914208648742713
643,COROMANDEL,2015-04-22,2015-05-06,0.07777777777777778,256.0,236.0,-0.006076388888888889
644,HEUBACHIND,2015-04-22,2015-05-06,0.07407407407407408,995.0,834.15,-0.011974688256095295
645,INDUSTOWER,2015-04-22,2015-05-06,0.07037037037037037,370.95,392.0,0.003993250562869113
646,COFORGE,2015-04-22,2015-05-06,0.06666666666666667,73.61,76.02,0.0021826744554634754
647,GSPL,2015-04-22,2015-05-06,0.06296296296296296,121.25,120.45,-0.0004154257350133623
648,IPCALAB,2015-04-22,2015-05-06,0.05925925925925925,325.0,322.0,-0.0005470085470085469
649,SANOFI,2015-04-22,2015-05-06,0.05555555555555554,2152.23,2213.33,0.001577175508400328
650,CONCOR,2015-04-22,2015-05-06,0.05185185185185183,822.475,882.5,0.0037841969754793823
651,GLAXO,2015-04-22,2015-05-06,0.04814814814814812,1603.125,1617.5,0.00043173778066565567
652,ZYDUSWELL,2015-04-22,2015-05-06,0.04444444444444441,960.0,995.8,0.0016574074074074039
653,PHOENIXLTD,2015-04-22,2015-05-06,0.0407407407407407,186.5,182.35,-0.0009065633998609874
654,SWANENERGY,2015-05-07,2015-05-21,0.09259259259259262,60.3,64.2,0.005988575640316944
655,INDUSTOWER,2015-05-07,2015-05-21,0.0888888888888889,378.55,445.55,0.015732546705998034
656,HTMEDIA,2015-05-07,2015-05-21,0.0851851851851852,104.0,96.75,-0.0059383903133903146
657,GSKCONS,2015-05-07,2015-05-21,0.08148148148148149,6367.0,6382.95,0.00020411962142761344
658,MPHASIS,2015-05-07,2015-05-21,0.07777777777777778,389.0,376.0,-0.0025992573550414166
659,COROMANDEL,2015-05-07,2015-05-21,0.07407407407407408,229.5,243.25,0.004437989187444526
660,SANOFI,2015-05-07,2015-05-21,0.07037037037037037,2210.03,2127.43,-0.0026300966921682595
661,HEUBACHIND,2015-05-07,2015-05-21,0.06666666666666667,844.75,824.65,-0.0015862681266646953
662,PHOENIXLTD,2015-05-07,2015-05-21,0.06296296296296296,182.5,182.63,4.485032978183506e-05
663,COFORGE,2015-05-07,2015-05-21,0.05925925925925925,76.0,77.4,0.001091617933723201
664,VIDEOIND,2015-05-07,2015-05-21,0.05555555555555554,148.0,148.95,0.0003566066066066022
665,KKCL,2015-05-07,2015-05-21,0.05185185185185183,430.4,436.0,0.0006746523475148036
666,MARICO,2015-05-07,2015-05-21,0.04814814814814812,188.5,206.975,0.004719029374201784
667,IPCALAB,2015-05-07,2015-05-21,0.04444444444444441,315.0,335.0,0.002821869488536153
668,SUPPETRO,2015-05-07,2015-05-21,0.0407407407407407,69.0,69.65,0.00038378958668814045
669,HTMEDIA,2015-05-26,2015-06-09,0.09259259259259262,96.55,96.5,-4.795059171029899e-05
670,GSKCONS,2015-05-26,2015-06-09,0.0888888888888889,6324.0,6071.0,-0.0035561177876168395
671,MPHASIS,2015-05-26,2015-06-09,0.0851851851851852,377.8,368.45,-0.0021082093210203377
672,PHOENIXLTD,2015-05-26,2015-06-09,0.08148148148148149,177.97,176.0,-0.0009019414424819827
673,HEUBACHIND,2015-05-26,2015-06-09,0.07777777777777778,813.9,835.0,0.0020163547255327595
674,KKCL,2015-05-26,2015-06-09,0.07407407407407408,440.08,440.0,-1.3465565183431986e-05
675,SANOFI,2015-05-26,2015-06-09,0.07037037037037037,2175.83,2164.67,-0.0003609350607967181
676,VIDEOIND,2015-05-26,2015-06-09,0.06666666666666667,148.1,146.55,-0.0006977267611973815
677,SWANENERGY,2015-05-26,2015-06-09,0.06296296296296296,64.0,64.0,0.0
678,INDUSTOWER,2015-05-26,2015-06-09,0.05925925925925925,448.8,453.3,0.0005941770647652999
679,COROMANDEL,2015-05-26,2015-06-09,0.05555555555555554,232.75,238.9,0.0014679556032939501
680,SUPPETRO,2015-05-26,2015-06-09,0.05185185185185183,73.75,75.05,0.0009139987445072168
681,IPCALAB,2015-05-26,2015-06-09,0.04814814814814812,333.5,322.0,-0.0016602809706257973
682,CUB,2015-05-26,2015-06-09,0.04444444444444441,103.0,100.5,-0.0010787486515641846
683,ELGIEQUIP,2015-05-26,2015-06-09,0.0407407407407407,66.5,63.0,-0.0021442495126705635
684,GSKCONS,2015-06-09,2015-06-23,0.09259259259259262,6071.0,6018.1,-0.0008068107639842062
685,HEUBACHIND,2015-06-09,2015-06-23,0.0888888888888889,835.0,878.9,0.004673320026613439
686,HTMEDIA,2015-06-09,2015-06-23,0.0851851851851852,96.5,97.0,0.00044137401650355023
687,KKCL,2015-06-09,2015-06-23,0.08148148148148149,440.0,446.01,0.0011129629629629612
688,MPHASIS,2015-06-09,2015-06-23,0.07777777777777778,368.45,399.0,0.006448937742193275
689,PHOENIXLTD,2015-06-09,2015-06-23,0.07407407407407408,176.0,190.03,0.005904882154882157
690,SWANENERGY,2015-06-09,2015-06-23,0.07037037037037037,64.0,61.0,-0.0032986111111111115
691,SANOFI,2015-06-09,2015-06-23,0.06666666666666667,2164.67,2264.77,0.003082840956512229
692,VIDEOIND,2015-06-09,2015-06-23,0.06296296296296296,146.55,143.55,-0.0012889040524659767
693,COROMANDEL,2015-06-09,2015-06-23,0.05925925925925925,238.9,248.0,0.0022572593522781864
694,GSPL,2015-06-09,2015-06-23,0.05555555555555554,116.9,116.5,-0.00019009599847923464
695,GLAXO,2015-06-09,2015-06-23,0.05185185185185183,1572.5,1649.5,0.002539009597833126
696,CUB,2015-06-09,2015-06-23,0.04814814814814812,100.5,103.0,0.001197715128063386
697,CARBORUNIV,2015-06-09,2015-06-23,0.04444444444444441,159.5,165.0,0.001532567049808428
698,COFORGE,2015-06-09,2015-06-23,0.0407407407407407,76.9,80.62,0.001970813466262098
699,GSKCONS,2015-06-23,2015-07-07,0.09259259259259262,6018.1,6304.9,0.004412614538734067
700,KKCL,2015-06-23,2015-07-07,0.0888888888888889,446.01,410.39,-0.007098993794359371
701,MPHASIS,2015-06-23,2015-07-07,0.0851851851851852,399.0,411.0,0.002561960456697299
702,HEUBACHIND,2015-06-23,2015-07-07,0.08148148148148149,878.9,849.0,-0.0027719834978908804
703,PHOENIXLTD,2015-06-23,2015-07-07,0.07777777777777778,190.03,187.47,-0.0010477877761990806
704,HTMEDIA,2015-06-23,2015-07-07,0.07407407407407408,97.0,93.9,-0.002367315769377621
705,GLAXO,2015-06-23,2015-07-07,0.07037037037037037,1649.5,1679.875,0.0012958472264322522
706,GSPL,2015-06-23,2015-07-07,0.06666666666666667,116.5,117.5,0.0005722460658082976
707,SWANENERGY,2015-06-23,2015-07-07,0.06296296296296296,61.0,64.2,0.0033029751062537975
708,CUB,2015-06-23,2015-07-07,0.05925925925925925,103.0,101.7,-0.0007479323984178334
709,COFORGE,2015-06-23,2015-07-07,0.05555555555555554,80.62,78.41,-0.001522919595358201
710,SANOFI,2015-06-23,2015-07-07,0.05185185185185183,2264.77,2385.33,0.0027602181498603624
711,VIDEOIND,2015-06-23,2015-07-07,0.04814814814814812,143.55,149.15,0.0018782976637382737
712,ELGIEQUIP,2015-06-23,2015-07-07,0.04444444444444441,64.0,64.0,0.0
713,CARBORUNIV,2015-06-23,2015-07-07,0.0407407407407407,165.0,167.45,0.0006049382716049349
714,GSKCONS,2015-07-08,2015-07-22,0.09259259259259262,6212.05,6371.75,0.002380379590801269
715,KKCL,2015-07-08,2015-07-22,0.0888888888888889,399.6,454.99,0.012321210098987876
716,HEUBACHIND,2015-07-08,2015-07-22,0.0851851851851852,859.95,841.95,-0.0017830494020970214
717,MPHASIS,2015-07-08,2015-07-22,0.08148148148148149,407.8,422.0,0.002837265907398323
718,TREEHOUSE,2015-07-08,2015-07-22,0.07777777777777778,458.0,448.05,-0.0016897137311984456
719,COFORGE,2015-07-08,2015-07-22,0.07407407407407408,77.0,96.03,0.018306878306878313
720,PHOENIXLTD,2015-07-08,2015-07-22,0.07037037037037037,185.57,182.03,-0.0013424104710411736
721,SWANENERGY,2015-07-08,2015-07-22,0.06666666666666667,63.4,61.65,-0.001840168243953733
722,HTMEDIA,2015-07-08,2015-07-22,0.06296296296296296,92.0,91.8,-0.00013687600644122575
723,GLAXO,2015-07-08,2015-07-22,0.05925925925925925,1687.5,1691.95,0.0001562688614540482
724,CUB,2015-07-08,2015-07-22,0.05555555555555554,101.9,100.5,-0.0007632755424708349
725,AUTOAXLES,2015-07-08,2015-07-22,0.05185185185185183,642.6,652.5,0.0007988380537400124
726,SANOFI,2015-07-08,2015-07-22,0.04814814814814812,2407.67,2400.0,-0.000153383269424921
727,CARBORUNIV,2015-07-08,2015-07-22,0.04444444444444441,166.1,168.5,0.0006421834236403784
728,GESHIP,2015-07-08,2015-07-22,0.0407407407407407,339.05,359.95,0.0025113743739315136
729,GSKCONS,2015-07-23,2015-08-06,0.09259259259259262,6399.9,6400.0,1.4467818652311674e-06
730,TREEHOUSE,2015-07-23,2015-08-06,0.0888888888888889,446.95,412.0,-0.006950814781668344
731,HEUBACHIND,2015-07-23,2015-08-06,0.0851851851851852,839.35,827.4,-0.001212799145723437
732,KKCL,2015-07-23,2015-08-06,0.08148148148148149,444.91,431.0,-0.0025474981623416185
733,HTMEDIA,2015-07-23,2015-08-06,0.07777777777777778,92.35,88.3,-0.003410936654033566
734,MPHASIS,2015-07-23,2015-08-06,0.07407407407407408,431.95,429.25,-0.0004630165528417622
735,PHOENIXLTD,2015-07-23,2015-08-06,0.07037037037037037,179.03,182.4,0.0013246279849642433
736,GLAXO,2015-07-23,2015-08-06,0.06666666666666667,1699.0,1882.5,0.007200313910143221
737,SWANENERGY,2015-07-23,2015-08-06,0.06296296296296296,62.4,61.5,-0.0009081196581196566
738,CUB,2015-07-23,2015-08-06,0.05925925925925925,100.45,101.05,0.00035396272330069894
739,AUTOAXLES,2015-07-23,2015-08-06,0.05555555555555554,650.0,769.75,0.010235042735042731
740,CARBORUNIV,2015-07-23,2015-08-06,0.05185185185185183,169.55,189.75,0.00617757244121148
741,GESHIP,2015-07-23,2015-08-06,0.04814814814814812,364.7,359.75,-0.0006535051640617841
742,SANOFI,2015-07-23,2015-08-06,0.04444444444444441,2424.03,2813.3,0.007137242067502825
743,TTKPRESTIG,2015-07-23,2015-08-06,0.0407407407407407,410.0,392.8,-0.0017091237579042432
744,GSKCONS,2015-08-11,2015-08-25,0.09259259259259262,6344.0,5835.25,-0.0074253596282284826
745,HEUBACHIND,2015-08-11,2015-08-25,0.0888888888888889,829.0,760.05,-0.007393110843050535
746,KKCL,2015-08-11,2015-08-25,0.0851851851851852,431.0,453.0,0.004348199707828479
747,TREEHOUSE,2015-08-11,2015-08-25,0.08148148148148149,393.05,365.35,-0.005742366205411618
748,HTMEDIA,2015-08-11,2015-08-25,0.07777777777777778,88.05,82.2,-0.00516751845542305
749,PHOENIXLTD,2015-08-11,2015-08-25,0.07407407407407408,178.25,165.5,-0.00529842605578931
750,CUB,2015-08-11,2015-08-25,0.07037037037037037,100.95,91.1,-0.006866252086658235
751,GLAXO,2015-08-11,2015-08-25,0.06666666666666667,1825.925,1725.0,-0.0036848903067395046
752,MPHASIS,2015-08-11,2015-08-25,0.06296296296296296,429.7,400.0,-0.004351873400046542
753,SWANENERGY,2015-08-11,2015-08-25,0.05925925925925925,60.35,60.4,4.909632084445392e-05
754,BAJAJHLDNG,2015-08-11,2015-08-25,0.05555555555555554,1606.95,1580.0,-0.0009317167442809198
755,GULFOILLUB,2015-08-11,2015-08-25,0.05185185185185183,475.95,472.5,-0.00037585647418612926
756,GESHIP,2015-08-11,2015-08-25,0.04814814814814812,379.0,358.0,-0.0026678393433010833
757,435.0,2015-08-11,2015-08-25,0.04444444444444441,228.95,222.0,-0.0013491543519933966
758,LGBBROSLTD,2015-08-11,2015-08-25,0.0407407407407407,504.0,422.8,-0.006563786008230445
759,KKCL,2015-08-25,2015-09-08,0.09259259259259262,453.0,436.99,-0.003272422532908183
760,HEUBACHIND,2015-08-25,2015-09-08,0.0888888888888889,760.05,741.5,-0.002169447916438241
761,SWANENERGY,2015-08-25,2015-09-08,0.0851851851851852,60.4,60.4,0.0
762,HTMEDIA,2015-08-25,2015-09-08,0.08148148148148149,82.2,75.95,-0.006195368117509237
763,GSKCONS,2015-08-25,2015-09-08,0.07777777777777778,5835.25,6045.05,0.0027964145114224397
764,MPHASIS,2015-08-25,2015-09-08,0.07407407407407408,400.0,400.0,0.0
765,TREEHOUSE,2015-08-25,2015-09-08,0.07037037037037037,365.35,384.25,0.003640344874777606
766,PHOENIXLTD,2015-08-25,2015-09-08,0.06666666666666667,165.5,153.0,-0.005035246727089627
767,VIDEOIND,2015-08-25,2015-09-08,0.06296296296296296,142.95,140.55,-0.0010570906688430197
768,CARBORUNIV,2015-08-25,2015-09-08,0.05925925925925925,167.0,165.9,-0.0003903304502106876
769,1074.0,2015-08-25,2015-09-08,0.05555555555555554,133.5,133.5,0.0
770,BAJAJHLDNG,2015-08-25,2015-09-08,0.05185185185185183,1580.0,1588.9,0.00029207688701359875
771,DBCORP,2015-08-25,2015-09-08,0.04814814814814812,313.05,309.0,-0.00062290368950647
772,PGHH,2015-08-25,2015-09-08,0.04444444444444441,6100.0,6000.0,-0.0007285974499089248
773,435.0,2015-08-25,2015-09-08,0.0407407407407407,222.0,223.15,0.00021104437771104521
774,HEUBACHIND,2015-09-08,2015-09-22,0.09259259259259262,741.5,789.0,0.0059314202941984475
775,KKCL,2015-09-08,2015-09-22,0.0888888888888889,436.99,459.58,0.004595070825419342
776,SWANENERGY,2015-09-08,2015-09-22,0.0851851851851852,60.4,68.25,0.01107125337257788
777,HTMEDIA,2015-09-08,2015-09-22,0.08148148148148149,75.95,83.0,0.007563455489722769
778,VIDEOIND,2015-09-08,2015-09-22,0.07777777777777778,140.55,137.0,-0.0019645045258705938
779,DBCORP,2015-09-08,2015-09-22,0.07407407407407408,309.0,321.55,0.0030085101282512315
780,GSKCONS,2015-09-08,2015-09-22,0.07037037037037037,6045.05,6119.0,0.0008608512566296186
781,CYIENT,2015-09-08,2015-09-22,0.06666666666666667,599.8,572.05,-0.0030843614538179393
782,BAJAJHLDNG,2015-09-08,2015-09-22,0.06296296296296296,1588.9,1560.0,-0.001145213436735877
783,PGHH,2015-09-08,2015-09-22,0.05925925925925925,6000.0,6110.05,0.001086913580246915
784,VAIBHAVGBL,2015-09-08,2015-09-22,0.05555555555555554,75.6,76.01,0.00030129335684892026
785,435.0,2015-09-08,2015-09-22,0.05185185185185183,223.15,226.0,0.0006622351681728766
786,GLAXO,2015-09-08,2015-09-22,0.04814814814814812,1649.0,1686.5,0.001094939694090694
787,CARBORUNIV,2015-09-08,2015-09-22,0.04444444444444441,165.9,166.65,0.00020092425155716283
788,POWERGRID,2015-09-08,2015-09-22,0.0407407407407407,68.97,77.28,0.004908736487683853
789,HEUBACHIND,2015-09-23,2015-10-07,0.09259259259259262,767.9,842.05,0.0089409307732006
790,KKCL,2015-09-23,2015-10-07,0.0888888888888889,438.0,422.5,-0.0031456113647894473
791,SWANENERGY,2015-09-23,2015-10-07,0.0851851851851852,66.55,74.0,0.009536132676628551
792,BAJAJHLDNG,2015-09-23,2015-10-07,0.08148148148148149,1551.0,1592.95,0.002203835040714476
793,DBCORP,2015-09-23,2015-10-07,0.07777777777777778,310.05,327.85,0.004465229622462329
794,CYIENT,2015-09-23,2015-10-07,0.07407407407407408,550.15,567.0,0.002268741521672544
795,VIDEOIND,2015-09-23,2015-10-07,0.07037037037037037,135.45,136.5,0.0005455067470571407
796,TTKPRESTIG,2015-09-23,2015-10-07,0.06666666666666667,380.005,364.395,-0.0027385604575378415
797,CHOLAFIN,2015-09-23,2015-10-07,0.06296296296296296,122.01,128.25,0.003220136782959499
798,GSKCONS,2015-09-23,2015-10-07,0.05925925925925925,5998.85,6032.6,0.00033339723446993997
799,VAIBHAVGBL,2015-09-23,2015-10-07,0.05555555555555554,76.0,73.01,-0.0021856725146198784
800,PGHH,2015-09-23,2015-10-07,0.05185185185185183,6045.0,6250.0,0.0017584168121802521
801,HTMEDIA,2015-09-23,2015-10-07,0.04814814814814812,79.0,82.3,0.0020112517580871984
802,CARBORUNIV,2015-09-23,2015-10-07,0.04444444444444441,166.25,159.05,-0.0019248120300751834
803,435.0,2015-09-23,2015-10-07,0.0407407407407407,228.0,226.5,-0.0002680311890838204
804,HEUBACHIND,2015-10-08,2015-10-23,0.09259259259259262,830.05,797.95,-0.0035807749198508696
805,TTKPRESTIG,2015-10-08,2015-10-23,0.0888888888888889,363.6,412.0,0.01183229434054516
806,KKCL,2015-10-08,2015-10-23,0.0851851851851852,417.01,437.99,0.004285713016918508
807,DBCORP,2015-10-08,2015-10-23,0.08148148148148149,313.55,320.9,0.0019100267545491504
808,SWANENERGY,2015-10-08,2015-10-23,0.07777777777777778,74.9,73.0,-0.001973001038421605
809,VIDEOIND,2015-10-08,2015-10-23,0.07407407407407408,138.9,136.9,-0.001066581340159454
810,CHOLAFIN,2015-10-08,2015-10-23,0.07037037037037037,128.09,121.38,-0.003686354791046809
811,CYIENT,2015-10-08,2015-10-23,0.06666666666666667,560.0,547.0,-0.0015476190476190477
812,BAJAJHLDNG,2015-10-08,2015-10-23,0.06296296296296296,1583.0,1630.95,0.0019071851383917098
813,VAIBHAVGBL,2015-10-08,2015-10-23,0.05925925925925925,70.28,97.0,0.022529985876599417
814,GSKCONS,2015-10-08,2015-10-23,0.05555555555555554,6089.95,5987.05,-0.0009387050249454667
815,BALKRISIND,2015-10-08,2015-10-23,0.05185185185185183,327.55,334.2,0.0010527089446338374
816,PGHH,2015-10-08,2015-10-23,0.04814814814814812,6230.0,6160.05,-0.00054060400689614
817,HTMEDIA,2015-10-08,2015-10-23,0.04444444444444441,80.3,94.7,0.007970112079701119
818,1074.0,2015-10-08,2015-10-23,0.0407407407407407,136.45,137.0,0.00016421698356473323
819,TTKPRESTIG,2015-10-27,2015-11-10,0.09259259259259262,410.0,416.4,0.0014453477868111967
820,DBCORP,2015-10-27,2015-11-10,0.0888888888888889,320.35,339.5,0.0053136326587239595
821,HEUBACHIND,2015-10-27,2015-11-10,0.0851851851851852,770.05,757.15,-0.0014270357624685242
822,KKCL,2015-10-27,2015-11-10,0.08148148148148149,431.2,430.0,-0.00022675736961451034
823,SWANENERGY,2015-10-27,2015-11-10,0.07777777777777778,71.7,70.4,-0.0014101968076863443
824,CYIENT,2015-10-27,2015-11-10,0.07407407407407408,535.0,510.6,-0.0033783316026306655
825,VIDEOIND,2015-10-27,2015-11-10,0.07037037037037037,135.45,131.95,-0.0018183558235237826
826,BAJAJHLDNG,2015-10-27,2015-11-10,0.06666666666666667,1630.0,1661.0,0.0012678936605316972
827,CHOLAFIN,2015-10-27,2015-11-10,0.06296296296296296,119.99,125.06,0.002660406885759002
828,GLAXO,2015-10-27,2015-11-10,0.05925925925925925,1650.0,1614.475,-0.0012758698092031457
829,PGHH,2015-10-27,2015-11-10,0.05555555555555554,6117.05,5887.0,-0.002089333184387174
830,GRAPHITE,2015-10-27,2015-11-10,0.05185185185185183,74.15,74.5,0.0002447491321395528
831,VAIBHAVGBL,2015-10-27,2015-11-10,0.04814814814814812,96.8,93.01,-0.001885139271502903
832,ATFL,2015-10-27,2015-11-10,0.04444444444444441,583.05,575.0,-0.0006136313828621482
833,BALKRISIND,2015-10-27,2015-11-10,0.0407407407407407,331.575,332.225,7.986573620291893e-05
834,SWANENERGY,2015-11-10,2015-11-24,0.09259259259259262,70.4,67.25,-0.004142992424242432
835,TTKPRESTIG,2015-11-10,2015-11-24,0.0888888888888889,416.4,425.0,0.00183584160529406
836,DBCORP,2015-11-10,2015-11-24,0.0851851851851852,339.5,323.05,-0.004127529591447115
837,CYIENT,2015-11-10,2015-11-24,0.08148148148148149,510.6,492.0,-0.002968185576881233
838,HEUBACHIND,2015-11-10,2015-11-24,0.07777777777777778,757.15,749.95,-0.0007396156640031628
839,BAJAJHLDNG,2015-11-10,2015-11-24,0.07407407407407408,1661.0,1670.0,0.00040136463977523586
840,ASTRAZEN,2015-11-10,2015-11-24,0.07037037037037037,1150.05,1110.0,-0.0024506180890685888
841,ATFL,2015-11-10,2015-11-24,0.06666666666666667,575.0,574.0,-0.00011594202898550724
842,CHOLAFIN,2015-11-10,2015-11-24,0.06296296296296296,125.06,126.49,0.0007199507199507161
843,VIDEOIND,2015-11-10,2015-11-24,0.05925925925925925,131.95,132.4,0.0002020967538208994
844,1074.0,2015-11-10,2015-11-24,0.05555555555555554,135.0,135.3,0.00012345679012346143
845,CARBORUNIV,2015-11-10,2015-11-24,0.05185185185185183,175.0,175.05,1.4814814814818178e-05
846,435.0,2015-11-10,2015-11-24,0.04814814814814812,227.0,227.0,0.0
847,VAIBHAVGBL,2015-11-10,2015-11-24,0.04444444444444441,93.01,103.01,0.0047784587081436845
848,KKCL,2015-11-10,2015-11-24,0.0407407407407407,430.0,395.0,-0.003316106804478894
849,MAHSEAMLES,2015-11-24,2015-12-08,0.09259259259259262,75.875,83.45,0.009244005125388985
850,SWANENERGY,2015-11-24,2015-12-08,0.0888888888888889,67.25,70.6,0.0044279223461379524
851,TTKPRESTIG,2015-11-24,2015-12-08,0.0851851851851852,425.0,408.785,-0.0032500653594771194
852,DBCORP,2015-11-24,2015-12-08,0.08148148148148149,323.05,336.85,0.0034807133398682723
853,CYIENT,2015-11-24,2015-12-08,0.07777777777777778,492.0,479.6,-0.001960252935862688
854,BAJAJHLDNG,2015-11-24,2015-12-08,0.07407407407407408,1670.0,1699.0,0.0012863162563761367
855,HEUBACHIND,2015-11-24,2015-12-08,0.07037037037037037,749.95,739.25,-0.0010040175517874073
856,ATFL,2015-11-24,2015-12-08,0.06666666666666667,574.0,562.8,-0.0013008130081300865
857,CARBORUNIV,2015-11-24,2015-12-08,0.06296296296296296,175.05,177.1,0.0007373554645762523
858,VIDEOIND,2015-11-24,2015-12-08,0.05925925925925925,132.4,127.8,-0.0020588564395210953
859,CHOLAFIN,2015-11-24,2015-12-08,0.05555555555555554,126.49,126.56,3.074463506118506e-05
860,ASTRAZEN,2015-11-24,2015-12-08,0.05185185185185183,1110.0,1091.3,-0.000873540206873542
861,1074.0,2015-11-24,2015-12-08,0.04814814814814812,135.3,135.0,-0.00010675864334401318
862,435.0,2015-11-24,2015-12-08,0.04444444444444441,227.0,202.05,-0.004884973078805672
863,JMTAUTOLTD,2015-11-24,2015-12-08,0.0407407407407407,70.75,102.5,0.01828294725821226
864,MAHSEAMLES,2015-12-09,2015-12-23,0.09259259259259262,82.425,87.925,0.006178456284613399
865,SWANENERGY,2015-12-09,2015-12-23,0.0888888888888889,70.6,70.2,-0.0005036197670758471
866,DBCORP,2015-12-09,2015-12-23,0.0851851851851852,327.0,332.75,0.0014979046324612075
867,TTKPRESTIG,2015-12-09,2015-12-23,0.08148148148148149,411.985,425.0,0.002574077894781316
868,CYIENT,2015-12-09,2015-12-23,0.07777777777777778,469.0,475.9,0.0011442786069651705
869,VIDEOIND,2015-12-09,2015-12-23,0.07407407407407408,126.5,123.1,-0.0019909237300541685
870,BAJAJHLDNG,2015-12-09,2015-12-23,0.07037037037037037,1718.2,1675.1,-0.0017651978599481858
871,ATFL,2015-12-09,2015-12-23,0.06666666666666667,550.05,527.0,-0.0027936854225373395
872,HEUBACHIND,2015-12-09,2015-12-23,0.06296296296296296,734.0,740.85,0.0005875971339186617
873,LAOPALA,2015-12-09,2015-12-23,0.05925925925925925,595.15,608.1,0.001289435280866017
874,435.0,2015-12-09,2015-12-23,0.05555555555555554,198.6,191.5,-0.001986125097907573
875,CHOLAFIN,2015-12-09,2015-12-23,0.05185185185185183,126.26,132.0,0.002357275698001182
876,1074.0,2015-12-09,2015-12-23,0.04814814814814812,133.85,135.5,0.0005935333914414993
877,INDHOTEL,2015-12-09,2015-12-23,0.04444444444444441,107.4,112.0,0.0019035795572108383
878,TITAN,2015-12-09,2015-12-23,0.0407407407407407,365.7,362.2,-0.00038991685149738164
879,SWANENERGY,2015-12-24,2016-01-07,0.09259259259259262,70.8,67.75,-0.003988805189370158
880,MAHSEAMLES,2015-12-24,2016-01-07,0.0888888888888889,89.95,83.5,-0.006373911432277195
881,CYIENT,2015-12-24,2016-01-07,0.0851851851851852,473.0,490.0,0.0030616239918565507
882,DBCORP,2015-12-24,2016-01-07,0.08148148148148149,328.95,321.05,-0.0019568436045104176
883,TTKPRESTIG,2015-12-24,2016-01-07,0.07777777777777778,422.06,445.0,0.0042274136905232
884,BAJAJHLDNG,2015-12-24,2016-01-07,0.07407407407407408,1674.8,1695.0,0.0008934178984334247
885,VIDEOIND,2015-12-24,2016-01-07,0.07037037037037037,123.4,120.9,-0.0014256558016687677
886,ATFL,2015-12-24,2016-01-07,0.06666666666666667,535.2,545.0,0.0012207274539113046
887,CHOLAFIN,2015-12-24,2016-01-07,0.06296296296296296,130.81,127.61,-0.001540260541865925
888,1074.0,2015-12-24,2016-01-07,0.05925925925925925,136.2,135.5,-0.0003045630064719589
889,HEUBACHIND,2015-12-24,2016-01-07,0.05555555555555554,752.05,788.3,0.0026778656856444234
890,TITAN,2015-12-24,2016-01-07,0.05185185185185183,360.0,346.7,-0.0019156378600823053
891,CARBORUNIV,2015-12-24,2016-01-07,0.04814814814814812,182.1,185.0,0.0007667744625460178
892,AIAENG,2015-12-24,2016-01-07,0.04444444444444441,894.0,860.05,-0.0016877951777280647
893,LAOPALA,2015-12-24,2016-01-07,0.0407407407407407,613.0,629.95,0.0011265180351640405
894,SWANENERGY,2016-01-12,2016-01-27,0.09259259259259262,67.45,66.2,-0.0017159487137248445
895,DBCORP,2016-01-12,2016-01-27,0.0888888888888889,328.2,315.3,-0.0034938045906967247
896,BAJAJHLDNG,2016-01-12,2016-01-27,0.0851851851851852,1656.0,1467.0,-0.009722222222222222
897,CYIENT,2016-01-12,2016-01-27,0.08148148148148149,517.0,431.0,-0.01355397951142632
898,CHOLAFIN,2016-01-12,2016-01-27,0.07777777777777778,129.31,123.0,-0.0037953582691035337
899,TTKPRESTIG,2016-01-12,2016-01-27,0.07407407407407408,442.105,422.06,-0.0033585116992904764
900,VIDEOIND,2016-01-12,2016-01-27,0.07037037037037037,118.1,111.6,-0.003873051713864585
901,HEUBACHIND,2016-01-12,2016-01-27,0.06666666666666667,775.05,714.0,-0.005251274111347651
902,CARBORUNIV,2016-01-12,2016-01-27,0.06296296296296296,183.0,175.0,-0.0027524792552114955
903,1074.0,2016-01-12,2016-01-27,0.05925925925925925,135.0,134.5,-0.00021947873799725646
904,TITAN,2016-01-12,2016-01-27,0.05555555555555554,346.5,357.85,0.0018197851531184897
905,ATFL,2016-01-12,2016-01-27,0.05185185185185183,548.9,496.6,-0.004940520772184093
906,ESABINDIA,2016-01-12,2016-01-27,0.04814814814814812,651.4,537.0,-0.008455861449413791
907,435.0,2016-01-12,2016-01-27,0.04444444444444441,197.0,197.1,2.2560631697686236e-05
908,BALKRISIND,2016-01-12,2016-01-27,0.0407407407407407,322.425,307.5,-0.0018858821603645979
909,SWANENERGY,2016-01-27,2016-02-09,0.09259259259259262,66.2,65.2,-0.0013986796464137857
910,VIDEOIND,2016-01-27,2016-02-09,0.0888888888888889,111.6,110.05,-0.001234567901234566
911,CHOLAFIN,2016-01-27,2016-02-09,0.0851851851851852,123.0,138.0,0.010388437217705512
912,ATFL,2016-01-27,2016-02-09,0.08148148148148149,496.6,490.35,-0.0010254918631881983
913,CARBORUNIV,2016-01-27,2016-02-09,0.07777777777777778,175.0,170.55,-0.0019777777777777727
914,1074.0,2016-01-27,2016-02-09,0.07407407407407408,134.5,134.85,0.00019275781357565435
915,TTKPRESTIG,2016-01-27,2016-02-09,0.07037037037037037,422.06,419.71,-0.0003918172069619769
916,BAJAJHLDNG,2016-01-27,2016-02-09,0.06666666666666667,1467.0,1432.0,-0.0015905476028175416
917,CYIENT,2016-01-27,2016-02-09,0.06296296296296296,431.0,403.95,-0.003951619833290368
918,BALKRISIND,2016-01-27,2016-02-09,0.05925925925925925,307.5,304.4,-0.0005974104185486342
919,KKCL,2016-01-27,2016-02-09,0.05555555555555554,413.78,393.0,-0.0027899957572730502
920,AIAENG,2016-01-27,2016-02-09,0.05185185185185183,805.0,790.0,-0.0009661835748792267
921,TITAN,2016-01-27,2016-02-09,0.04814814814814812,357.85,367.5,0.0012983921465128637
922,DBCORP,2016-01-27,2016-02-09,0.04444444444444441,315.3,315.0,-4.228776826303149e-05
923,COLPAL,2016-01-27,2016-02-09,0.0407407407407407,867.0,845.0,-0.0010337904224870767
924,SWANENERGY,2016-02-09,2016-02-23,0.09259259259259262,65.2,63.4,-0.0025562372188139126
925,VIDEOIND,2016-02-09,2016-02-23,0.0888888888888889,110.05,108.65,-0.001130799131707803
926,CARBORUNIV,2016-02-09,2016-02-23,0.0851851851851852,170.55,165.45,-0.0025473142447636848
927,CHOLAFIN,2016-02-09,2016-02-23,0.08148148148148149,138.0,131.94,-0.0035780998389694056
928,1074.0,2016-02-09,2016-02-23,0.07777777777777778,134.85,135.7,0.0004902566637828008
929,TREEHOUSE,2016-02-09,2016-02-23,0.07407407407407408,127.0,86.0,-0.02391367745698455
930,ATFL,2016-02-09,2016-02-23,0.07037037037037037,490.35,464.5,-0.003709746250788367
931,BALKRISIND,2016-02-09,2016-02-23,0.06666666666666667,304.4,283.25,-0.004632063074901441
932,TTKPRESTIG,2016-02-09,2016-02-23,0.06296296296296296,419.71,422.1,0.0003585368027482886
933,BAJAJHLDNG,2016-02-09,2016-02-23,0.05925925925925925,1432.0,1390.0,-0.001738050900062073
934,CYIENT,2016-02-09,2016-02-23,0.05555555555555554,403.95,410.05,0.0008389377123131331
935,DBCORP,2016-02-09,2016-02-23,0.05185185185185183,315.0,305.15,-0.0016213991769547355
936,AIAENG,2016-02-09,2016-02-23,0.04814814814814812,790.0,733.15,-0.0034648382559774957
937,HEUBACHIND,2016-02-09,2016-02-23,0.04444444444444441,707.35,644.0,-0.003980427731046235
938,HINDUNILVR,2016-02-09,2016-02-23,0.0407407407407407,826.35,858.45,0.0015825954834849368
939,TREEHOUSE,2016-02-24,2016-03-09,0.09259259259259262,86.0,75.4,-0.011412575366063734
940,SWANENERGY,2016-02-24,2016-03-09,0.0888888888888889,63.4,63.7,0.00042060988433228786
941,EMAMILTD,2016-02-24,2016-03-09,0.0851851851851852,486.0,493.5,0.0013145861911294011
942,ELGIEQUIP,2016-02-24,2016-03-09,0.08148148148148149,61.85,66.475,0.006092996796311258
943,CHOLAFIN,2016-02-24,2016-03-09,0.07777777777777778,125.99,133.02,0.004339850605427248
944,VIDEOIND,2016-02-24,2016-03-09,0.07407407407407408,108.55,110.2,0.0011259532217616091
945,AIAENG,2016-02-24,2016-03-09,0.07037037037037037,777.0,830.0,0.004800038133371467
946,GSKCONS,2016-02-24,2016-03-09,0.06666666666666667,5608.0,5600.0,-9.51022349025202e-05
947,TTKPRESTIG,2016-02-24,2016-03-09,0.06296296296296296,419.8,415.0,-0.0007199195384045328
948,ATFL,2016-02-24,2016-03-09,0.05925925925925925,489.0,476.95,-0.0014602741801105822
949,KKCL,2016-02-24,2016-03-09,0.05555555555555554,375.51,364.78,-0.001587470669519086
950,SKFINDIA,2016-02-24,2016-03-09,0.05185185185185183,1150.0,1190.05,0.0018057971014492726
951,BALKRISIND,2016-02-24,2016-03-09,0.04814814814814812,283.425,299.95,0.002807261702913104
952,1074.0,2016-02-24,2016-03-09,0.04444444444444441,135.05,141.3,0.002056851371919863
953,CARBORUNIV,2016-02-24,2016-03-09,0.0407407407407407,164.95,176.4,0.002828017468817713
954,TREEHOUSE,2016-03-10,2016-03-28,0.09259259259259262,77.5,80.5,0.0035842293906810044
955,SWANENERGY,2016-03-10,2016-03-28,0.0888888888888889,64.0,60.7,-0.00458333333333333
956,EMAMILTD,2016-03-10,2016-03-28,0.0851851851851852,488.5,465.1,-0.0040805185943364
957,RAJESHEXPO,2016-03-10,2016-03-28,0.08148148148148149,684.65,602.55,-0.00977087508892081
958,AIAENG,2016-03-10,2016-03-28,0.07777777777777778,842.5,925.0,0.0076162215628091
959,ELGIEQUIP,2016-03-10,2016-03-28,0.07407407407407408,67.025,66.225,-0.0008841366543716539
960,VIDEOIND,2016-03-10,2016-03-28,0.07037037037037037,111.85,108.05,-0.002390768059073824
961,JSWHL,2016-03-10,2016-03-28,0.06666666666666667,1006.95,1040.0,0.0021881258586159496
962,TTKPRESTIG,2016-03-10,2016-03-28,0.06296296296296296,418.06,437.24,0.0028886514606267758
963,BALKRISIND,2016-03-10,2016-03-28,0.05925925925925925,303.0,310.5,0.0014668133480014666
964,GSKCONS,2016-03-10,2016-03-28,0.05555555555555554,5665.0,5852.0,0.001833872707659115
965,CARBORUNIV,2016-03-10,2016-03-28,0.05185185185185183,178.0,173.4,-0.0013399916770703265
966,1074.0,2016-03-10,2016-03-28,0.04814814814814812,141.2,143.9,0.0009206798866855579
967,ORIENTCEM,2016-03-10,2016-03-28,0.04444444444444441,139.9,145.7,0.0018425859741084834
968,CHOLAFIN,2016-03-10,2016-03-28,0.0407407407407407,131.0,136.51,0.00171359909527848
969,APARINDS,2016-03-29,2016-04-12,0.09259259259259262,471.0,462.1,-0.001749626484233699
970,TREEHOUSE,2016-03-29,2016-04-12,0.0888888888888889,75.0,80.3,0.006281481481481479
971,SWANENERGY,2016-03-29,2016-04-12,0.0851851851851852,60.7,61.9,0.0016840563792787787
972,AIAENG,2016-03-29,2016-04-12,0.08148148148148149,972.0,955.85,-0.0013538332571254364
973,MAHLIFE,2016-03-29,2016-04-12,0.07777777777777778,143.0,146.333333333333,0.0018130018130016329
974,ELGIEQUIP,2016-03-29,2016-04-12,0.07407407407407408,64.475,66.5,0.0023264831329972927
975,EMAMILTD,2016-03-29,2016-04-12,0.07037037037037037,455.5,482.525,0.004175102654795297
976,RAJESHEXPO,2016-03-29,2016-04-12,0.06666666666666667,595.05,608.15,0.0014676637817550374
977,CARBORUNIV,2016-03-29,2016-04-12,0.06296296296296296,173.9,171.45,-0.0008870572700359995
978,JSWHL,2016-03-29,2016-04-12,0.05925925925925925,1022.05,1053.1,0.0018003033119710357
979,GSKCONS,2016-03-29,2016-04-12,0.05555555555555554,5999.6,6020.0,0.0001889014823210402
980,VIDEOIND,2016-03-29,2016-04-12,0.05185185185185183,106.6,107.5,0.0004377736085053184
981,CRISIL,2016-03-29,2016-04-12,0.04814814814814812,1796.3,1871.5,0.0020156659470805215
982,BALKRISIND,2016-03-29,2016-04-12,0.04444444444444441,300.525,308.525,0.0011831147343999845
983,SANOFI,2016-03-29,2016-04-12,0.0407407407407407,2741.53,2960.0,0.0032465920962490335
984,APARINDS,2016-04-12,2016-04-26,0.09259259259259262,462.1,475.05,0.002594836775749996
985,AIAENG,2016-04-12,2016-04-26,0.0888888888888889,955.85,986.05,0.0028084369351304484
986,SWANENERGY,2016-04-12,2016-04-26,0.0851851851851852,61.9,60.75,-0.0015826003709687052
987,MAHLIFE,2016-04-12,2016-04-26,0.08148148148148149,146.333333333333,146.033333333333,-0.00016704631738800977
988,CRISIL,2016-04-12,2016-04-26,0.07777777777777778,1871.5,1998.0,0.005257220886395345
989,RAJESHEXPO,2016-04-12,2016-04-26,0.07407407407407408,608.15,550.9,-0.00697318217666816
990,TREEHOUSE,2016-04-12,2016-04-26,0.07037037037037037,80.3,80.5,0.00017526866841935585
991,POLARIS,2016-04-12,2016-04-26,0.06666666666666667,189.65,192.0,0.0008260831356006659
992,ELGIEQUIP,2016-04-12,2016-04-26,0.06296296296296296,66.5,73.15,0.006296296296296301
993,EMAMILTD,2016-04-12,2016-04-26,0.05925925925925925,482.525,510.7,0.003460193004776188
994,GSKCONS,2016-04-12,2016-04-26,0.05555555555555554,6020.0,5958.05,-0.0005717054263565872
995,JSWHL,2016-04-12,2016-04-26,0.05185185185185183,1053.1,1030.0,-0.0011373827535635483
996,SANOFI,2016-04-12,2016-04-26,0.04814814814814812,2960.0,2746.67,-0.0034700825825825796
997,VIDEOIND,2016-04-12,2016-04-26,0.04444444444444441,107.5,107.0,-0.00020671834625322983
998,BALKRISIND,2016-04-12,2016-04-26,0.0407407407407407,308.525,328.5,0.0026376996881818217
999,APARINDS,2016-04-26,2016-05-10,0.09259259259259262,475.05,480.0,0.0009648107216784177
1000,SWANENERGY,2016-04-26,2016-05-10,0.0888888888888889,60.75,58.6,-0.0031458619112940084
1001,AIAENG,2016-04-26,2016-05-10,0.0851851851851852,986.05,982.0,-0.00034988083768571187
1002,MAHLIFE,2016-04-26,2016-05-10,0.08148148148148149,146.033333333333,147.333333333333,0.0007253544345532558
1003,TREEHOUSE,2016-04-26,2016-05-10,0.07777777777777778,80.5,77.55,-0.0028502415458937225
1004,RAJESHEXPO,2016-04-26,2016-05-10,0.07407407407407408,550.9,571.15,0.002722817208204756
1005,ELGIEQUIP,2016-04-26,2016-05-10,0.07037037037037037,73.15,81.925,0.008441558441558434
1006,POLARIS,2016-04-26,2016-05-10,0.06666666666666667,192.0,203.75,0.004079861111111111
1007,EMAMILTD,2016-04-26,2016-05-10,0.06296296296296296,510.7,543.0,0.003982188571967308
1008,GSKCONS,2016-04-26,2016-05-10,0.05925925925925925,5958.05,5844.5,-0.0011293777139985226
1009,CRISIL,2016-04-26,2016-05-10,0.05555555555555554,1998.0,2020.0,0.000611722833945056
1010,JSWHL,2016-04-26,2016-05-10,0.05185185185185183,1030.0,995.0,-0.0017619561308881689
1011,SANOFI,2016-04-26,2016-05-10,0.04814814814814812,2746.67,2916.0,0.002968294671702795
1012,VIDEOIND,2016-04-26,2016-05-10,0.04444444444444441,107.0,105.1,-0.0007892004153686415
1013,BALKRISIND,2016-04-26,2016-05-10,0.0407407407407407,328.5,329.95,0.00017982975365014783
1014,APARINDS,2016-05-12,2016-05-26,0.09259259259259262,472.7,514.0,0.008089854186744396
1015,SWANENERGY,2016-05-12,2016-05-26,0.0888888888888889,58.25,58.55,0.0004577968526466338
1016,AIAENG,2016-05-12,2016-05-26,0.0851851851851852,960.0,935.0,-0.0022183641975308645
1017,MAHLIFE,2016-05-12,2016-05-26,0.08148148148148149,156.0,149.666666666667,-0.003308008863564246
1018,POLARIS,2016-05-12,2016-05-26,0.07777777777777778,193.15,203.0,0.003966404924209736
1019,TREEHOUSE,2016-05-12,2016-05-26,0.07407407407407408,71.6,78.2,0.0068280571073867265
1020,BALKRISIND,2016-05-12,2016-05-26,0.07037037037037037,334.775,335.65,0.00018392673907571976
1021,GSKCONS,2016-05-12,2016-05-26,0.06666666666666667,5990.65,5630.0,-0.004013476556522799
1022,JSWHL,2016-05-12,2016-05-26,0.06296296296296296,997.7,1026.25,0.0018017365867420963
1023,EMAMILTD,2016-05-12,2016-05-26,0.05925925925925925,553.125,512.5,-0.0043523749738439
1024,CRISIL,2016-05-12,2016-05-26,0.05555555555555554,2090.0,2097.95,0.000211323763955338
1025,RAJESHEXPO,2016-05-12,2016-05-26,0.05185185185185183,560.85,556.05,-0.0004437708636692383
1026,ELGIEQUIP,2016-05-12,2016-05-26,0.04814814814814812,79.45,79.5,3.030091135817834e-05
1027,PGHH,2016-05-12,2016-05-26,0.04444444444444441,6435.0,6334.2,-0.0006961926961926969
1028,VIDEOIND,2016-05-12,2016-05-26,0.0407407407407407,104.9,104.1,-0.0003107015499770546
1029,SWANENERGY,2016-05-31,2016-06-14,0.09259259259259262,58.85,58.5,-0.0005506781207715811
1030,AIAENG,2016-05-31,2016-06-14,0.0888888888888889,941.0,1010.55,0.006569842956665483
1031,BALKRISIND,2016-05-31,2016-06-14,0.0851851851851852,344.0,337.175,-0.0016900839793281626
1032,MAHLIFE,2016-05-31,2016-06-14,0.08148148148148149,149.0,150.0,0.0005468555804126274
1033,EMAMILTD,2016-05-31,2016-06-14,0.07777777777777778,512.5,507.5,-0.0007588075880758808
1034,JSWHL,2016-05-31,2016-06-14,0.07407407407407408,1050.0,1050.15,1.0582010582017e-05
1035,HMVL,2016-05-31,2016-06-14,0.07037037037037037,271.05,273.0,0.0005062616573407911
1036,CRISIL,2016-05-31,2016-06-14,0.06666666666666667,2172.55,2210.0,0.0011491872070454785
1037,ECLERX,2016-05-31,2016-06-14,0.06296296296296296,910.0,1000.0,0.006227106227106227
1038,PGHH,2016-05-31,2016-06-14,0.05925925925925925,6278.95,6266.45,-0.0001179720718815631
1039,GSKCONS,2016-05-31,2016-06-14,0.05555555555555554,5953.8,5649.0,-0.002844121961324421
1040,POLARIS,2016-05-31,2016-06-14,0.05185185185185183,200.2,194.1,-0.0015799015799015778
1041,VIDEOIND,2016-05-31,2016-06-14,0.04814814814814812,104.4,105.0,0.0002767134951042969
1042,RAJESHEXPO,2016-05-31,2016-06-14,0.04444444444444441,562.4,484.0,-0.006195669353564084
1043,BAJAJCON,2016-05-31,2016-06-14,0.0407407407407407,388.3,402.75,0.0015161053404679442
1044,SWANENERGY,2016-06-14,2016-06-28,0.09259259259259262,58.5,63.8,0.00838873061095283
1045,AIAENG,2016-06-14,2016-06-28,0.0888888888888889,1010.55,978.6,-0.0028103507990698082
1046,BALKRISIND,2016-06-14,2016-06-28,0.0851851851851852,337.175,328.5,-0.0021916852716882406
1047,MAHLIFE,2016-06-14,2016-06-28,0.08148148148148149,150.0,150.633333333333,0.00034403292181052567
1048,JSWHL,2016-06-14,2016-06-28,0.07777777777777778,1050.15,1260.0,0.015542224126712047
1049,CRISIL,2016-06-14,2016-06-28,0.07407407407407408,2210.0,2053.15,-0.005257248198424666
1050,EMAMILTD,2016-06-14,2016-06-28,0.07037037037037037,507.5,549.0,0.00575442437511403
1051,ECLERX,2016-06-14,2016-06-28,0.06666666666666667,1000.0,951.333333333333,-0.0032444444444444643
1052,HMVL,2016-06-14,2016-06-28,0.06296296296296296,273.0,273.5,0.00011531678198344863
1053,VIDEOIND,2016-06-14,2016-06-28,0.05925925925925925,105.0,105.1,5.6437389770719886e-05
1054,PGHH,2016-06-14,2016-06-28,0.05555555555555554,6266.45,6218.0,-0.0004295361275788773
1055,BAJAJCON,2016-06-14,2016-06-28,0.05185185185185183,402.75,390.0,-0.0016414925167252908
1056,POLARIS,2016-06-14,2016-06-28,0.04814814814814812,194.1,198.05,0.0009798309386150742
1057,GSKCONS,2016-06-14,2016-06-28,0.04444444444444441,5649.0,5860.0,0.0016600774965087222
1058,UBL,2016-06-14,2016-06-28,0.0407407407407407,744.0,729.9,-0.0007721027479092001
1059,SWANENERGY,2016-06-28,2016-07-12,0.09259259259259262,63.8,67.0,0.0046441425751770635
1060,AIAENG,2016-06-28,2016-07-12,0.0888888888888889,978.6,1017.95,0.003574267093580401
1061,BALKRISIND,2016-06-28,2016-07-12,0.0851851851851852,328.5,334.775,0.001627205592197976
1062,MAHLIFE,2016-06-28,2016-07-12,0.08148148148148149,150.633333333333,157.333333333333,0.003624203978264613
1063,EMAMILTD,2016-06-28,2016-07-12,0.07777777777777778,549.0,556.5,0.0010625379477838496
1064,HMVL,2016-06-28,2016-07-12,0.07407407407407408,273.5,275.95,0.0006635520346672054
1065,CRISIL,2016-06-28,2016-07-12,0.07037037037037037,2053.15,2010.0,-0.0014789379643384496
1066,ECLERX,2016-06-28,2016-07-12,0.06666666666666667,951.333333333333,972.966666666667,0.0015160009343611783
1067,VIDEOIND,2016-06-28,2016-07-12,0.06296296296296296,105.1,105.0,-5.990767170595565e-05
1068,PGHH,2016-06-28,2016-07-12,0.05925925925925925,6218.0,6388.95,0.001629200767187256
1069,POLARIS,2016-06-28,2016-07-12,0.05555555555555554,198.05,198.1,1.4025638867845642e-05
1070,GSKCONS,2016-06-28,2016-07-12,0.05185185185185183,5860.0,6095.0,0.0020793831374036143
1071,CHOLAFIN,2016-06-28,2016-07-12,0.04814814814814812,192.94,192.6,-8.48469491570982e-05
1072,BAJAJCON,2016-06-28,2016-07-12,0.04444444444444441,390.0,397.7,0.0008774928774928756
1073,SANOFI,2016-06-28,2016-07-12,0.0407407407407407,2809.67,3062.67,0.00366854734093591
1074,AIAENG,2016-07-13,2016-07-27,0.09259259259259262,1009.15,1044.9,0.0032801716149087816
1075,SWANENERGY,2016-07-13,2016-07-27,0.0888888888888889,65.0,63.6,-0.001914529914529913
1076,MAHLIFE,2016-07-13,2016-07-27,0.0851851851851852,156.0,154.0,-0.0010921177587844256
1077,BALKRISIND,2016-07-13,2016-07-27,0.08148148148148149,333.875,353.025,0.004673516646560445
1078,HMVL,2016-07-13,2016-07-27,0.07777777777777778,272.0,273.1,0.00031454248366013723
1079,CRISIL,2016-07-13,2016-07-27,0.07407407407407408,2049.0,2037.05,-0.0004320083871084376
1080,VIDEOIND,2016-07-13,2016-07-27,0.07037037037037037,104.85,104.2,-0.0004362493156007644
1081,EMAMILTD,2016-07-13,2016-07-27,0.06666666666666667,560.0,568.85,0.0010535714285714313
1082,ECLERX,2016-07-13,2016-07-27,0.06296296296296296,966.666666666667,1000.43333333333,0.0021993614303956743
1083,HTMEDIA,2016-07-13,2016-07-27,0.05925925925925925,81.55,79.55,-0.0014533233417353586
1084,PGHH,2016-07-13,2016-07-27,0.05555555555555554,6285.55,6393.0,0.0009497091653784366
1085,BAJAJCON,2016-07-13,2016-07-27,0.05185185185185183,394.0,397.2,0.0004211317916901656
1086,POLARIS,2016-07-13,2016-07-27,0.04814814814814812,198.05,191.2,-0.0016653108549094457
1087,GSKCONS,2016-07-13,2016-07-27,0.04444444444444441,6238.3,6299.1,0.0004331664431371092
1088,CHOLAFIN,2016-07-13,2016-07-27,0.0407407407407407,191.96,210.0,0.0038287297507968426
1089,AIAENG,2016-07-28,2016-08-11,0.09259259259259262,1035.95,1114.7,0.007038627990411379
1090,SWANENERGY,2016-07-28,2016-08-11,0.0888888888888889,64.1,62.9,-0.001664066562662501
1091,HMVL,2016-07-28,2016-08-11,0.0851851851851852,275.0,275.0,0.0
1092,CRISIL,2016-07-28,2016-08-11,0.08148148148148149,2029.9,2096.0,0.0026532961849972505
1093,VIDEOIND,2016-07-28,2016-08-11,0.07777777777777778,104.7,104.6,-7.428632070466515e-05
1094,PGHH,2016-07-28,2016-08-11,0.07407407407407408,6359.4,6815.0,0.0053068132446690225
1095,MAHLIFE,2016-07-28,2016-08-11,0.07037037037037037,152.05,141.666666666667,-0.004805518002930987
1096,BALKRISIND,2016-07-28,2016-08-11,0.06666666666666667,355.0,357.025,0.0003802816901408408
1097,EIHOTEL,2016-07-28,2016-08-11,0.06296296296296296,118.5,109.55,-0.004755430536021254
1098,EMAMILTD,2016-07-28,2016-08-11,0.05925925925925925,572.75,561.5,-0.0011639749745380472
1099,CHOLAFIN,2016-07-28,2016-08-11,0.05555555555555554,219.0,225.24,0.00158295281582953
1100,BAJAJCON,2016-07-28,2016-08-11,0.05185185185185183,396.9,385.55,-0.0014827879025409837
1101,ECLERX,2016-07-28,2016-08-11,0.04814814814814812,1014.73333333333,1024.0,0.00043969467134846464
1102,PEL,2016-07-28,2016-08-11,0.04444444444444441,885.0,890.1388888888889,0.00025807351607728366
1103,GRINDWELL,2016-07-28,2016-08-11,0.0407407407407407,354.2,332.0,-0.0025534851621808108
1104,AIAENG,2016-08-17,2016-08-31,0.09259259259259262,1221.9,1283.35,0.004656530661113675
1105,PEL,2016-08-17,2016-08-31,0.0888888888888889,1008.3333333333333,1051.1666666666665,0.0037759412304866793
1106,HMVL,2016-08-17,2016-08-31,0.0851851851851852,271.85,287.85,0.00501365813118618
1107,GRINDWELL,2016-08-17,2016-08-31,0.08148148148148149,330.05,330.85,0.0001975009398127136
1108,SWANENERGY,2016-08-17,2016-08-31,0.07777777777777778,63.95,64.05,0.00012162279558682307
1109,LAKSHVILAS,2016-08-17,2016-08-31,0.07407407407407408,145.1,145.0,-5.1050361181302464e-05
1110,VIDEOIND,2016-08-17,2016-08-31,0.07037037037037037,104.3,105.45,0.0007758957423386993
1111,BALKRISIND,2016-08-17,2016-08-31,0.06666666666666667,370.0,425.0,0.00990990990990991
1112,MAHLIFE,2016-08-17,2016-08-31,0.06296296296296296,142.966666666667,144.75,0.0007853855254180141
1113,CRISIL,2016-08-17,2016-08-31,0.05925925925925925,2149.0,2160.0,0.0003033279906244075
1114,RATNAMANI,2016-08-17,2016-08-31,0.05555555555555554,357.033333333333,369.966666666667,0.0020124690090147154
1115,BLISSGVS,2016-08-17,2016-08-31,0.05185185185185183,122.4,147.8,0.010760106511740496
1116,EIHOTEL,2016-08-17,2016-08-31,0.04814814814814812,113.75,112.1,-0.0006984126984127004
1117,FDC,2016-08-17,2016-08-31,0.04444444444444441,184.0,190.0,0.0014492753623188397
1118,SANOFI,2016-08-17,2016-08-31,0.0407407407407407,2893.73,2879.63,-0.00019851349104596497
1119,GRINDWELL,2016-08-30,2016-09-14,0.09259259259259262,329.0,325.0,-0.0011257458065968707
1120,RATNAMANI,2016-08-30,2016-09-14,0.0888888888888889,365.5,366.533333333333,0.0002513046562293404
1121,PEL,2016-08-30,2016-09-14,0.0851851851851852,1061.6666666666667,1038.861111111111,-0.0018298544489020762
1122,LAKSHVILAS,2016-08-30,2016-09-14,0.08148148148148149,145.5,149.75,0.002380043273514064
1123,HMVL,2016-08-30,2016-09-14,0.07777777777777778,286.95,280.05,-0.0018702445257594178
1124,EPL,2016-08-30,2016-09-14,0.07407407407407408,224.3,212.0,-0.004062020111953241
1125,MANAPPURAM,2016-08-30,2016-09-14,0.07037037037037037,85.0,90.0,0.004139433551198257
1126,VIDEOIND,2016-08-30,2016-09-14,0.06666666666666667,104.6,104.0,-0.00038240917782026405
1127,VGUARD,2016-08-30,2016-09-14,0.06296296296296296,128.071428571429,130.142857142857,0.0010183635950504206
1128,SWANENERGY,2016-08-30,2016-09-14,0.05925925925925925,64.0,64.25,0.00023148148148148144
1129,CHOLAFIN,2016-08-30,2016-09-14,0.05555555555555554,234.0,211.43,-0.005358499525166188
1130,ASTRAZEN,2016-08-30,2016-09-14,0.05185185185185183,1058.0,1005.0,-0.0025974935237695154
1131,CRISIL,2016-08-30,2016-09-14,0.04814814814814812,2180.95,2193.0,0.00026602406528585876
1132,AIAENG,2016-08-30,2016-09-14,0.04444444444444441,1269.0,1186.55,-0.002887663076788372
1133,BLISSGVS,2016-08-30,2016-09-14,0.0407407407407407,146.0,148.4,0.0006697108066971091
1134,3639.0,2016-09-14,2016-09-27,0.09259259259259262,316.95,309.5,-0.0021764152541877708
1135,RATNAMANI,2016-09-14,2016-09-27,0.0888888888888889,366.533333333333,377.966666666667,0.002772725435512059
1136,GRINDWELL,2016-09-14,2016-09-27,0.0851851851851852,325.0,316.1,-0.002332763532763527
1137,ASTRAZEN,2016-09-14,2016-09-27,0.08148148148148149,1005.0,955.0,-0.004053805048829925
1138,SWANENERGY,2016-09-14,2016-09-27,0.07777777777777778,64.25,61.0,-0.003934284479031561
1139,VIDEOIND,2016-09-14,2016-09-27,0.07407407407407408,104.0,104.6,0.00042735042735042334
1140,PEL,2016-09-14,2016-09-27,0.07037037037037037,1038.861111111111,1052.9166666666667,0.0009520951738658164
1141,EPL,2016-09-14,2016-09-27,0.06666666666666667,212.0,225.1,0.00411949685534591
1142,MANAPPURAM,2016-09-14,2016-09-27,0.06296296296296296,90.0,97.45,0.0052119341563786024
1143,HMVL,2016-09-14,2016-09-27,0.05925925925925925,280.05,282.1,0.00043378497226024686
1144,LAKSHVILAS,2016-09-14,2016-09-27,0.05555555555555554,149.75,157.0,0.002689667965127063
1145,FDC,2016-09-14,2016-09-27,0.05185185185185183,225.3,222.45,-0.0006559155693643094
1146,CYIENT,2016-09-14,2016-09-27,0.04814814814814812,489.2,478.95,-0.0010088277156960718
1147,CRISIL,2016-09-14,2016-09-27,0.04444444444444441,2193.0,2185.0,-0.000162132036277043
1148,MAYURUNIQ,2016-09-14,2016-09-27,0.0407407407407407,429.9,425.0,-0.00046436294400937085
1149,3639.0,2016-09-28,2016-10-13,0.09259259259259262,304.15,305.0,0.0002587660815508987
1150,ASTRAZEN,2016-09-28,2016-10-13,0.0888888888888889,958.9,962.05,0.00029200125143393266
1151,PEL,2016-09-28,2016-10-13,0.0851851851851852,1055.75,1027.2222222222222,-0.0023018176963502867
1152,GRINDWELL,2016-09-28,2016-10-13,0.08148148148148149,318.7,340.0,0.005445734407140122
1153,VIDEOIND,2016-09-28,2016-10-13,0.07777777777777778,104.4,104.2,-0.00014899957428693273
1154,CYIENT,2016-09-28,2016-10-13,0.07407407407407408,477.65,487.95,0.0015973264167548707
1155,LAOPALA,2016-09-28,2016-10-13,0.07037037037037037,215.2,217.2,0.000653999724631695
1156,SWANENERGY,2016-09-28,2016-10-13,0.06666666666666667,60.7,105.25,0.048929159802306416
1157,RATNAMANI,2016-09-28,2016-10-13,0.06296296296296296,369.333333333333,376.566666666667,0.001233119400989557
1158,EPL,2016-09-28,2016-10-13,0.05925925925925925,226.8,237.7,0.0028479979097262983
1159,MANAPPURAM,2016-09-28,2016-10-13,0.05555555555555554,99.0,91.7,-0.004096520763187427
1160,SKFINDIA,2016-09-28,2016-10-13,0.05185185185185183,1430.0,1436.0,0.00021756021756021748
1161,CRISIL,2016-09-28,2016-10-13,0.04814814814814812,2194.85,2448.0,0.005553319681847827
1162,HMVL,2016-09-28,2016-10-13,0.04444444444444441,286.65,288.35,0.00026358121596217526
1163,OFSS,2016-09-28,2016-10-13,0.0407407407407407,3300.0,3280.0,-0.0002469135802469133
1164,3639.0,2016-10-18,2016-11-01,0.09259259259259262,311.0,317.1,0.0018161248064785115
1165,CYIENT,2016-10-18,2016-11-01,0.0888888888888889,507.5,503.95,-0.0006217843459222791
1166,ASTRAZEN,2016-10-18,2016-11-01,0.0851851851851852,963.05,1009.95,0.0041484711958726895
1167,HMVL,2016-10-18,2016-11-01,0.08148148148148149,295.0,311.0,0.004419334588826114
1168,VIDEOIND,2016-10-18,2016-11-01,0.07777777777777778,104.5,104.7,0.00014885699096225624
1169,LAOPALA,2016-10-18,2016-11-01,0.07407407407407408,214.0,222.0,0.0027691242644513675
1170,GRINDWELL,2016-10-18,2016-11-01,0.07037037037037037,340.0,333.0,-0.00144880174291939
1171,RELIGARE,2016-10-18,2016-11-01,0.06666666666666667,274.75,269.95,-0.0011646951774340335
1172,SUPRAJIT,2016-10-18,2016-11-01,0.06296296296296296,211.0,213.2,0.0006564858697560085
1173,KAJARIACER,2016-10-18,2016-11-01,0.05925925925925925,735.0,632.05,-0.008300327538422778
1174,EPL,2016-10-18,2016-11-01,0.05555555555555554,236.0,242.8,0.001600753295668552
1175,ASTRAL,2016-10-18,2016-11-01,0.05185185185185183,317.3308270676692,329.69924812030075,0.0020209997937755274
1176,NH,2016-10-18,2016-11-01,0.04814814814814812,339.0,353.35,0.0020381295750027334
1177,SKFINDIA,2016-10-18,2016-11-01,0.04444444444444441,1448.0,1406.0,-0.001289134438305708
1178,ECLERX,2016-10-18,2016-11-01,0.0407407407407407,1053.33333333333,1025.3,-0.001084270979840478
1179,3639.0,2016-11-01,2016-11-15,0.09259259259259262,317.1,300.5,-0.0048471682025765985
1180,CYIENT,2016-11-01,2016-11-15,0.0888888888888889,503.95,458.95,-0.007937295366603831
1181,ASTRAZEN,2016-11-01,2016-11-15,0.0851851851851852,1009.95,975.0,-0.0029478907096610984
1182,VIDEOIND,2016-11-01,2016-11-15,0.08148148148148149,104.7,101.2,-0.0027238317591708233
1183,HMVL,2016-11-01,2016-11-15,0.07777777777777778,311.0,285.6,-0.006352268667381202
1184,RELIGARE,2016-11-01,2016-11-15,0.07407407407407408,269.95,258.0,-0.0032790708841829394
1185,PERSISTENT,2016-11-01,2016-11-15,0.07037037037037037,650.35,640.0,-0.0011199097921631967
1186,GRINDWELL,2016-11-01,2016-11-15,0.06666666666666667,333.0,316.0,-0.0034034034034034033
1187,SKFINDIA,2016-11-01,2016-11-15,0.06296296296296296,1406.0,1425.0,0.0008508508508508508
1188,TTKPRESTIG,2016-11-01,2016-11-15,0.05925925925925925,640.055,557.515,-0.0076419358637293
1189,BRIGADE,2016-11-01,2016-11-15,0.05555555555555554,118.533333333333,103.366666666667,-0.007108486439194807
1190,ZENSARTECH,2016-11-01,2016-11-15,0.05185185185185183,183.8,195.6,0.00332890017329625
1191,KAJARIACER,2016-11-01,2016-11-15,0.04814814814814812,632.05,501.0,-0.00998309439888428
1192,SCHAEFFLER,2016-11-01,2016-11-15,0.04444444444444441,887.6,878.27,-0.0004671774072405004
1193,ASTRAL,2016-11-01,2016-11-15,0.0407407407407407,329.69924812030075,311.65413533834584,-0.0022298238945901443
1194,3639.0,2016-11-16,2016-11-30,0.09259259259259262,297.0,308.0,0.0034293552812071342
1195,CYIENT,2016-11-16,2016-11-30,0.0888888888888889,465.0,499.0,0.006499402628434888
1196,RELIGARE,2016-11-16,2016-11-30,0.0851851851851852,274.5,269.15,-0.0016602577076165492
1197,ZENSARTECH,2016-11-16,2016-11-30,0.08148148148148149,197.1,200.16,0.0012650093015389831
1198,GRINDWELL,2016-11-16,2016-11-30,0.07777777777777778,324.3,325.2,0.00021584952204748144
1199,VIDEOIND,2016-11-16,2016-11-30,0.07407407407407408,103.95,104.0,3.5629665259292865e-05
1200,SWANENERGY,2016-11-16,2016-11-30,0.07037037037037037,136.85,150.8,0.007173304104250405
1201,PERSISTENT,2016-11-16,2016-11-30,0.06666666666666667,618.05,607.0,-0.001191920826254613
1202,GLAXO,2016-11-16,2016-11-30,0.06296296296296296,1329.175,1342.575,0.0006347574275048127
1203,ASTRAZEN,2016-11-16,2016-11-30,0.05925925925925925,951.0,953.95,0.0001838220975970741
1204,PGHH,2016-11-16,2016-11-30,0.05555555555555554,6728.0,6679.0,-0.0004046109129343373
1205,ALKEM,2016-11-16,2016-11-30,0.05185185185185183,1655.0,1724.7,0.002183730558352915
1206,POLARIS,2016-11-16,2016-11-30,0.04814814814814812,165.75,163.95,-0.000522875816993467
1207,SKFINDIA,2016-11-16,2016-11-30,0.04444444444444441,1412.0,1270.0,-0.004469625432798234
1208,NATCOPHARM,2016-11-16,2016-11-30,0.0407407407407407,662.4,608.0,-0.003345857935229911
1209,3639.0,2016-11-30,2016-12-14,0.09259259259259262,308.0,304.45,-0.0010672198172198208
1210,CYIENT,2016-11-30,2016-12-14,0.0888888888888889,499.0,505.0,0.001068804275217101
1211,ZENSARTECH,2016-11-30,2016-12-14,0.0851851851851852,200.16,199.92,-0.00010214050981437462
1212,SWANENERGY,2016-11-30,2016-12-14,0.08148148148148149,150.8,208.4,0.031122900088417327
1213,VIDEOIND,2016-11-30,2016-12-14,0.07777777777777778,104.0,104.1,7.478632478632054e-05
1214,RELIGARE,2016-11-30,2016-12-14,0.07407407407407408,269.15,260.85,-0.002284283168548436
1215,GLAXO,2016-11-30,2016-12-14,0.07037037037037037,1342.575,1365.0,0.0011753947120686386
1216,INDOCO,2016-11-30,2016-12-14,0.06666666666666667,267.5,259.0,-0.002118380062305296
1217,PERSISTENT,2016-11-30,2016-12-14,0.06296296296296296,607.0,601.85,-0.0005341997681371628
1218,GRINDWELL,2016-11-30,2016-12-14,0.05925925925925925,325.2,323.2,-0.00036444808892533364
1219,POLARIS,2016-11-30,2016-12-14,0.05555555555555554,163.95,156.9,-0.002388939717393508
1220,DBCORP,2016-11-30,2016-12-14,0.05185185185185183,367.9,364.8,-0.0004369142178329408
1221,PGHH,2016-11-30,2016-12-14,0.04814814814814812,6679.0,6950.0,0.0019536080473346517
1222,ASTRAZEN,2016-11-30,2016-12-14,0.04444444444444441,953.95,950.0,-0.00018403014367163629
1223,BRIGADE,2016-11-30,2016-12-14,0.0407407407407407,101.566666666667,104.666666666667,0.0012434817488969037
1224,3639.0,2016-12-15,2016-12-29,0.09259259259259262,304.0,303.5,-0.00015229044834307997
1225,CYIENT,2016-12-15,2016-12-29,0.0888888888888889,510.85,483.0,-0.004845953911237267
1226,ZENSARTECH,2016-12-15,2016-12-29,0.0851851851851852,200.19,185.8,-0.006123256979943123
1227,VIDEOIND,2016-12-15,2016-12-29,0.08148148148148149,104.0,104.05,3.9173789173786953e-05
1228,POLARIS,2016-12-15,2016-12-29,0.07777777777777778,149.55,147.8,-0.0009101378208700175
1229,SWANENERGY,2016-12-15,2016-12-29,0.07407407407407408,175.0,149.3,-0.010878306878306874
1230,GLAXO,2016-12-15,2016-12-29,0.07037037037037037,1368.25,1351.025,-0.0008858977742588148
1231,RELIGARE,2016-12-15,2016-12-29,0.06666666666666667,258.0,253.35,-0.0012015503875969008
1232,INDOCO,2016-12-15,2016-12-29,0.06296296296296296,261.0,260.0,-0.00024123740598836383
1233,PGHH,2016-12-15,2016-12-29,0.05925925925925925,6791.05,6930.0,0.001212489095806107
1234,PFIZER,2016-12-15,2016-12-29,0.05555555555555554,1850.0,1806.35,-0.0013108108108108132
1235,BRIGADE,2016-12-15,2016-12-29,0.05185185185185183,100.066666666667,97.8666666666667,-0.0011399807535718448
1236,PERSISTENT,2016-12-15,2016-12-29,0.04814814814814812,603.95,615.0,0.0008809289461661305
1237,ASTRAZEN,2016-12-15,2016-12-29,0.04444444444444441,947.95,935.75,-0.0005719945379210125
1238,SKFINDIA,2016-12-15,2016-12-29,0.0407407407407407,1275.0,1243.0,-0.0010225127087872177
1239,3639.0,2017-01-03,2017-01-17,0.09259259259259262,304.7,344.35,0.01204888840267903
1240,CYIENT,2017-01-03,2017-01-17,0.0888888888888889,493.0,499.0,0.0010818120351588913
1241,ZENSARTECH,2017-01-03,2017-01-17,0.0851851851851852,188.4,184.0,-0.001989462923645517
1242,VIDEOIND,2017-01-03,2017-01-17,0.08148148148148149,104.1,104.4,0.00023481694951436478
1243,NAUKRI,2017-01-03,2017-01-17,0.07777777777777778,178.24,170.47,-0.00339055954518253
1244,GLAXO,2017-01-03,2017-01-17,0.07407407407407408,1371.975,1367.625,-0.0002348601266219979
1245,SWANENERGY,2017-01-03,2017-01-17,0.07037037037037037,161.75,173.75,0.005220676627168127
1246,PFIZER,2017-01-03,2017-01-17,0.06666666666666667,1820.0,1808.7,-0.00041391941391941226
1247,MONSANTO,2017-01-03,2017-01-17,0.06296296296296296,2245.7,2254.2,0.00023831552976140408
1248,POLARIS,2017-01-03,2017-01-17,0.05925925925925925,151.6,161.9,0.004026189778168674
1249,PGHH,2017-01-03,2017-01-17,0.05555555555555554,6952.0,6794.95,-0.0012550345224395867
1250,ASTRAZEN,2017-01-03,2017-01-17,0.05185185185185183,945.05,959.05,0.0007681349409300309
1251,INDOCO,2017-01-03,2017-01-17,0.04814814814814812,261.0,272.45,0.0021122463459628178
1252,BRIGADE,2017-01-03,2017-01-17,0.04444444444444441,101.566666666667,103.966666666667,0.0010502133245815475
1253,GRINDWELL,2017-01-03,2017-01-17,0.0407407407407407,329.05,325.0,-0.0005014435496125218
1254,3639.0,2017-01-17,2017-01-31,0.09259259259259262,344.35,354.95,0.0028502438840757325
1255,CYIENT,2017-01-17,2017-01-31,0.0888888888888889,499.0,472.0,-0.0048096192384769546
1256,ZENSARTECH,2017-01-17,2017-01-31,0.0851851851851852,184.0,182.14,-0.0008611111111111176
1257,VIDEOIND,2017-01-17,2017-01-31,0.08148148148148149,104.4,104.2,-0.00015609479211012002
1258,SWANENERGY,2017-01-17,2017-01-31,0.07777777777777778,173.75,172.6,-0.000514788169464431
1259,GLAXO,2017-01-17,2017-01-31,0.07407407407407408,1367.625,1363.55,-0.00022071244080201462
1260,PFIZER,2017-01-17,2017-01-31,0.07037037037037037,1808.7,1780.0,-0.0011166194668157422
1261,NAUKRI,2017-01-17,2017-01-31,0.06666666666666667,170.47,171.2,0.0002854852271171818
1262,MONSANTO,2017-01-17,2017-01-31,0.06296296296296296,2254.2,2344.9,0.0025333780235741094
1263,POLARIS,2017-01-17,2017-01-31,0.05925925925925925,161.9,162.0,3.6602383730238346e-05
1264,PGHH,2017-01-17,2017-01-31,0.05555555555555554,6794.95,6931.45,0.0011160248910342728
1265,ASTRAZEN,2017-01-17,2017-01-31,0.05185185185185183,959.05,957.95,-5.947243317557197e-05
1266,INDOCO,2017-01-17,2017-01-31,0.04814814814814812,272.45,270.0,-0.0004329710514331524
1267,BRIGADE,2017-01-17,2017-01-31,0.04444444444444441,103.966666666667,104.533333333333,0.0002422428841149971
1268,PERSISTENT,2017-01-17,2017-01-31,0.0407407407407407,624.05,602.1,-0.001432992964120272
1269,3639.0,2017-01-31,2017-02-14,0.09259259259259262,354.95,368.3,0.0034824936219498906
1270,CYIENT,2017-01-31,2017-02-14,0.0888888888888889,472.0,463.1,-0.0016760828625235365
1271,ZENSARTECH,2017-01-31,2017-02-14,0.0851851851851852,182.14,185.39,0.0015199947943990992
1272,VIDEOIND,2017-01-31,2017-02-14,0.08148148148148149,104.2,104.0,-0.00015639439823701085
1273,GLAXO,2017-01-31,2017-02-14,0.07777777777777778,1363.55,1351.2,-0.0007044520227021734
1274,PFIZER,2017-01-31,2017-02-14,0.07407407407407408,1780.0,1741.35,-0.001608406158967961
1275,NAUKRI,2017-01-31,2017-02-14,0.07037037037037037,171.2,170.4,-0.0003288335064035929
1276,MONSANTO,2017-01-31,2017-02-14,0.06666666666666667,2344.9,2301.95,-0.00122108974085605
1277,POLARIS,2017-01-31,2017-02-14,0.06296296296296296,162.0,172.8,0.004197530864197534
1278,INDOCO,2017-01-31,2017-02-14,0.05925925925925925,270.0,270.6,0.00013168724279835888
1279,PGHH,2017-01-31,2017-02-14,0.05555555555555554,6931.45,7005.3,0.0005919075774589439
1280,SWANENERGY,2017-01-31,2017-02-14,0.05185185185185183,172.6,157.25,-0.004611390069095743
1281,ASTRAZEN,2017-01-31,2017-02-14,0.04814814814814812,957.95,945.0,-0.0006508883746735428
1282,PERSISTENT,2017-01-31,2017-02-14,0.04444444444444441,602.1,627.0,0.0018380114045285915
1283,INDIGO,2017-01-31,2017-02-14,0.0407407407407407,930.0,832.05,-0.004290919952210273
1284,3639.0,2017-02-15,2017-03-01,0.09259259259259262,378.6,374.55,-0.0009904912836767067
1285,CYIENT,2017-02-15,2017-03-01,0.0888888888888889,468.0,482.0,0.002659069325735993
1286,ZENSARTECH,2017-02-15,2017-03-01,0.0851851851851852,189.19,187.6,-0.0007159175667024936
1287,VIDEOIND,2017-02-15,2017-03-01,0.08148148148148149,103.95,104.0,3.9192631785222154e-05
1288,GLAXO,2017-02-15,2017-03-01,0.07777777777777778,1346.4,1349.5,0.0001790783653528699
1289,INDIGO,2017-02-15,2017-03-01,0.07407407407407408,818.65,860.15,0.0037550529213633108
1290,PFIZER,2017-02-15,2017-03-01,0.07037037037037037,1743.45,1769.0,0.001031267293563314
1291,POLARIS,2017-02-15,2017-03-01,0.06666666666666667,173.2,184.0,0.004157043879907626
1292,PGHH,2017-02-15,2017-03-01,0.06296296296296296,7047.0,7065.05,0.000161271673262593
1293,NAUKRI,2017-02-15,2017-03-01,0.05925925925925925,172.0,170.4,-0.0005512489233419445
1294,GILLETTE,2017-02-15,2017-03-01,0.05555555555555554,4187.95,4069.85,-0.0015666641462078353
1295,PERSISTENT,2017-02-15,2017-03-01,0.05185185185185183,626.95,644.7,0.0014680123939235503
1296,SWANENERGY,2017-02-15,2017-03-01,0.04814814814814812,149.05,158.4,0.003020363536968699
1297,INDOCO,2017-02-15,2017-03-01,0.04444444444444441,268.9,272.6,0.0006115449774802765
1298,BALMLAWRIE,2017-02-15,2017-03-01,0.0407407407407407,215.5,213.0,-0.0004726304030248341
1299,3639.0,2017-03-02,2017-03-16,0.09259259259259262,368.9,362.0,-0.0017318755459172865
1300,CYIENT,2017-03-02,2017-03-16,0.0888888888888889,479.25,465.2,-0.002605923607488555
1301,GLAXO,2017-03-02,2017-03-16,0.0851851851851852,1346.95,1354.0,0.00044586328783960183
1302,VIDEOIND,2017-03-02,2017-03-16,0.08148148148148149,103.9,103.85,-3.921149253200193e-05
1303,ZENSARTECH,2017-03-02,2017-03-16,0.07777777777777778,184.2,182.72,-0.0006249245988659627
1304,INDIGO,2017-03-02,2017-03-16,0.07407407407407408,875.0,881.5,0.0005502645502645504
1305,PGHH,2017-03-02,2017-03-16,0.07037037037037037,7060.05,6835.0,-0.0022431642625550616
1306,POLARIS,2017-03-02,2017-03-16,0.06666666666666667,182.4,180.0,-0.0008771929824561423
1307,PFIZER,2017-03-02,2017-03-16,0.06296296296296296,1751.05,1738.0,-0.0004692422641653087
1308,NAUKRI,2017-03-02,2017-03-16,0.05925925925925925,170.52,165.96,-0.0015846951807542945
1309,PERSISTENT,2017-03-02,2017-03-16,0.05555555555555554,645.0,633.9,-0.0009560723514211902
1310,GILLETTE,2017-03-02,2017-03-16,0.05185185185185183,4086.55,4133.7,0.0005982588772472611
1311,SWANENERGY,2017-03-02,2017-03-16,0.04814814814814812,155.3,146.1,-0.002852304977224491
1312,DBCORP,2017-03-02,2017-03-16,0.04444444444444441,374.2,385.0,0.0012827365045430257
1313,INDOCO,2017-03-02,2017-03-16,0.0407407407407407,270.0,259.5,-0.001584362139917694
1314,ZENSARTECH,2017-03-21,2017-04-05,0.09259259259259262,180.39,184.0,0.0018529810924067887
1315,GLAXO,2017-03-21,2017-04-05,0.0888888888888889,1374.375,1369.5,-0.0003152948309837806
1316,VIDEOIND,2017-03-21,2017-04-05,0.0851851851851852,103.8,104.5,0.0005744665667594401
1317,CYIENT,2017-03-21,2017-04-05,0.08148148148148149,483.1,494.0,0.0018384354132646374
1318,PFIZER,2017-03-21,2017-04-05,0.07777777777777778,1775.05,1935.0,0.007008566268868798
1319,INDIGO,2017-03-21,2017-04-05,0.07407407407407408,929.7,1047.0,0.00934590608679024
1320,NAUKRI,2017-03-21,2017-04-05,0.07037037037037037,165.63,163.5,-0.0009049621982061738
1321,PGHH,2017-03-21,2017-04-05,0.06666666666666667,6811.25,7386.8,0.005633327216002938
1322,DBCORP,2017-03-21,2017-04-05,0.06296296296296296,387.0,383.0,-0.0006507799789453536
1323,GILLETTE,2017-03-21,2017-04-05,0.05925925925925925,4188.95,4248.95,0.0008487939831116521
1324,ALKEM,2017-03-21,2017-04-05,0.05555555555555554,2119.95,2164.0,0.0011543773307022486
1325,INDOCO,2017-03-21,2017-04-05,0.05185185185185183,256.45,235.0,-0.00433699443252962
1326,POLARIS,2017-03-21,2017-04-05,0.04814814814814812,175.0,180.35,0.0014719576719576695
1327,MONSANTO,2017-03-21,2017-04-05,0.04444444444444441,2500.25,2540.0,0.0007065960070659596
1328,RELIGARE,2017-03-21,2017-04-05,0.0407407407407407,227.6,224.05,-0.000635455314717174
1329,SWANENERGY,2017-04-05,2017-04-18,0.09259259259259262,142.0,135.65,-0.004140584246218046
1330,ZENSARTECH,2017-04-05,2017-04-18,0.0888888888888889,184.0,180.91,-0.0014927536231884077
1331,GLAXO,2017-04-05,2017-04-18,0.0851851851851852,1369.5,1336.5,-0.0020526550647032575
1332,CYIENT,2017-04-05,2017-04-18,0.08148148148148149,494.0,488.0,-0.0009896536212325687
1333,INDOCO,2017-04-05,2017-04-18,0.07777777777777778,235.0,239.55,0.0015059101654846373
1334,PFIZER,2017-04-05,2017-04-18,0.07407407407407408,1935.0,1879.95,-0.002107378696525982
1335,VIDEOIND,2017-04-05,2017-04-18,0.07037037037037037,104.5,104.0,-0.0003367003367003367
1336,INDIGO,2017-04-05,2017-04-18,0.06666666666666667,1047.0,1091.15,0.00281120662209488
1337,BALMLAWRIE,2017-04-05,2017-04-18,0.06296296296296296,240.95,235.0,-0.0015548023640988957
1338,PGHH,2017-04-05,2017-04-18,0.05925925925925925,7386.8,7377.8,-7.220086280031045e-05
1339,MAXINDIA,2017-04-05,2017-04-18,0.05555555555555554,150.0,147.05,-0.001092592592592588
1340,DBCORP,2017-04-05,2017-04-18,0.05185185185185183,383.0,384.1,0.00014892176772072634
1341,POLARIS,2017-04-05,2017-04-18,0.04814814814814812,180.35,215.0,0.009250531374179832
1342,ALKEM,2017-04-05,2017-04-18,0.04444444444444441,2164.0,2128.35,-0.0007321831998356965
1343,PERSISTENT,2017-04-05,2017-04-18,0.0407407407407407,587.95,569.0,-0.001313099816373906
1344,SWANENERGY,2017-04-18,2017-05-02,0.09259259259259262,135.65,154.95,0.013173881585234323
1345,ZENSARTECH,2017-04-18,2017-05-02,0.0888888888888889,180.91,171.0,-0.004869210595814984
1346,GLAXO,2017-04-18,2017-05-02,0.0851851851851852,1336.5,1249.3,-0.0055579110723143685
1347,VIDEOIND,2017-04-18,2017-05-02,0.08148148148148149,104.0,103.9,-7.834757834757391e-05
1348,PFIZER,2017-04-18,2017-05-02,0.07777777777777778,1879.95,1750.0,-0.005376325020464494
1349,INDIGO,2017-04-18,2017-05-02,0.07407407407407408,1091.15,1108.95,0.0012083751258016911
1350,INDOCO,2017-04-18,2017-05-02,0.07037037037037037,239.55,223.0,-0.004861739217823546
1351,POLARIS,2017-04-18,2017-05-02,0.06666666666666667,215.0,206.25,-0.0027131782945736434
1352,PGHH,2017-04-18,2017-05-02,0.06296296296296296,7377.8,7361.0,-0.00014337306212933247
1353,BALMLAWRIE,2017-04-18,2017-05-02,0.05925925925925925,235.0,237.3,0.0005799842395587104
1354,GILLETTE,2017-04-18,2017-05-02,0.05555555555555554,4134.35,4310.0,0.002360306537504882
1355,DBCORP,2017-04-18,2017-05-02,0.05185185185185183,384.1,382.0,-0.00028349098903642287
1356,MAXINDIA,2017-04-18,2017-05-02,0.04814814814814812,147.05,162.5,0.005058747969322597
1357,ALKEM,2017-04-18,2017-05-02,0.04444444444444441,2128.35,1982.0,-0.003056097185352238
1358,PERSISTENT,2017-04-18,2017-05-02,0.0407407407407407,569.0,589.8,0.0014892924559005356
1359,SWANENERGY,2017-05-03,2017-05-17,0.09259259259259262,159.9,147.5,-0.007180413684478731
1360,GLAXO,2017-05-03,2017-05-17,0.0888888888888889,1213.45,1222.5,0.0006629399187807
1361,POLARIS,2017-05-03,2017-05-17,0.0851851851851852,201.0,215.0,0.005933296480560162
1362,INDOCO,2017-05-03,2017-05-17,0.08148148148148149,222.0,220.95,-0.00038538538538538964
1363,PFIZER,2017-05-03,2017-05-17,0.07777777777777778,1739.5,1765.0,0.0011401743796109994
1364,VIDEOIND,2017-05-03,2017-05-17,0.07407407407407408,104.0,100.6,-0.0024216524216524263
1365,ALKEM,2017-05-03,2017-05-17,0.07037037037037037,2005.0,1911.2,-0.00329214002031957
1366,BALMLAWRIE,2017-05-03,2017-05-17,0.06666666666666667,236.0,241.7,0.0016101694915254205
1367,MAXINDIA,2017-05-03,2017-05-17,0.06296296296296296,155.05,155.6,0.0002233449186045053
1368,INDIGO,2017-05-03,2017-05-17,0.05925925925925925,1132.7,1115.65,-0.0008920017395341815
1369,ZENSARTECH,2017-05-03,2017-05-17,0.05555555555555554,174.0,180.2,0.0019795657726692168
1370,DBCORP,2017-05-03,2017-05-17,0.05185185185185183,381.7,361.75,-0.002710098099147088
1371,PGHH,2017-05-03,2017-05-17,0.04814814814814812,7405.0,7711.2,0.0019909470577937805
1372,GILLETTE,2017-05-03,2017-05-17,0.04444444444444441,4295.0,4840.0,0.005639632647781654
1373,NATCOPHARM,2017-05-03,2017-05-17,0.0407407407407407,925.95,949.0,0.0010141736314855784
1374,AHLUCONT,2017-05-18,2017-06-01,0.09259259259259262,391.15,350.1,-0.009717310305320012
1375,CCL,2017-05-18,2017-06-01,0.0888888888888889,335.25,300.0,-0.009346259010688543
1376,INDOCO,2017-05-18,2017-06-01,0.0851851851851852,217.25,182.0,-0.013821761923027748
1377,INDIGO,2017-05-18,2017-06-01,0.08148148148148149,1102.0,1119.8,0.001316125562949516
1378,DBCORP,2017-05-18,2017-06-01,0.07777777777777778,370.0,374.05,0.0008513513513513538
1379,POLARIS,2017-05-18,2017-06-01,0.07407407407407408,214.95,221.0,0.002084894850654334
1380,NAUKRI,2017-05-18,2017-06-01,0.07037037037037037,172.2,183.8,0.004740396610315319
1381,MAXINDIA,2017-05-18,2017-06-01,0.06666666666666667,149.0,149.0,0.0
1382,VIDEOIND,2017-05-18,2017-06-01,0.06296296296296296,100.45,39.05,-0.03848607193554929
1383,GLAXO,2017-05-18,2017-06-01,0.05925925925925925,1203.875,1220.0,0.000793733199506224
1384,ASTRAZEN,2017-05-18,2017-06-01,0.05555555555555554,974.0,935.0,-0.0022245037645448316
1385,PFIZER,2017-05-18,2017-06-01,0.05185185185185183,1748.5,1694.5,-0.0016013726050900766
1386,GSKCONS,2017-05-18,2017-06-01,0.04814814814814812,5311.0,5270.05,-0.00037124207619406075
1387,LALPATHLAB,2017-05-18,2017-06-01,0.04444444444444441,908.0,916.0,0.00039158100832109615
1388,VAKRANGEE,2017-05-18,2017-06-01,0.0407407407407407,174.5,183.85,0.002182956595564042
1389,AHLUCONT,2017-06-06,2017-06-20,0.09259259259259262,331.0,324.5,-0.0018182835403379213
1390,POLARIS,2017-06-06,2017-06-20,0.0888888888888889,223.5,235.15,0.004633358190405173
1391,NH,2017-06-06,2017-06-20,0.0851851851851852,337.7,321.75,-0.004023404512003858
1392,VAKRANGEE,2017-06-06,2017-06-20,0.08148148148148149,204.975,211.5,0.0025938122535268554
1393,INDIGO,2017-06-06,2017-06-20,0.07777777777777778,1138.0,1211.85,0.005047354032415538
1394,DBCORP,2017-06-06,2017-06-20,0.07407407407407408,370.2,374.05,0.000770354363006988
1395,GLAXO,2017-06-06,2017-06-20,0.07037037037037037,1239.95,1219.025,-0.0011875478849953601
1396,CCL,2017-06-06,2017-06-20,0.06666666666666667,290.0,294.0,0.0009195402298850574
1397,ZENSARTECH,2017-06-06,2017-06-20,0.06296296296296296,173.6,174.26,0.00023937532002048006
1398,CONCOR,2017-06-06,2017-06-20,0.05925925925925925,588.85,569.6,-0.0019372348488422189
1399,PERSISTENT,2017-06-06,2017-06-20,0.05555555555555554,602.0,681.0,0.007290513104466591
1400,TTKPRESTIG,2017-06-06,2017-06-20,0.05185185185185183,674.0,667.5,-0.0005000549510935266
1401,TCS,2017-06-06,2017-06-20,0.04814814814814812,1315.5,1215.5,-0.003660064473443415
1402,PFIZER,2017-06-06,2017-06-20,0.04444444444444441,1671.0,1748.75,0.0020679566460535927
1403,SUPREMEIND,2017-06-06,2017-06-20,0.0407407407407407,1149.0,1190.0,0.0014537601134642026
1404,VAKRANGEE,2017-06-20,2017-07-04,0.09259259259259262,211.5,221.15,0.004224673846423259
1405,DBCORP,2017-06-20,2017-07-04,0.0888888888888889,374.05,380.0,0.0014139523830741557
1406,INDIGO,2017-06-20,2017-07-04,0.0851851851851852,1211.85,1204.0,-0.0005518040217054058
1407,PERSISTENT,2017-06-20,2017-07-04,0.08148148148148149,681.0,671.05,-0.0011905150377984502
1408,AHLUCONT,2017-06-20,2017-07-04,0.07777777777777778,324.5,334.45,0.0023848656052045856
1409,ZENSARTECH,2017-06-20,2017-07-04,0.07407407407407408,174.26,161.4,-0.0054665017364431984
1410,GLAXO,2017-06-20,2017-07-04,0.07037037037037037,1219.025,1266.525,0.0027420213634606286
1411,NH,2017-06-20,2017-07-04,0.06666666666666667,321.75,312.7,-0.0018751618751618774
1412,SANOFI,2017-06-20,2017-07-04,0.06296296296296296,2773.97,2786.37,0.00028145248172862234
1413,ZYDUSWELL,2017-06-20,2017-07-04,0.05925925925925925,857.1,866.9,0.0006775647424346492
1414,MAXINDIA,2017-06-20,2017-07-04,0.05555555555555554,153.95,153.0,-0.0003428241492548044
1415,NAUKRI,2017-06-20,2017-07-04,0.05185185185185183,200.35,206.24,0.001524369390603484
1416,COLPAL,2017-06-20,2017-07-04,0.04814814814814812,1107.0,1128.0,0.0009133795041654115
1417,TCS,2017-06-20,2017-07-04,0.04444444444444441,1215.5,1186.65,-0.001054892819598698
1418,CONCOR,2017-06-20,2017-07-04,0.0407407407407407,569.6,576.475,0.0004917355909280062
1419,ZENSARTECH,2017-07-04,2017-07-18,0.09259259259259262,161.4,159.79,-0.0009236311900500334
1420,AJANTPHARM,2017-07-04,2017-07-18,0.0888888888888889,1019.33333333333,990.0,-0.0025579536370900426
1421,POLARIS,2017-07-04,2017-07-18,0.0851851851851852,241.2,245.5,0.0015186413610957601
1422,VBL,2017-07-04,2017-07-18,0.08148148148148149,78.5185185185185,76.4444444444445,-0.0021523410202654776
1423,DBCORP,2017-07-04,2017-07-18,0.07777777777777778,380.0,375.8,-0.0008596491228070152
1424,ALKEM,2017-07-04,2017-07-18,0.07407407407407408,1842.8,1758.2,-0.0034006222415165293
1425,MAXINDIA,2017-07-04,2017-07-18,0.07037037037037037,153.0,147.5,-0.0025296538368433795
1426,TTKPRESTIG,2017-07-04,2017-07-18,0.06666666666666667,646.9,631.95,-0.0015406811975060477
1427,PERSISTENT,2017-07-04,2017-07-18,0.06296296296296296,671.05,650.1,-0.0019656867209210485
1428,ZYDUSWELL,2017-07-04,2017-07-18,0.05925925925925925,866.9,907.7,0.002788992707091685
1429,INDIGO,2017-07-04,2017-07-18,0.05555555555555554,1204.0,1275.0,0.0032761166482096703
1430,GLAXO,2017-07-04,2017-07-18,0.05185185185185183,1266.525,1267.475,3.889323879058827e-05
1431,HCLTECH,2017-07-04,2017-07-18,0.04814814814814812,424.2,434.55,0.0011747603331761767
1432,SFL,2017-07-04,2017-07-18,0.04444444444444441,645.5,641.05,-0.00030639469833893055
1433,PFIZER,2017-07-04,2017-07-18,0.0407407407407407,1814.55,1792.05,-0.0005051757552377537
1434,ZENSARTECH,2017-07-19,2017-08-02,0.09259259259259262,158.0,158.31,0.00018166901078293623
1435,AJANTPHARM,2017-07-19,2017-08-02,0.0888888888888889,976.0,928.566666666667,-0.004319975713418312
1436,VBL,2017-07-19,2017-08-02,0.0851851851851852,75.585185185185,74.074074074074,-0.0017030358465088646
1437,POLARIS,2017-07-19,2017-08-02,0.08148148148148149,242.05,228.0,-0.004729662527638156
1438,MAXINDIA,2017-07-19,2017-08-02,0.07777777777777778,148.0,150.75,0.0014451951951951953
1439,PERSISTENT,2017-07-19,2017-08-02,0.07407407407407408,664.95,644.0,-0.0023337872800238443
1440,DBCORP,2017-07-19,2017-08-02,0.07037037037037037,376.5,379.15,0.0004953027396586451
1441,ALKEM,2017-07-19,2017-08-02,0.06666666666666667,1744.95,1794.0,0.0018739791971116634
1442,NH,2017-07-19,2017-08-02,0.06296296296296296,307.05,304.5,-0.0005228971032586101
1443,TTKPRESTIG,2017-07-19,2017-08-02,0.05925925925925925,639.19,635.265,-0.00036388646973919584
1444,VAKRANGEE,2017-07-19,2017-08-02,0.05555555555555554,223.95,224.975,0.000254273027213417
1445,ZYDUSWELL,2017-07-19,2017-08-02,0.05185185185185183,898.9,890.0,-0.0005133846718005119
1446,INDIGO,2017-07-19,2017-08-02,0.04814814814814812,1287.0,1289.9,0.00010849233071455628
1447,GSPL,2017-07-19,2017-08-02,0.04444444444444441,171.45,188.8,0.004497585949904413
1448,GLAXO,2017-07-19,2017-08-02,0.0407407407407407,1265.5,1185.0,-0.0025915682573130197
1449,ZENSARTECH,2017-08-03,2017-08-17,0.09259259259259262,157.6,157.39,-0.00012337845459673344
1450,POLARIS,2017-08-03,2017-08-17,0.0888888888888889,230.95,241.45,0.004041278776069857
1451,VBL,2017-08-03,2017-08-17,0.0851851851851852,72.637037037037,76.874074074074,0.004968991018348512
1452,MAXINDIA,2017-08-03,2017-08-17,0.08148148148148149,151.95,143.0,-0.004799337013881267
1453,JBCHEPHARM,2017-08-03,2017-08-17,0.07777777777777778,159.7,146.7,-0.0063313156613094
1454,ALKEM,2017-08-03,2017-08-17,0.07407407407407408,1792.0,1825.0,0.0013640873015873017
1455,TTKPRESTIG,2017-08-03,2017-08-17,0.07037037037037037,627.5,626.06,-0.0001614873837981469
1456,AJANTPHARM,2017-08-03,2017-08-17,0.06666666666666667,910.666666666667,835.733333333333,-0.005485602733040552
1457,SWARAJENG,2017-08-03,2017-08-17,0.06296296296296296,2087.85,1999.95,-0.002650786428356652
1458,GRUH,2017-08-03,2017-08-17,0.05925925925925925,250.3,239.875,-0.0024681493319128178
1459,DBCORP,2017-08-03,2017-08-17,0.05555555555555554,376.45,365.2,-0.0016602470447602598
1460,PERSISTENT,2017-08-03,2017-08-17,0.05185185185185183,642.15,625.2,-0.0013686660264562564
1461,LUPIN,2017-08-03,2017-08-17,0.04814814814814812,1032.0,964.0,-0.0031725523973585973
1462,VAKRANGEE,2017-08-03,2017-08-17,0.04444444444444441,228.725,227.5,-0.00023803451500467438
1463,CIPLA,2017-08-03,2017-08-17,0.0407407407407407,568.55,593.4,0.0017806831543530164
1464,ZENSARTECH,2017-08-22,2017-09-05,0.09259259259259262,156.71,156.84,7.681090573056358e-05
1465,VBL,2017-08-22,2017-09-05,0.0888888888888889,82.7555555555555,77.1925925925925,-0.005975255599315793
1466,SWARAJENG,2017-08-22,2017-09-05,0.0851851851851852,1990.0,2136.0,0.006249767355294994
1467,JBCHEPHARM,2017-08-22,2017-09-05,0.08148148148148149,142.5,137.48,-0.0028704353476283364
1468,TTKPRESTIG,2017-08-22,2017-09-05,0.07777777777777778,634.8,627.835,-0.0008533746411818146
1469,PERSISTENT,2017-08-22,2017-09-05,0.07407407407407408,629.0,610.05,-0.002231643408114002
1470,TCS,2017-08-22,2017-09-05,0.07037037037037037,1261.5,1230.0,-0.0017571673933148369
1471,HCLTECH,2017-08-22,2017-09-05,0.06666666666666667,440.5,429.0,-0.0017404464623533861
1472,PFIZER,2017-08-22,2017-09-05,0.06296296296296296,1767.0,1815.85,0.0017406568991175635
1473,POLARIS,2017-08-22,2017-09-05,0.05925925925925925,240.05,237.5,-0.0006294984841121089
1474,VTL,2017-08-22,2017-09-05,0.05555555555555554,234.0,244.98,0.0026068376068376035
1475,CRISIL,2017-08-22,2017-09-05,0.05185185185185183,1850.0,1886.65,0.0010272272272272294
1476,DBCORP,2017-08-22,2017-09-05,0.04814814814814812,381.95,375.95,-0.0007563526348707652
1477,CONCOR,2017-08-22,2017-09-05,0.04444444444444441,615.0,657.5,0.0030713640469738008
1478,SECURKLOUD,2017-08-22,2017-09-05,0.0407407407407407,520.0,495.0,-0.0019586894586894566
1479,ZENSARTECH,2017-09-05,2017-09-19,0.09259259259259262,156.84,150.21,-0.003914109212502477
1480,JBCHEPHARM,2017-09-05,2017-09-19,0.0888888888888889,137.48,145.85,0.005411696246726801
1481,VBL,2017-09-05,2017-09-19,0.0851851851851852,77.1925925925925,79.822222222222,0.0029019039190806245
1482,SWARAJENG,2017-09-05,2017-09-19,0.08148148148148149,2136.0,2048.15,-0.0033511929532528753
1483,TTKPRESTIG,2017-09-05,2017-09-19,0.07777777777777778,627.835,629.805,0.00024404855132672678
1484,POLARIS,2017-09-05,2017-09-19,0.07407407407407408,237.5,229.5,-0.002495126705653022
1485,DBCORP,2017-09-05,2017-09-19,0.07037037037037037,375.95,366.1,-0.0018437242935181427
1486,VTL,2017-09-05,2017-09-19,0.06666666666666667,244.98,249.6,0.0012572454894277094
1487,HCLTECH,2017-09-05,2017-09-19,0.06296296296296296,429.0,449.0,0.0029353362686696015
1488,TCS,2017-09-05,2017-09-19,0.05925925925925925,1230.0,1252.5,0.0010840108401084009
1489,PFIZER,2017-09-05,2017-09-19,0.05555555555555554,1815.85,1798.8,-0.0005216412270959712
1490,ENDURANCE,2017-09-05,2017-09-19,0.05185185185185183,987.25,1036.55,0.0025893099987807475
1491,PERSISTENT,2017-09-05,2017-09-19,0.04814814814814812,610.05,635.0,0.0019691767827166593
1492,JYOTHYLAB,2017-09-05,2017-09-19,0.04444444444444441,193.225,212.475,0.004427768433461276
1493,GSKCONS,2017-09-05,2017-09-19,0.0407407407407407,5301.3,5045.0,-0.001969677598296993
1494,POLARIS,2017-09-19,2017-10-03,0.09259259259259262,229.5,222.95,-0.0026426208343419727
1495,VTL,2017-09-19,2017-10-03,0.0888888888888889,249.6,264.4,0.0052706552706552655
1496,SWARAJENG,2017-09-19,2017-10-03,0.0851851851851852,2048.15,2065.0,0.00070081310957223
1497,VBL,2017-09-19,2017-10-03,0.08148148148148149,79.822222222222,75.5555555555555,-0.004355357584756086
1498,DBCORP,2017-09-19,2017-10-03,0.07777777777777778,366.1,382.9,0.0035691523263224885
1499,ZENSARTECH,2017-09-19,2017-10-03,0.07407407407407408,150.21,149.76,-0.00022191154605774984
1500,TTKPRESTIG,2017-09-19,2017-10-03,0.07037037037037037,629.805,624.2,-0.0006262667427631081
1501,JBCHEPHARM,2017-09-19,2017-10-03,0.06666666666666667,145.85,141.0,-0.002216889498343044
1502,TCS,2017-09-19,2017-10-03,0.06296296296296296,1252.5,1220.0,-0.001633769498040955
1503,HCLTECH,2017-09-19,2017-10-03,0.05925925925925925,449.0,439.225,-0.0012901097088179462
1504,GULFOILLUB,2017-09-19,2017-10-03,0.05555555555555554,828.0,780.0,-0.0032206119162640893
1505,PERSISTENT,2017-09-19,2017-10-03,0.05185185185185183,635.0,668.2,0.002710994459025958
1506,GSKCONS,2017-09-19,2017-10-03,0.04814814814814812,5045.0,5060.0,0.00014315604008369114
1507,PFIZER,2017-09-19,2017-10-03,0.04444444444444441,1798.8,1830.0,0.0007708842932325259
1508,CRISIL,2017-09-19,2017-10-03,0.0407407407407407,1875.05,1828.0,-0.0010222937264882793
1509,VTL,2017-10-04,2017-10-18,0.09259259259259262,267.0,263.01,-0.0013836870578443647
1510,POLARIS,2017-10-04,2017-10-18,0.0888888888888889,222.95,230.75,0.003109815354713319
1511,ZENSARTECH,2017-10-04,2017-10-18,0.0851851851851852,149.86,150.82,0.0005456945000518887
1512,DBCORP,2017-10-04,2017-10-18,0.08148148148148149,379.3,366.45,-0.002760445655251882
1513,TTKPRESTIG,2017-10-04,2017-10-18,0.07777777777777778,634.015,616.14,-0.0021928152768905746
1514,HCLTECH,2017-10-04,2017-10-18,0.07407407407407408,441.95,463.0,0.003528134990970156
1515,TCS,2017-10-04,2017-10-18,0.07037037037037037,1224.8,1297.5,0.004176948012676298
1516,WIPRO,2017-10-04,2017-10-18,0.06666666666666667,106.35,108.87,0.001579689703808187
1517,EIHOTEL,2017-10-04,2017-10-18,0.06296296296296296,134.15,137.85,0.0017365856352065765
1518,TVTODAY,2017-10-04,2017-10-18,0.05925925925925925,370.0,355.0,-0.002402402402402402
1519,PERSISTENT,2017-10-04,2017-10-18,0.05555555555555554,663.1,657.1,-0.0005026893882270144
1520,LTTS,2017-10-04,2017-10-18,0.05185185185185183,769.0,789.95,0.0014126089678755502
1521,CRISIL,2017-10-04,2017-10-18,0.04814814814814812,1800.0,1873.95,0.0019780864197530864
1522,VBL,2017-10-04,2017-10-18,0.04444444444444441,75.6444444444445,74.385185185185,-0.0007398703050878416
1523,GSKCONS,2017-10-04,2017-10-18,0.0407407407407407,5014.85,4975.0,-0.00032374218940118486
1524,VTL,2017-10-19,2017-11-02,0.09259259259259262,265.76,265.4,-0.00012542644992976596
1525,DBCORP,2017-10-19,2017-11-02,0.0888888888888889,374.5,360.0,-0.0034416258715324146
1526,ZENSARTECH,2017-10-19,2017-11-02,0.0851851851851852,150.54,157.96,0.004198711798020962
1527,TTKPRESTIG,2017-10-19,2017-11-02,0.08148148148148149,616.1,657.495,0.005474640360210882
1528,TVTODAY,2017-10-19,2017-11-02,0.07777777777777778,356.5,356.0,-0.00010908524232507402
1529,HCLTECH,2017-10-19,2017-11-02,0.07407407407407408,458.3,422.2,-0.005834767781091155
1530,WIPRO,2017-10-19,2017-11-02,0.07037037037037037,110.83,110.34,-0.0003111204681176678
1531,TCS,2017-10-19,2017-11-02,0.06666666666666667,1296.0,1304.25,0.00042438271604938277
1532,PERSISTENT,2017-10-19,2017-11-02,0.06296296296296296,660.0,660.0,0.0
1533,PFIZER,2017-10-19,2017-11-02,0.05925925925925925,1718.05,1742.35,0.0008381595413404715
1534,EIHOTEL,2017-10-19,2017-11-02,0.05555555555555554,138.95,151.35,0.004957818559833674
1535,LTTS,2017-10-19,2017-11-02,0.05185185185185183,790.2,826.1,0.0023557092906624643
1536,JBCHEPHARM,2017-10-19,2017-11-02,0.04814814814814812,136.35,143.75,0.0026131008162544656
1537,POLARIS,2017-10-19,2017-11-02,0.04444444444444441,225.05,282.5,0.01134562689772642
1538,GULFOILLUB,2017-10-19,2017-11-02,0.0407407407407407,763.55,796.0,0.0017314347941025966
1539,VTL,2017-11-07,2017-11-21,0.09259259259259262,257.0,259.1,0.0007565931690445393
1540,HCLTECH,2017-11-07,2017-11-21,0.0888888888888889,425.0,421.55,-0.0007215686274509781
1541,SWARAJENG,2017-11-07,2017-11-21,0.0851851851851852,2000.0,1934.5,-0.0027898148148148153
1542,DBCORP,2017-11-07,2017-11-21,0.08148148148148149,373.95,366.7,-0.0015797318912708672
1543,TVTODAY,2017-11-07,2017-11-21,0.07777777777777778,369.9,375.0,0.0010723618996125127
1544,TCS,2017-11-07,2017-11-21,0.07407407407407408,1335.0,1350.5,0.0008600360660285755
1545,WIPRO,2017-11-07,2017-11-21,0.07037037037037037,112.73,111.71,-0.0006367229466670674
1546,TTKPRESTIG,2017-11-07,2017-11-21,0.06666666666666667,647.52,674.51,0.0027788073470060137
1547,ZENSARTECH,2017-11-07,2017-11-21,0.06296296296296296,169.0,176.0,0.002607933377164146
1548,PERSISTENT,2017-11-07,2017-11-21,0.05925925925925925,648.25,653.5,0.00047992458327977025
1549,IFBIND,2017-11-07,2017-11-21,0.05555555555555554,931.95,1269.95,0.020148911183837943
1550,PNCINFRA,2017-11-07,2017-11-21,0.05185185185185183,197.9,184.65,-0.0034716373776505142
1551,RAJESHEXPO,2017-11-07,2017-11-21,0.04814814814814812,783.45,767.5,-0.000980232258552511
1552,LTTS,2017-11-07,2017-11-21,0.04444444444444441,860.05,926.05,0.003410654419316704
1553,PFIZER,2017-11-07,2017-11-21,0.0407407407407407,1750.05,1967.95,0.005072659299681382
1554,HCLTECH,2017-11-21,2017-12-05,0.09259259259259262,421.55,423.95,0.0005271550758444317
1555,VTL,2017-11-21,2017-12-05,0.0888888888888889,259.1,260.0,0.00030876109610188335
1556,IFBIND,2017-11-21,2017-12-05,0.0851851851851852,1269.95,1455.0,0.012412707995211242
1557,TTKPRESTIG,2017-11-21,2017-12-05,0.08148148148148149,674.51,680.0,0.0006631974816286403
1558,ZENSARTECH,2017-11-21,2017-12-05,0.07777777777777778,176.0,168.0,-0.0035353535353535356
1559,TVTODAY,2017-11-21,2017-12-05,0.07407407407407408,375.0,377.95,0.0005827160493827139
1560,SWARAJENG,2017-11-21,2017-12-05,0.07037037037037037,1934.5,1962.0,0.0010003541923934791
1561,TCS,2017-11-21,2017-12-05,0.06666666666666667,1350.5,1315.5,-0.0017277551524126867
1562,PERSISTENT,2017-11-21,2017-12-05,0.06296296296296296,653.5,657.5,0.00038538921476947486
1563,GULFOILLUB,2017-11-21,2017-12-05,0.05925925925925925,970.0,1044.0,0.004520809469263077
1564,LTTS,2017-11-21,2017-12-05,0.05555555555555554,926.05,1103.0,0.01061557751261331
1565,EIHOTEL,2017-11-21,2017-12-05,0.05185185185185183,156.9,147.7,-0.0030403890187191696
1566,LALPATHLAB,2017-11-21,2017-12-05,0.04814814814814812,904.95,884.0,-0.0011146513107947458
1567,DBCORP,2017-11-21,2017-12-05,0.04444444444444441,366.7,362.95,-0.00045450413598763716
1568,PFIZER,2017-11-21,2017-12-05,0.0407407407407407,1967.95,1932.85,-0.0007266444777560427
1569,LTTS,2017-12-05,2017-12-19,0.09259259259259262,1103.0,1010.05,-0.007802793727544413
1570,IFBIND,2017-12-05,2017-12-19,0.0888888888888889,1455.0,1358.0,-0.0059259259259259265
1571,GULFOILLUB,2017-12-05,2017-12-19,0.0851851851851852,1044.0,985.8,-0.004748829289059179
1572,DHANUKA,2017-12-05,2017-12-19,0.08148148148148149,704.0,703.95,-5.787037037031774e-06
1573,SWARAJENG,2017-12-05,2017-12-19,0.07777777777777778,1962.0,2017.95,0.0022179748555895364
1574,DBCORP,2017-12-05,2017-12-19,0.07407407407407408,362.95,348.95,-0.002857244901603629
1575,HCLTECH,2017-12-05,2017-12-19,0.07037037037037037,423.95,444.5,0.0034110416584764995
1576,TTKPRESTIG,2017-12-05,2017-12-19,0.06666666666666667,680.0,781.5,0.009950980392156862
1577,VTL,2017-12-05,2017-12-19,0.06296296296296296,260.0,260.36,8.717948717949047e-05
1578,PERSISTENT,2017-12-05,2017-12-19,0.05925925925925925,657.5,647.0,-0.0009463455851288549
1579,ZENSARTECH,2017-12-05,2017-12-19,0.05555555555555554,168.0,164.8,-0.0010582010582010542
1580,TCS,2017-12-05,2017-12-19,0.05185185185185183,1315.5,1288.0,-0.0010839421709813192
1581,EIHOTEL,2017-12-05,2017-12-19,0.04814814814814812,147.7,145.8,-0.000619373605155588
1582,VBL,2017-12-05,2017-12-19,0.04444444444444441,75.7037037037035,76.8666666666665,0.0006827571211133129
1583,LALPATHLAB,2017-12-05,2017-12-19,0.0407407407407407,884.0,887.1,0.00014286911345734967
1584,LTTS,2017-12-20,2018-01-03,0.09259259259259262,1009.85,1117.2,0.009842862618027252
1585,GULFOILLUB,2017-12-20,2018-01-03,0.0888888888888889,976.05,999.5,0.002135591869724347
1586,DHANUKA,2017-12-20,2018-01-03,0.0851851851851852,710.0,748.0,0.004559207094418363
1587,DBCORP,2017-12-20,2018-01-03,0.08148148148148149,344.0,358.0,0.0033161068044788976
1588,HCLTECH,2017-12-20,2018-01-03,0.07777777777777778,435.0,446.5,0.0020561941251596425
1589,LTIM,2017-12-20,2018-01-03,0.07407407407407408,1030.75,1153.0,0.008785404371142913
1590,VTL,2017-12-20,2018-01-03,0.07037037037037037,264.6,288.2,0.00627642003303378
1591,TCS,2017-12-20,2018-01-03,0.06666666666666667,1291.0,1316.0,0.0012909888974954817
1592,LALPATHLAB,2017-12-20,2018-01-03,0.06296296296296296,877.0,888.0,0.0007897292960006757
1593,EIHOTEL,2017-12-20,2018-01-03,0.05925925925925925,145.95,147.75,0.0007308438963115267
1594,IFBIND,2017-12-20,2018-01-03,0.05555555555555554,1409.0,1337.0,-0.002838892831795599
1595,PERSISTENT,2017-12-20,2018-01-03,0.05185185185185183,656.0,705.1,0.0038809846431797656
1596,TTKPRESTIG,2017-12-20,2018-01-03,0.04814814814814812,760.9,780.06,0.0012124044138763523
1597,SWARAJENG,2017-12-20,2018-01-03,0.04444444444444441,2042.9,2097.4,0.0011856783113330168
1598,ZENSARTECH,2017-12-20,2018-01-03,0.0407407407407407,167.04,170.01,0.0007243773946360144
1599,LTTS,2018-01-04,2018-01-18,0.09259259259259262,1123.0,1026.25,-0.007977144553279907
1600,GULFOILLUB,2018-01-04,2018-01-18,0.0888888888888889,999.9,899.7,-0.008907557422408903
1601,DBCORP,2018-01-04,2018-01-18,0.0851851851851852,357.8,375.5,0.00421402397366623
1602,DHANUKA,2018-01-04,2018-01-18,0.08148148148148149,775.0,778.0,0.00031541218637992836
1603,IFBIND,2018-01-04,2018-01-18,0.07777777777777778,1303.05,1440.0,0.008174411317038234
1604,LTIM,2018-01-04,2018-01-18,0.07407407407407408,1127.5,1125.0,-0.0001642440666830911
1605,LALPATHLAB,2018-01-04,2018-01-18,0.07037037037037037,887.0,914.05,0.002146018622907007
1606,VTL,2018-01-04,2018-01-18,0.06666666666666667,299.4,286.23,-0.0029325317301269116
1607,APLLTD,2018-01-04,2018-01-18,0.06296296296296296,528.0,543.0,0.0017887205387205384
1608,HCLTECH,2018-01-04,2018-01-18,0.05925925925925925,448.0,476.5,0.0037698412698412695
1609,TCS,2018-01-04,2018-01-18,0.05555555555555554,1325.0,1448.5,0.005178197064989516
1610,EIHOTEL,2018-01-04,2018-01-18,0.05185185185185183,149.05,207.4,0.02029893026202988
1611,SWARAJENG,2018-01-04,2018-01-18,0.04814814814814812,2150.0,2078.3,-0.0016056847545219588
1612,AIAENG,2018-01-04,2018-01-18,0.04444444444444441,1559.75,1585.1,0.0007223379815141284
1613,TTKPRESTIG,2018-01-04,2018-01-18,0.0407407407407407,773.215,840.2,0.003529443322385774
1614,LTTS,2018-01-23,2018-02-06,0.09259259259259262,1040.0,1222.0,0.016203703703703706
1615,GULFOILLUB,2018-01-23,2018-02-06,0.0888888888888889,908.0,870.0,-0.0037200195790504167
1616,VTL,2018-01-23,2018-02-06,0.0851851851851852,288.04,264.4,-0.00699131293493189
1617,WIPRO,2018-01-23,2018-02-06,0.08148148148148149,121.09,109.66,-0.0076912489333003055
1618,HCLTECH,2018-01-23,2018-02-06,0.07777777777777778,484.975,482.475,-0.00040093704715592443
1619,DBCORP,2018-01-23,2018-02-06,0.07407407407407408,349.0,323.9,-0.005327390427676966
1620,EIHOTEL,2018-01-23,2018-02-06,0.07037037037037037,205.0,172.5,-0.011156278229448962
1621,IFBIND,2018-01-23,2018-02-06,0.06666666666666667,1420.0,1200.0,-0.010328638497652582
1622,LALPATHLAB,2018-01-23,2018-02-06,0.06296296296296296,915.0,876.0,-0.002683667273831208
1623,TCS,2018-01-23,2018-02-06,0.05925925925925925,1557.475,1505.0,-0.0019965839770330978
1624,AIAENG,2018-01-23,2018-02-06,0.05555555555555554,1593.3,1428.85,-0.005734080908247732
1625,PGHH,2018-01-23,2018-02-06,0.05185185185185183,9300.05,8877.05,-0.0023584102594430487
1626,DHANUKA,2018-01-23,2018-02-06,0.04814814814814812,800.0,652.0,-0.008907407407407402
1627,GSKCONS,2018-01-23,2018-02-06,0.04444444444444441,6642.25,6450.0,-0.0012863780261875778
1628,LTIM,2018-01-23,2018-02-06,0.0407407407407407,1139.0,1200.0,0.002181900952752575
1629,LTTS,2018-02-06,2018-02-20,0.09259259259259262,1222.0,1325.0,0.007804449293810998
1630,HATSUN,2018-02-06,2018-02-20,0.0888888888888889,755.0,771.05,0.0018896247240618052
1631,GULFOILLUB,2018-02-06,2018-02-20,0.0851851851851852,870.0,966.0,0.009399744572158367
1632,VTL,2018-02-06,2018-02-20,0.08148148148148149,264.4,273.85,0.002912254160363101
1633,WIPRO,2018-02-06,2018-02-20,0.07777777777777778,109.66,109.02,-0.0004539283036456121
1634,HCLTECH,2018-02-06,2018-02-20,0.07407407407407408,482.475,458.0,-0.0037576308885703194
1635,ICIL,2018-02-06,2018-02-20,0.07037037037037037,61.1353383458647,60.8796992481203,-0.00029425563800183907
1636,DBCORP,2018-02-06,2018-02-20,0.06666666666666667,323.9,323.05,-0.00017495111659976658
1637,TCS,2018-02-06,2018-02-20,0.06296296296296296,1505.0,1464.0,-0.0017152700873631103
1638,PGHH,2018-02-06,2018-02-20,0.05925925925925925,8877.05,9276.85,0.0026688879584830447
1639,LALPATHLAB,2018-02-06,2018-02-20,0.05555555555555554,876.0,909.0,0.002092846270928462
1640,TECHM,2018-02-06,2018-02-20,0.05185185185185183,601.0,575.0,-0.0022431749553213772
1641,IFBIND,2018-02-06,2018-02-20,0.04814814814814812,1200.0,1320.05,0.004816820987654316
1642,ICRA,2018-02-06,2018-02-20,0.04444444444444441,3875.0,3948.9,0.0008475985663082441
1643,MPHASIS,2018-02-06,2018-02-20,0.0407407407407407,845.0,869.55,0.0011836511067280266
1644,HATSUN,2018-02-20,2018-03-06,0.09259259259259262,771.05,732.8,-0.0045933035038799915
1645,GULFOILLUB,2018-02-20,2018-03-06,0.0888888888888889,966.0,984.85,0.0017345295606165196
1646,VTL,2018-02-20,2018-03-06,0.0851851851851852,273.85,261.04,-0.003984744284178282
1647,WIPRO,2018-02-20,2018-03-06,0.08148148148148149,109.02,109.49,0.0003512777132296478
1648,PGHH,2018-02-20,2018-03-06,0.07777777777777778,9276.85,9300.15,0.00019534887620497964
1649,HCLTECH,2018-02-20,2018-03-06,0.07407407407407408,458.0,469.0,0.0017790716480672814
1650,LTTS,2018-02-20,2018-03-06,0.07037037037037037,1325.0,1360.0,0.0018588399720475195
1651,LALPATHLAB,2018-02-20,2018-03-06,0.06666666666666667,909.0,908.0,-7.334066740007334e-05
1652,DBCORP,2018-02-20,2018-03-06,0.06296296296296296,323.05,347.8,0.0048238146829696115
1653,MPHASIS,2018-02-20,2018-03-06,0.05925925925925925,869.55,864.9,-0.0003168944345414918
1654,GSKCONS,2018-02-20,2018-03-06,0.05555555555555554,6520.15,6750.0,0.00195845869258291
1655,BLUESTARCO,2018-02-20,2018-03-06,0.05185185185185183,365.0,397.0,0.004545915778792489
1656,AIAENG,2018-02-20,2018-03-06,0.04814814814814812,1454.0,1414.85,-0.0012964236588720794
1657,TCS,2018-02-20,2018-03-06,0.04444444444444441,1464.0,1561.0,0.0029447480267152377
1658,IFBIND,2018-02-20,2018-03-06,0.0407407407407407,1320.05,1375.0,0.0016959234147976997
1659,GULFOILLUB,2018-03-07,2018-03-21,0.09259259259259262,980.0,929.5,-0.004771352985638701
1660,HATSUN,2018-03-07,2018-03-21,0.0888888888888889,720.0,716.8,-0.00039506172839506745
1661,PGHH,2018-03-07,2018-03-21,0.0851851851851852,9263.25,9181.65,-0.0007503965790744224
1662,WIPRO,2018-03-07,2018-03-21,0.08148148148148149,108.44,110.71,0.0017056709974452478
1663,HCLTECH,2018-03-07,2018-03-21,0.07777777777777778,469.0,472.5,0.0005804311774461029
1664,BLUESTARCO,2018-03-07,2018-03-21,0.07407407407407408,397.45,385.8,-0.0021712491205509157
1665,VTL,2018-03-07,2018-03-21,0.07037037037037037,265.6,253.0,-0.003338353413654624
1666,MPHASIS,2018-03-07,2018-03-21,0.06666666666666667,843.8,848.95,0.0004068894682784302
1667,LALPATHLAB,2018-03-07,2018-03-21,0.06296296296296296,896.1,866.0,-0.0021149259961892493
1668,GSKCONS,2018-03-07,2018-03-21,0.05925925925925925,6635.2,6546.95,-0.0007881645812680294
1669,DBCORP,2018-03-07,2018-03-21,0.05555555555555554,330.3,312.0,-0.003078009889998992
1670,TCS,2018-03-07,2018-03-21,0.05185185185185183,1535.0,1436.25,-0.00333574616962239
1671,RAJESHEXPO,2018-03-07,2018-03-21,0.04814814814814812,798.3,745.1,-0.003208670276188747
1672,ALKEM,2018-03-07,2018-03-21,0.04444444444444441,2231.0,2124.0,-0.0021315802579809735
1673,AIAENG,2018-03-07,2018-03-21,0.0407407407407407,1413.4,1415.2,5.1884345078060995e-05
1674,BLUESTARCO,2018-03-22,2018-04-05,0.09259259259259262,385.05,391.275,0.0014969195919721746
1675,GULFOILLUB,2018-03-22,2018-04-05,0.0888888888888889,948.0,921.0,-0.0025316455696202536
1676,HATSUN,2018-03-22,2018-04-05,0.0851851851851852,720.05,705.0,-0.0017804833512076014
1677,PGHH,2018-03-22,2018-04-05,0.08148148148148149,9242.05,9648.0,0.0035790119516132756
1678,TCS,2018-03-22,2018-04-05,0.07777777777777778,1429.975,1463.275,0.0018112204758824555
1679,HCLTECH,2018-03-22,2018-04-05,0.07407407407407408,470.5,485.0,0.00228283543905223
1680,GSKCONS,2018-03-22,2018-04-05,0.07037037037037037,6539.8,6062.0,-0.005141283061097125
1681,WIPRO,2018-03-22,2018-04-05,0.06666666666666667,110.45,106.39,-0.002450580956692321
1682,VTL,2018-03-22,2018-04-05,0.06296296296296296,249.96,257.6,0.0019244560611179305
1683,RAJESHEXPO,2018-03-22,2018-04-05,0.05925925925925925,728.35,708.55,-0.001610947117914927
1684,ICRA,2018-03-22,2018-04-05,0.05555555555555554,3646.2,3650.0,5.789893892576413e-05
1685,CROMPTON,2018-03-22,2018-04-05,0.05185185185185183,231.95,232.0,1.1177376988976853e-05
1686,VESUVIUS,2018-03-22,2018-04-05,0.04814814814814812,128.36,132.0,0.001365372851817221
1687,KANSAINER,2018-03-22,2018-04-05,0.04444444444444441,320.67,340.0,0.00267911282973496
1688,DBCORP,2018-03-22,2018-04-05,0.0407407407407407,307.5,315.1,0.0010069256248118057
1689,GULFOILLUB,2018-04-10,2018-04-24,0.09259259259259262,934.0,903.0,-0.003073201681338727
1690,PGHH,2018-04-10,2018-04-24,0.0888888888888889,9571.05,9819.95,0.002311600550038353
1691,CROMPTON,2018-04-10,2018-04-24,0.0851851851851852,240.1,231.8,-0.002944760670708187
1692,HATSUN,2018-04-10,2018-04-24,0.08148148148148149,698.0,756.0,0.00677066751565319
1693,HCLTECH,2018-04-10,2018-04-24,0.07777777777777778,476.55,542.45,0.010755546229263578
1694,CUB,2018-04-10,2018-04-24,0.07407407407407408,174.95,180.95,0.002540408370645582
1695,MPHASIS,2018-04-10,2018-04-24,0.07037037037037037,903.95,943.3,0.003063304468249425
1696,JKCEMENT,2018-04-10,2018-04-24,0.06666666666666667,961.0,965.0,0.00027748872702046477
1697,IPCALAB,2018-04-10,2018-04-24,0.06296296296296296,342.35,359.95,0.0032368866602837617
1698,WIPRO,2018-04-10,2018-04-24,0.05925925925925925,105.49,110.68,0.0029154948862978123
1699,VTL,2018-04-10,2018-04-24,0.05555555555555554,253.4,239.06,-0.0031439094975006577
1700,ALKEM,2018-04-10,2018-04-24,0.05185185185185183,1871.9,1840.0,-0.0008836337806902494
1701,BLUESTARCO,2018-04-10,2018-04-24,0.04814814814814812,398.9,399.5,7.242138102003e-05
1702,GSKCONS,2018-04-10,2018-04-24,0.04444444444444441,6140.0,5979.85,-0.0011592471950778104
1703,RAJESHEXPO,2018-04-10,2018-04-24,0.0407407407407407,700.55,699.9,-3.780098705514315e-05
1704,GULFOILLUB,2018-04-24,2018-05-08,0.09259259259259262,903.0,895.1,-0.000810057011607397
1705,CROMPTON,2018-04-24,2018-05-08,0.0888888888888889,231.8,251.05,0.0073818425846035865
1706,PGHH,2018-04-24,2018-05-08,0.0851851851851852,9819.95,9739.95,-0.0006939765288840387
1707,MPHASIS,2018-04-24,2018-05-08,0.08148148148148149,943.3,996.0,0.004552182841168322
1708,HATSUN,2018-04-24,2018-05-08,0.07777777777777778,756.0,775.0,0.001954732510288066
1709,HCLTECH,2018-04-24,2018-05-08,0.07407407407407408,542.45,465.1,-0.010562502773766488
1710,CUB,2018-04-24,2018-05-08,0.07037037037037037,180.95,186.9,0.0023139193351959376
1711,WIPRO,2018-04-24,2018-05-08,0.06666666666666667,110.68,103.46,-0.0043488736296831785
1712,JKCEMENT,2018-04-24,2018-05-08,0.06296296296296296,965.0,1015.0,0.003262329687200153
1713,IPCALAB,2018-04-24,2018-05-08,0.05925925925925925,359.95,363.625,0.0006050223024802845
1714,ALKEM,2018-04-24,2018-05-08,0.05555555555555554,1840.0,1993.1,0.004622584541062798
1715,GUJGASLTD,2018-04-24,2018-05-08,0.05185185185185183,173.8,168.46,-0.001593146656437796
1716,BLUESTARCO,2018-04-24,2018-05-08,0.04814814814814812,399.5,397.225,-0.00027418532424789956
1717,BAJAJCON,2018-04-24,2018-05-08,0.04444444444444441,492.0,456.75,-0.003184281842818426
1718,RAJESHEXPO,2018-04-24,2018-05-08,0.0407407407407407,699.9,661.5,-0.0022352399549141907
1719,GULFOILLUB,2018-05-08,2018-05-22,0.09259259259259262,895.1,920.0,0.002575751933365606
1720,PGHH,2018-05-08,2018-05-22,0.0888888888888889,9739.95,9355.0,-0.0035131369029387056
1721,CROMPTON,2018-05-08,2018-05-22,0.0851851851851852,251.05,239.95,-0.003766403328243607
1722,HATSUN,2018-05-08,2018-05-22,0.08148148148148149,775.0,739.65,-0.0037166069295101575
1723,JYOTHYLAB,2018-05-08,2018-05-22,0.07777777777777778,186.4,220.925,0.014405996661897952
1724,ICIL,2018-05-08,2018-05-22,0.07407407407407408,64.1578947368421,63.1578947368421,-0.001154558988849383
1725,GICRE,2018-05-08,2018-05-22,0.07037037037037037,347.45,347.575,2.531672556136508e-05
1726,CUB,2018-05-08,2018-05-22,0.06666666666666667,186.9,186.9,0.0
1727,ALKEM,2018-05-08,2018-05-22,0.06296296296296296,1993.1,1940.5,-0.0016616586482624284
1728,VTL,2018-05-08,2018-05-22,0.05925925925925925,241.0,239.2,-0.00044260027662517564
1729,RAJESHEXPO,2018-05-08,2018-05-22,0.05555555555555554,661.5,632.6,-0.002427143696984964
1730,WIPRO,2018-05-08,2018-05-22,0.05185185185185183,103.46,99.25,-0.0021099584022452726
1731,GUJGASLTD,2018-05-08,2018-05-22,0.04814814814814812,168.46,170.94,0.0007088175674190125
1732,MPHASIS,2018-05-08,2018-05-22,0.04444444444444441,996.0,1082.55,0.0038621151271753633
1733,GLAXO,2018-05-08,2018-05-22,0.0407407407407407,1164.85,1188.5,0.0008271610237528621
1734,PGHH,2018-05-23,2018-06-06,0.09259259259259262,9200.0,9300.0,0.0010064412238325283
1735,GULFOILLUB,2018-05-23,2018-06-06,0.0888888888888889,920.0,820.7,-0.009594202898550723
1736,JYOTHYLAB,2018-05-23,2018-06-06,0.0851851851851852,216.75,200.5,-0.006386432568670171
1737,CROMPTON,2018-05-23,2018-06-06,0.08148148148148149,244.45,227.0,-0.0058165344727013745
1738,GICRE,2018-05-23,2018-06-06,0.07777777777777778,347.5,350.55,0.0006826538768984838
1739,RAJESHEXPO,2018-05-23,2018-06-06,0.07407407407407408,624.4,591.7,-0.00387927966403302
1740,SFL,2018-05-23,2018-06-06,0.07037037037037037,732.0,712.6,-0.0018650070835863166
1741,CUB,2018-05-23,2018-06-06,0.06666666666666667,184.9,187.35,0.0008833603749774612
1742,VTL,2018-05-23,2018-06-06,0.06296296296296296,247.0,252.6,0.0014275003748687942
1743,GUJGASLTD,2018-05-23,2018-06-06,0.05925925925925925,170.5,167.01,-0.0012129901162159255
1744,ERIS,2018-05-23,2018-06-06,0.05555555555555554,766.05,781.1,0.001091457621710221
1745,MPHASIS,2018-05-23,2018-06-06,0.05185185185185183,1071.0,1044.0,-0.0013071895424836596
1746,WIPRO,2018-05-23,2018-06-06,0.04814814814814812,99.83,96.67,-0.0015240724045692466
1747,GODREJCP,2018-05-23,2018-06-06,0.04444444444444441,719.8,756.366666666667,0.0022578288207629918
1748,ALKEM,2018-05-23,2018-06-06,0.0407407407407407,1921.0,1915.0,-0.0001272485395338075
1749,PGHH,2018-06-07,2018-06-21,0.09259259259259262,9242.45,9950.0,0.007088368223673251
1750,RAJESHEXPO,2018-06-07,2018-06-21,0.0888888888888889,594.5,603.8,0.0013905242500700803
1751,CROMPTON,2018-06-07,2018-06-21,0.0851851851851852,225.0,220.0,-0.0018930041152263378
1752,TECHM,2018-06-07,2018-06-21,0.08148148148148149,694.5,694.7,2.3464789483513324e-05
1753,GULFOILLUB,2018-06-07,2018-06-21,0.07777777777777778,827.0,877.0,0.0047024049442429125
1754,JYOTHYLAB,2018-06-07,2018-06-21,0.07407407407407408,202.7,217.0,0.00522574868899487
1755,VTL,2018-06-07,2018-06-21,0.07037037037037037,254.0,240.59,-0.00371522309711286
1756,SFL,2018-06-07,2018-06-21,0.06666666666666667,722.5,745.5,0.0021222606689734716
1757,GICRE,2018-06-07,2018-06-21,0.06296296296296296,350.775,360.675,0.0017770175563632969
1758,CRISIL,2018-06-07,2018-06-21,0.05925925925925925,1825.2,1749.6,-0.0024545255314486125
1759,ALKEM,2018-06-07,2018-06-21,0.05555555555555554,1950.0,1968.8,0.0005356125356125341
1760,SANOFI,2018-06-07,2018-06-21,0.05185185185185183,3379.33,3460.67,0.0012480668149099483
1761,GILLETTE,2018-06-07,2018-06-21,0.04814814814814812,6531.15,6544.05,9.50998080140767e-05
1762,1074.0,2018-06-07,2018-06-21,0.04444444444444441,223.3,218.05,-0.0010449320794148373
1763,WIPRO,2018-06-07,2018-06-21,0.0407407407407407,97.01,98.12,0.00046616041874262605
1764,PGHH,2018-06-26,2018-07-10,0.09259259259259262,9900.0,10050.0,0.0014029180695847366
1765,RAJESHEXPO,2018-06-26,2018-07-10,0.0888888888888889,601.55,575.1,-0.003908421762299236
1766,CROMPTON,2018-06-26,2018-07-10,0.0851851851851852,224.5,228.0,0.0013280541120184773
1767,1074.0,2018-06-26,2018-07-10,0.08148148148148149,219.5,220.9,0.0005196996540960116
1768,CRISIL,2018-06-26,2018-07-10,0.07777777777777778,1800.0,1844.0,0.0019012345679012346
1769,GILLETTE,2018-06-26,2018-07-10,0.07407407407407408,6450.05,6500.0,0.0005736389640390364
1770,VTL,2018-06-26,2018-07-10,0.07037037037037037,242.2,244.8,0.0007554209866348662
1771,SANOFI,2018-06-26,2018-07-10,0.06666666666666667,3474.7,3633.33,0.0030435241411728613
1772,ALKEM,2018-06-26,2018-07-10,0.06296296296296296,1965.85,1900.0,-0.002109067889773434
1773,SFL,2018-06-26,2018-07-10,0.05925925925925925,743.225,735.0,-0.0006558006087085454
1774,GSKCONS,2018-06-26,2018-07-10,0.05555555555555554,6125.0,6335.0,0.0019047619047619041
1775,TECHM,2018-06-26,2018-07-10,0.05185185185185183,695.0,649.0,-0.0034319211297628546
1776,JYOTHYLAB,2018-06-26,2018-07-10,0.04814814814814812,215.025,228.45,0.003006110400599408
1777,RELAXO,2018-06-26,2018-07-10,0.04444444444444441,357.5,351.5,-0.0007459207459207455
1778,GICRE,2018-06-26,2018-07-10,0.0407407407407407,356.0,380.0,0.002746566791510609
1779,RAJESHEXPO,2018-07-10,2018-07-24,0.09259259259259262,575.1,567.0,-0.0013041210224308856
1780,PGHH,2018-07-10,2018-07-24,0.0888888888888889,10050.0,10599.0,0.004855721393034827
1781,ICIL,2018-07-10,2018-07-24,0.0851851851851852,65.4135338345865,65.9022556390977,0.0006364410387397881
1782,CROMPTON,2018-07-10,2018-07-24,0.08148148148148149,228.0,239.45,0.004091942820012992
1783,SFL,2018-07-10,2018-07-24,0.07777777777777778,735.0,737.45,0.0002592592592592641
1784,CRISIL,2018-07-10,2018-07-24,0.07407407407407408,1844.0,1810.0,-0.0013657909536434485
1785,1074.0,2018-07-10,2018-07-24,0.07037037037037037,220.9,224.9,0.0012742484449139045
1786,GSKCONS,2018-07-10,2018-07-24,0.06666666666666667,6335.0,6426.0,0.0009576427255985267
1787,GILLETTE,2018-07-10,2018-07-24,0.06296296296296296,6500.0,6632.0,0.0012786324786324785
1788,TECHM,2018-07-10,2018-07-24,0.05925925925925925,649.0,653.65,0.00042458483136449026
1789,JYOTHYLAB,2018-07-10,2018-07-24,0.05555555555555554,228.45,217.2,-0.0027358284088421967
1790,TCS,2018-07-10,2018-07-24,0.05185185185185183,1898.0,2015.0,0.0031963470319634688
1791,ALKEM,2018-07-10,2018-07-24,0.04814814814814812,1900.0,1889.0,-0.00027875243664717334
1792,SANOFI,2018-07-10,2018-07-24,0.04444444444444441,3633.33,3761.3,0.0015653836991287781
1793,VTL,2018-07-10,2018-07-24,0.0407407407407407,244.8,240.35,-0.0007405894456548073
1794,RAJESHEXPO,2018-07-25,2018-08-08,0.09259259259259262,564.0,646.0,0.013462043603887579
1795,SFL,2018-07-25,2018-08-08,0.0888888888888889,735.0,737.5,0.0003023431594860167
1796,ICIL,2018-07-25,2018-08-08,0.0851851851851852,65.8947368421053,67.1052631578947,0.0015649035617085701
1797,TECHM,2018-07-25,2018-08-08,0.08148148148148149,644.0,660.0,0.0020243846330802854
1798,PGHH,2018-07-25,2018-08-08,0.07777777777777778,10627.85,10793.9,0.0012152034513095258
1799,CROMPTON,2018-07-25,2018-08-08,0.07407407407407408,242.0,262.55,0.0062901744719926584
1800,GSKCONS,2018-07-25,2018-08-08,0.07037037037037037,6423.0,6950.0,0.005773810553508515
1801,CRISIL,2018-07-25,2018-08-08,0.06666666666666667,1779.0,1768.0,-0.0004122166010867528
1802,1074.0,2018-07-25,2018-08-08,0.06296296296296296,224.4,223.05,-0.00037878787878787716
1803,TCS,2018-07-25,2018-08-08,0.05925925925925925,2001.9,1972.0,-0.0008850850950855971
1804,GILLETTE,2018-07-25,2018-08-08,0.05555555555555554,6950.0,6673.0,-0.0022142286171063143
1805,GODREJCP,2018-07-25,2018-08-08,0.05185185185185183,900.0,866.4,-0.0019358024691358028
1806,VTL,2018-07-25,2018-08-08,0.04814814814814812,242.0,244.0,0.00039791857973676134
1807,GICRE,2018-07-25,2018-08-08,0.04444444444444441,335.15,354.3,0.0025394930959603524
1808,BAJAJCON,2018-07-25,2018-08-08,0.0407407407407407,404.6,416.0,0.0011479101444499334
1809,VAKRANGEE,2018-08-09,2018-08-23,0.09259259259259262,66.7,45.45,-0.02949913931922928
1810,CRISIL,2018-08-09,2018-08-23,0.0888888888888889,1770.0,1810.0,0.002008788449466416
1811,PGHH,2018-08-09,2018-08-23,0.0851851851851852,10704.95,10475.0,-0.0018298388440238765
1812,SFL,2018-08-09,2018-08-23,0.08148148148148149,735.0,836.0,0.011196775006298818
1813,CROMPTON,2018-08-09,2018-08-23,0.07777777777777778,264.5,263.0,-0.00044108380592312543
1814,GSKCONS,2018-08-09,2018-08-23,0.07407407407407408,6764.9,7125.0,0.0039430108462910176
1815,RAJESHEXPO,2018-08-09,2018-08-23,0.07037037037037037,662.5,634.0,-0.0030272536687631028
1816,TCS,2018-08-09,2018-08-23,0.06666666666666667,1980.0,2022.8,0.0014410774410774396
1817,TECHM,2018-08-09,2018-08-23,0.06296296296296296,655.0,710.0,0.005286966355668645
1818,GODREJCP,2018-08-09,2018-08-23,0.05925925925925925,873.333333333333,927.3,0.003661860333616077
1819,1074.0,2018-08-09,2018-08-23,0.05555555555555554,223.0,222.0,-0.0002491280518186347
1820,GILLETTE,2018-08-09,2018-08-23,0.05185185185185183,6692.45,6557.0,-0.001049441285827062
1821,AKZOINDIA,2018-08-09,2018-08-23,0.04814814814814812,1800.0,1730.15,-0.001868415637860079
1822,DBCORP,2018-08-09,2018-08-23,0.04444444444444441,248.0,251.8,0.0006810035842293923
1823,JKCEMENT,2018-08-09,2018-08-23,0.0407407407407407,775.45,801.1,0.0013476046166741866
1824,SFL,2018-08-28,2018-09-11,0.09259259259259262,820.0,860.0,0.004516711833785006
1825,CRISIL,2018-08-28,2018-09-11,0.0888888888888889,1765.0,1751.6,-0.0006748504878816541
1826,PGHH,2018-08-28,2018-09-11,0.0851851851851852,10050.0,9973.0,-0.0006526626128616179
1827,ICIL,2018-08-28,2018-09-11,0.08148148148148149,69.1729323308271,69.1729323308271,0.0
1828,CROMPTON,2018-08-28,2018-09-11,0.07777777777777778,262.2,222.85,-0.011672599372828205
1829,TCS,2018-08-28,2018-09-11,0.07407407407407408,2055.0,2089.0,0.0012255564567000092
1830,RAJESHEXPO,2018-08-28,2018-09-11,0.07037037037037037,667.3,678.2,0.001149463565168655
1831,GODREJCP,2018-08-28,2018-09-11,0.06666666666666667,932.533333333333,872.333333333333,-0.0043036888761795785
1832,TECHM,2018-08-28,2018-09-11,0.06296296296296296,740.9,772.0,0.002642931769669523
1833,1074.0,2018-08-28,2018-09-11,0.05925925925925925,221.45,220.5,-0.0002542167364926422
1834,CYIENT,2018-08-28,2018-09-11,0.05555555555555554,728.45,807.65,0.00604022239000617
1835,DBCORP,2018-08-28,2018-09-11,0.05185185185185183,239.0,228.9,-0.002191228885789553
1836,GSKCONS,2018-08-28,2018-09-11,0.04814814814814812,7530.2,7289.8,-0.0015371191754289116
1837,PHOENIXLTD,2018-08-28,2018-09-11,0.04444444444444441,303.88,301.55,-0.00034077779240343156
1838,AKZOINDIA,2018-08-28,2018-09-11,0.0407407407407407,1743.7,1738.65,-0.000117990904823501
1839,PGHH,2018-09-11,2018-09-25,0.09259259259259262,9973.0,9724.95,-0.002302977297963755
1840,RAJESHEXPO,2018-09-11,2018-09-25,0.0888888888888889,678.2,758.0,0.010459058291556076
1841,SFL,2018-09-11,2018-09-25,0.0851851851851852,860.0,833.8,-0.0025951765719207627
1842,TCS,2018-09-11,2018-09-25,0.08148148148148149,2089.0,2204.9,0.004520681524032413
1843,CRISIL,2018-09-11,2018-09-25,0.07777777777777778,1751.6,1760.0,0.0003729923117911284
1844,CYIENT,2018-09-11,2018-09-25,0.07407407407407408,807.65,706.1,-0.009313715374509032
1845,AKZOINDIA,2018-09-11,2018-09-25,0.07037037037037037,1738.65,1659.0,-0.0032237655652374007
1846,TECHM,2018-09-11,2018-09-25,0.06666666666666667,772.0,751.45,-0.0017746113989637266
1847,DBCORP,2018-09-11,2018-09-25,0.06296296296296296,228.9,200.3,-0.00786693202595343
1848,1074.0,2018-09-11,2018-09-25,0.05925925925925925,220.5,217.5,-0.0008062484252960442
1849,GSKCONS,2018-09-11,2018-09-25,0.05555555555555554,7289.8,7360.5,0.0005388046006444301
1850,MPHASIS,2018-09-11,2018-09-25,0.05185185185185183,1244.0,1194.8,-0.0020507324044301547
1851,GICRE,2018-09-11,2018-09-25,0.04814814814814812,333.0,338.05,0.0007301746190635092
1852,GILLETTE,2018-09-11,2018-09-25,0.04444444444444441,6711.0,6750.0,0.00025828242189440204
1853,SANOFI,2018-09-11,2018-09-25,0.0407407407407407,4440.0,4260.03,-0.001651376376376377
1854,SFL,2018-09-25,2018-10-09,0.09259259259259262,833.8,825.0,-0.0009772305286817112
1855,TCS,2018-09-25,2018-10-09,0.0888888888888889,2204.9,2080.35,-0.005021139784621129
1856,RAJESHEXPO,2018-09-25,2018-10-09,0.0851851851851852,758.0,694.0,-0.007192416691097431
1857,DBCORP,2018-09-25,2018-10-09,0.08148148148148149,200.3,194.1,-0.0025221427118581456
1858,CRISIL,2018-09-25,2018-10-09,0.07777777777777778,1760.0,1624.8,-0.005974747474747477
1859,PGHH,2018-09-25,2018-10-09,0.07407407407407408,9724.95,9006.0,-0.0054761778266783495
1860,VTL,2018-09-25,2018-10-09,0.07037037037037037,204.0,199.4,-0.0015867828612926634
1861,AKZOINDIA,2018-09-25,2018-10-09,0.06666666666666667,1659.0,1569.75,-0.003586497890295359
1862,CYIENT,2018-09-25,2018-10-09,0.06296296296296296,706.1,718.0,0.0010611234375573681
1863,1074.0,2018-09-25,2018-10-09,0.05925925925925925,217.5,216.35,-0.000313324819071947
1864,MPHASIS,2018-09-25,2018-10-09,0.05555555555555554,1194.8,1104.0,-0.004221999032846034
1865,GSKCONS,2018-09-25,2018-10-09,0.05185185185185183,7360.5,6402.0,-0.006752258678078932
1866,GILLETTE,2018-09-25,2018-10-09,0.04814814814814812,6750.0,6450.0,-0.0021399176954732496
1867,SANOFI,2018-09-25,2018-10-09,0.04444444444444441,4260.03,3989.97,-0.0028175075449390396
1868,INFY,2018-09-25,2018-10-09,0.0407407407407407,718.25,717.1,-6.523056296811818e-05
1869,RAJESHEXPO,2018-10-10,2018-10-24,0.09259259259259262,664.0,564.0,-0.013944667559125393
1870,TCS,2018-10-10,2018-10-24,0.0888888888888889,2100.0,1852.05,-0.0104952380952381
1871,DBCORP,2018-10-10,2018-10-24,0.0851851851851852,192.4,166.9,-0.011290136290136291
1872,PGHH,2018-10-10,2018-10-24,0.08148148148148149,8946.0,9066.0,0.0010929776187992152
1873,INDUSTOWER,2018-10-10,2018-10-24,0.07777777777777778,268.45,265.55,-0.0008402143995364269
1874,1074.0,2018-10-10,2018-10-24,0.07407407407407408,216.2,215.9,-0.00010278548668927365
1875,GICRE,2018-10-10,2018-10-24,0.07037037037037037,315.5,311.75,-0.0008364148617714387
1876,CRISIL,2018-10-10,2018-10-24,0.06666666666666667,1625.95,1374.0,-0.010330370962616728
1877,INFY,2018-10-10,2018-10-24,0.06296296296296296,719.9,663.0,-0.004976514227799126
1878,GILLETTE,2018-10-10,2018-10-24,0.05925925925925925,6380.15,6600.0,0.0020419814813363584
1879,THYROCARE,2018-10-10,2018-10-24,0.05555555555555554,670.0,572.0,-0.008126036484245437
1880,NH,2018-10-10,2018-10-24,0.05185185185185183,230.8,209.85,-0.004706656396431095
1881,VBL,2018-10-10,2018-10-24,0.04814814814814812,109.785185185185,111.2962962962965,0.0006627233130169884
1882,WIPRO,2018-10-10,2018-10-24,0.04444444444444441,120.45,116.24,-0.0015534338822010072
1883,PHOENIXLTD,2018-10-10,2018-10-24,0.0407407407407407,255.97,267.52,0.0018383230673733421
1884,RAJESHEXPO,2018-10-25,2018-11-09,0.09259259259259262,564.95,571.0,0.0009915659530669635
1885,TCS,2018-10-25,2018-11-09,0.0888888888888889,1844.0,1961.0,0.005639913232104122
1886,INDUSTOWER,2018-10-25,2018-11-09,0.0851851851851852,260.1,267.8,0.0025218220912184737
1887,PGHH,2018-10-25,2018-11-09,0.08148148148148149,9149.95,9780.15,0.005612012047019879
1888,1074.0,2018-10-25,2018-11-09,0.07777777777777778,215.05,213.0,-0.0007414296416854003
1889,GICRE,2018-10-25,2018-11-09,0.07407407407407408,314.8,325.0,0.002400112946491597
1890,ASTERDM,2018-10-25,2018-11-09,0.07037037037037037,160.0,158.95,-0.0004618055555555606
1891,GILLETTE,2018-10-25,2018-11-09,0.06666666666666667,6715.0,6425.0,-0.0028791263340779347
1892,DBCORP,2018-10-25,2018-11-09,0.06296296296296296,164.7,170.75,0.002312847151948553
1893,CRISIL,2018-10-25,2018-11-09,0.05925925925925925,1359.8,1550.0,0.008288800640617084
1894,THYROCARE,2018-10-25,2018-11-09,0.05555555555555554,568.0,555.55,-0.0012177230046948398
1895,VBL,2018-10-25,2018-11-09,0.05185185185185183,111.0814814814815,112.6296296296295,0.0007226618456279011
1896,COLPAL,2018-10-25,2018-11-09,0.04814814814814812,1110.0,1109.0,-4.337671004337669e-05
1897,GSKCONS,2018-10-25,2018-11-09,0.04444444444444441,6902.35,7100.0,0.0012726744434061474
1898,INFY,2018-10-25,2018-11-09,0.0407407407407407,643.0,679.0,0.0022809745982374265
1899,RAJESHEXPO,2018-11-13,2018-11-27,0.09259259259259262,563.0,571.5,0.0013979343464245776
1900,1074.0,2018-11-13,2018-11-27,0.0888888888888889,210.45,210.35,-4.223753332805125e-05
1901,TCS,2018-11-13,2018-11-27,0.0851851851851852,1915.0,1854.0,-0.002713470650807466
1902,GICRE,2018-11-13,2018-11-27,0.08148148148148149,322.5,303.95,-0.0046867642836635115
1903,INDUSTOWER,2018-11-13,2018-11-27,0.07777777777777778,258.0,262.0,0.0012058570198105081
1904,PGHH,2018-11-13,2018-11-27,0.07407407407407408,9580.0,9415.0,-0.0012758060774762238
1905,ASTERDM,2018-11-13,2018-11-27,0.07037037037037037,161.8,145.5,-0.007089227670191828
1906,THYROCARE,2018-11-13,2018-11-27,0.06666666666666667,552.8,525.0,-0.003352629040038586
1907,VBL,2018-11-13,2018-11-27,0.06296296296296296,116.2962962962965,114.3703703703705,-0.0010426987497051622
1908,WIPRO,2018-11-13,2018-11-27,0.05925925925925925,121.62,119.12,-0.0012181232375279405
1909,GILLETTE,2018-11-13,2018-11-27,0.05555555555555554,6532.0,6455.05,-0.0006544703000612353
1910,GSKCONS,2018-11-13,2018-11-27,0.05185185185185183,7229.95,7190.0,-0.0002865139429016067
1911,COLPAL,2018-11-13,2018-11-27,0.04814814814814812,1096.5,1198.0,0.0044569421222407975
1912,IEX,2018-11-13,2018-11-27,0.04444444444444441,52.9833333333333,52.5,-0.0004054384677221757
1913,NH,2018-11-13,2018-11-27,0.0407407407407407,245.0,228.25,-0.0027853363567649256
1914,RAJESHEXPO,2018-11-27,2018-12-11,0.09259259259259262,571.5,570.25,-0.00020252098117364963
1915,GICRE,2018-11-27,2018-12-11,0.0888888888888889,303.95,269.05,-0.010206357039717786
1916,SUPPETRO,2018-11-27,2018-12-11,0.0851851851851852,202.0,202.65,0.00027411074440777657
1917,THYROCARE,2018-11-27,2018-12-11,0.08148148148148149,525.0,535.0,0.0015520282186948856
1918,VBL,2018-11-27,2018-12-11,0.07777777777777778,114.3703703703705,109.614814814815,-0.0032340241796199854
1919,1074.0,2018-11-27,2018-12-11,0.07407407407407408,210.35,211.45,0.0003873614522532972
1920,NH,2018-11-27,2018-12-11,0.07037037037037037,228.25,206.5,-0.0067056103200681515
1921,PGHH,2018-11-27,2018-12-11,0.06666666666666667,9415.0,9499.0,0.0005947955390334573
1922,GILLETTE,2018-11-27,2018-12-11,0.06296296296296296,6455.05,6180.0,-0.002682854968274912
1923,INDUSTOWER,2018-11-27,2018-12-11,0.05925925925925925,262.0,247.7,-0.0032343794175855264
1924,IEX,2018-11-27,2018-12-11,0.05555555555555554,52.5,50.1666666666667,-0.0024691358024690998
1925,GSKCONS,2018-11-27,2018-12-11,0.05185185185185183,7190.0,7440.0,0.0018029155720393542
1926,ASTERDM,2018-11-27,2018-12-11,0.04814814814814812,145.5,145.15,-0.00011582028764159155
1927,TCS,2018-11-27,2018-12-11,0.04444444444444441,1854.0,1970.0,0.0027807743018098984
1928,CRISIL,2018-11-27,2018-12-11,0.0407407407407407,1491.0,1481.45,-0.0002609484064883111
1929,RAJESHEXPO,2018-12-11,2018-12-26,0.09259259259259262,570.25,569.5,-0.00012177894685566763
1930,GICRE,2018-12-11,2018-12-26,0.0888888888888889,269.05,263.15,-0.0019492452869148767
1931,1074.0,2018-12-11,2018-12-26,0.0851851851851852,211.45,213.75,0.000926582766261182
1932,VBL,2018-12-11,2018-12-26,0.08148148148148149,109.614814814815,106.637037037037,-0.0022135123365020926
1933,THYROCARE,2018-12-11,2018-12-26,0.07777777777777778,535.0,540.95,0.0008650051921080025
1934,NH,2018-12-11,2018-12-26,0.07407407407407408,206.5,202.1,-0.0015783337817236146
1935,PGHH,2018-12-11,2018-12-26,0.07037037037037037,9499.0,9715.4,0.0016031317136696625
1936,SUPPETRO,2018-12-11,2018-12-26,0.06666666666666667,202.65,209.95,0.002401513282342292
1937,467.0,2018-12-11,2018-12-26,0.06296296296296296,800.05,840.65,0.003195170672203359
1938,INDUSTOWER,2018-12-11,2018-12-26,0.05925925925925925,247.7,259.95,0.002930665829333572
1939,IEX,2018-12-11,2018-12-26,0.05555555555555554,50.1666666666667,56.0,0.006459948320413394
1940,DBCORP,2018-12-11,2018-12-26,0.05185185185185183,170.0,171.8,0.0005490196078431405
1941,TCS,2018-12-11,2018-12-26,0.04814814814814812,1970.0,1921.8,-0.0011780409851475846
1942,GILLETTE,2018-12-11,2018-12-26,0.04444444444444441,6180.0,6518.0,0.002430780294857963
1943,WIPRO,2018-12-11,2018-12-26,0.0407407407407407,122.33,122.44,3.663436182033397e-05
1944,RAJESHEXPO,2018-12-27,2019-01-10,0.09259259259259262,572.45,571.5,-0.00015366051701103535
1945,GICRE,2018-12-27,2019-01-10,0.0888888888888889,257.65,260.15,0.0008624964961079848
1946,467.0,2018-12-27,2019-01-10,0.0851851851851852,839.0,810.15,-0.002929192601421448
1947,VBL,2018-12-27,2019-01-10,0.08148148148148149,109.6296296296295,122.2074074074075,0.009348348348348521
1948,NH,2018-12-27,2019-01-10,0.07777777777777778,203.05,208.0,0.0018960847081999463
1949,1074.0,2018-12-27,2019-01-10,0.07407407407407408,215.75,212.8,-0.0010128320672932454
1950,THYROCARE,2018-12-27,2019-01-10,0.07037037037037037,541.25,548.85,0.0009881105123599378
1951,IEX,2018-12-27,2019-01-10,0.06666666666666667,55.55,54.3333333333333,-0.0014601460146014965
1952,INDUSTOWER,2018-12-27,2019-01-10,0.06296296296296296,262.6,290.1,0.006593608078756592
1953,SUPPETRO,2018-12-27,2019-01-10,0.05925925925925925,203.7,198.15,-0.0016145748104510937
1954,PGHH,2018-12-27,2019-01-10,0.05555555555555554,9705.05,10049.8,0.001973485739669324
1955,TCS,2018-12-27,2019-01-10,0.05185185185185183,1909.0,1890.0,-0.0005160739576664142
1956,GILLETTE,2018-12-27,2019-01-10,0.04814814814814812,6480.05,6498.85,0.000139687993948379
1957,WIPRO,2018-12-27,2019-01-10,0.04444444444444441,123.23,124.36,0.00040754866690109536
1958,MPHASIS,2018-12-27,2019-01-10,0.0407407407407407,1002.45,904.0,-0.004001123174149258
1959,RAJESHEXPO,2019-01-10,2019-01-24,0.09259259259259262,571.5,582.55,0.0017902854735750554
1960,GICRE,2019-01-10,2019-01-24,0.0888888888888889,260.15,248.45,-0.0039976936382856015
1961,NH,2019-01-10,2019-01-24,0.0851851851851852,208.0,184.25,-0.00972667378917379
1962,467.0,2019-01-10,2019-01-24,0.08148148148148149,810.15,805.1,-0.000507907771994665
1963,1074.0,2019-01-10,2019-01-24,0.07777777777777778,212.8,212.35,-0.00016447368421053255
1964,THYROCARE,2019-01-10,2019-01-24,0.07407407407407408,548.85,547.1,-0.00023618407512003214
1965,IEX,2019-01-10,2019-01-24,0.07037037037037037,54.3333333333333,53.0,-0.0017268802544875748
1966,VBL,2019-01-10,2019-01-24,0.06666666666666667,122.2074074074075,115.5555555555555,-0.003628722673455447
1967,INDUSTOWER,2019-01-10,2019-01-24,0.06296296296296296,290.1,282.0,-0.001758014477766292
1968,SFL,2019-01-10,2019-01-24,0.05925925925925925,691.15,636.025,-0.004726422146663772
1969,PGHH,2019-01-10,2019-01-24,0.05555555555555554,10049.8,9950.0,-0.0005516969934172226
1970,GILLETTE,2019-01-10,2019-01-24,0.05185185185185183,6498.85,6520.0,0.00016874780409867088
1971,WIPRO,2019-01-10,2019-01-24,0.04814814814814812,124.36,131.65,0.0028224509488581546
1972,TEAMLEASE,2019-01-10,2019-01-24,0.04444444444444441,2787.85,2710.0,-0.0012410997722259065
1973,SUPPETRO,2019-01-10,2019-01-24,0.0407407407407407,198.15,185.35,-0.0026317511051298583
1974,RAJESHEXPO,2019-01-29,2019-02-12,0.09259259259259262,587.5,571.5,-0.0025216706067769904
1975,GICRE,2019-01-29,2019-02-12,0.0888888888888889,243.2,215.9,-0.009978070175438591
1976,INDUSTOWER,2019-01-29,2019-02-12,0.0851851851851852,284.95,323.0,0.011374965068595536
1977,467.0,2019-01-29,2019-02-12,0.08148148148148149,796.0,735.0,-0.006244183882374838
1978,NH,2019-01-29,2019-02-12,0.07777777777777778,190.0,193.85,0.0015760233918128632
1979,THYROCARE,2019-01-29,2019-02-12,0.07407407407407408,549.0,488.05,-0.008223706402212776
1980,1074.0,2019-01-29,2019-02-12,0.07037037037037037,211.3,212.55,0.000416294192915111
1981,VBL,2019-01-29,2019-02-12,0.06666666666666667,114.814814814815,117.785185185185,0.0017247311827954844
1982,PGHH,2019-01-29,2019-02-12,0.06296296296296296,9940.0,10160.5,0.001396713615023474
1983,IEX,2019-01-29,2019-02-12,0.05925925925925925,53.0333333333333,54.3666666666667,0.0014898619549783088
1984,SUPPETRO,2019-01-29,2019-02-12,0.05555555555555554,182.45,209.5,0.00823665540026187
1985,INDHOTEL,2019-01-29,2019-02-12,0.05185185185185183,138.0,136.2,-0.0006763285024154629
1986,TEAMLEASE,2019-01-29,2019-02-12,0.04814814814814812,2591.35,2790.0,0.0036909833212918474
1987,SFL,2019-01-29,2019-02-12,0.04444444444444441,620.65,638.525,0.0012800200506637297
1988,GILLETTE,2019-01-29,2019-02-12,0.0407407407407407,6480.05,6490.05,6.28710283728377e-05
1989,RAJESHEXPO,2019-02-12,2019-02-26,0.09259259259259262,571.5,556.0,-0.0025112601665532555
1990,INDUSTOWER,2019-02-12,2019-02-26,0.0888888888888889,323.0,304.0,-0.005228758169934641
1991,GICRE,2019-02-12,2019-02-26,0.0851851851851852,215.9,219.0,0.0012231314222977008
1992,467.0,2019-02-12,2019-02-26,0.08148148148148149,735.0,794.55,0.006601662887377169
1993,THYROCARE,2019-02-12,2019-02-26,0.07777777777777778,488.05,541.0,0.008438343065942695
1994,1074.0,2019-02-12,2019-02-26,0.07407407407407408,212.55,207.05,-0.0019167603265462594
1995,NH,2019-02-12,2019-02-26,0.07037037037037037,193.85,200.05,0.002250690205294287
1996,PGHH,2019-02-12,2019-02-26,0.06666666666666667,10160.5,10085.0,-0.0004953824450896446
1997,VBL,2019-02-12,2019-02-26,0.06296296296296296,117.785185185185,116.7407407407405,-0.0005583156894395455
1998,IEX,2019-02-12,2019-02-26,0.05925925925925925,54.3666666666667,52.3333333333333,-0.002216318096146496
1999,ALKEM,2019-02-12,2019-02-26,0.05555555555555554,1896.3,1759.05,-0.004020988240257342
2000,GILLETTE,2019-02-12,2019-02-26,0.05185185185185183,6490.05,6323.1,-0.001333836667925001
2001,CUB,2019-02-12,2019-02-26,0.04814814814814812,186.1,175.5,-0.002742452285708597
2002,SUPPETRO,2019-02-12,2019-02-26,0.04444444444444441,209.5,206.85,-0.0005621850967913028
2003,SANOFI,2019-02-12,2019-02-26,0.0407407407407407,4189.8,4123.4,-0.0006456597415593118
2004,RAJESHEXPO,2019-02-26,2019-03-12,0.09259259259259262,556.0,598.0,0.006994404476418866
2005,INDUSTOWER,2019-02-26,2019-03-12,0.0888888888888889,304.0,319.5,0.004532163742690059
2006,THYROCARE,2019-02-26,2019-03-12,0.0851851851851852,541.0,534.9,-0.0009604983911823136
2007,467.0,2019-02-26,2019-03-12,0.08148148148148149,794.55,849.95,0.005681296424484403
2008,1074.0,2019-02-26,2019-03-12,0.07777777777777778,207.05,206.0,-0.0003944296868711304
2009,GICRE,2019-02-26,2019-03-12,0.07407407407407408,219.0,256.5,0.012683916793505836
2010,IEX,2019-02-26,2019-03-12,0.07037037037037037,52.3333333333333,54.0,0.002241094597782542
2011,ALKEM,2019-02-26,2019-03-12,0.06666666666666667,1759.05,1753.0,-0.00022929043138815284
2012,NH,2019-02-26,2019-03-12,0.06296296296296296,200.05,224.7,0.007758245623779233
2013,VBL,2019-02-26,2019-03-12,0.05925925925925925,116.7407407407405,120.4444444444445,0.001880052641474112
2014,GILLETTE,2019-02-26,2019-03-12,0.05555555555555554,6323.1,6505.0,0.0015981963839818336
2015,TEAMLEASE,2019-02-26,2019-03-12,0.05185185185185183,3090.0,3010.0,-0.0013424427663909857
2016,PGHH,2019-02-26,2019-03-12,0.04814814814814812,10085.0,10274.0,0.0009023301933564694
2017,SFL,2019-02-26,2019-03-12,0.04444444444444441,655.525,686.375,0.002091622914627377
2018,CUB,2019-02-26,2019-03-12,0.0407407407407407,175.5,189.4,0.0032267595230558175
2019,RAJESHEXPO,2019-03-14,2019-03-28,0.09259259259259262,617.0,668.45,0.007721051683774545
2020,INDUSTOWER,2019-03-14,2019-03-28,0.0888888888888889,314.0,317.45,0.0009766454352441584
2021,467.0,2019-03-14,2019-03-28,0.0851851851851852,842.15,819.5,-0.0022910935634322185
2022,ALKEM,2019-03-14,2019-03-28,0.08148148148148149,1739.0,1757.0,0.0008433965880774392
2023,1074.0,2019-03-14,2019-03-28,0.07777777777777778,209.0,208.95,-1.8607123870285997e-05
2024,THYROCARE,2019-03-14,2019-03-28,0.07407407407407408,526.5,520.1,-0.0009004255917836134
2025,GILLETTE,2019-03-14,2019-03-28,0.07037037037037037,6499.0,6507.0,8.662301322710616e-05
2026,IEX,2019-03-14,2019-03-28,0.06666666666666667,54.95,53.6,-0.0016378525932666077
2027,PGHH,2019-03-14,2019-03-28,0.06296296296296296,10496.5,10701.0,0.001226687555463814
2028,TEAMLEASE,2019-03-14,2019-03-28,0.05925925925925925,2963.0,3003.0,0.0007999900001249982
2029,RELAXO,2019-03-14,2019-03-28,0.05555555555555554,370.475,382.5,0.0018032405845348647
2030,VBL,2019-03-14,2019-03-28,0.05185185185185183,121.3333333333335,121.4814814814815,6.331117442222042e-05
2031,ASTERDM,2019-03-14,2019-03-28,0.04814814814814812,154.0,155.6,0.0005002405002404982
2032,CUB,2019-03-14,2019-03-28,0.04444444444444441,187.1,202.25,0.0035987885266345974
2033,INDHOTEL,2019-03-14,2019-03-28,0.0407407407407407,152.1,151.25,-0.0002276767234032174
2034,RAJESHEXPO,2019-04-02,2019-04-16,0.09259259259259262,672.55,673.8,0.00017209239571889195
2035,INDUSTOWER,2019-04-02,2019-04-16,0.0888888888888889,314.45,310.95,-0.0009893818130421725
2036,467.0,2019-04-02,2019-04-16,0.0851851851851852,820.15,862.9,0.004440244670690321
2037,ALKEM,2019-04-02,2019-04-16,0.08148148148148149,1752.0,1757.0,0.00023253847454760698
2038,1074.0,2019-04-02,2019-04-16,0.07777777777777778,212.0,213.0,0.0003668763102725367
2039,IEX,2019-04-02,2019-04-16,0.07407407407407408,54.6333333333333,51.8666666666667,-0.0037511581135741263
2040,ICRA,2019-04-02,2019-04-16,0.07037037037037037,2950.0,3000.05,0.0011939108600125593
2041,THYROCARE,2019-04-02,2019-04-16,0.06666666666666667,532.8,519.9,-0.0016141141141141112
2042,REDINGTON,2019-04-02,2019-04-16,0.06296296296296296,50.5,48.225,-0.0028364503116978346
2043,RELAXO,2019-04-02,2019-04-16,0.05925925925925925,410.0,440.0,0.0043360433604336035
2044,ASTERDM,2019-04-02,2019-04-16,0.05555555555555554,155.45,152.0,-0.0012329795218183725
2045,GILLETTE,2019-04-02,2019-04-16,0.05185185185185183,6694.35,7837.6,0.008855173337161876
2046,PGHH,2019-04-02,2019-04-16,0.04814814814814812,10800.05,10736.75,-0.00028220033960747786
2047,VBL,2019-04-02,2019-04-16,0.04444444444444441,133.3333333333335,125.3333333333335,-0.0026666666666666657
2048,SBILIFE,2019-04-02,2019-04-16,0.0407407407407407,600.0,626.0,0.0017654320987654305
2049,ALKEM,2019-04-16,2019-04-30,0.09259259259259262,1757.0,1720.0,-0.0019498724678007552
2050,467.0,2019-04-16,2019-04-30,0.0888888888888889,862.9,896.0,0.003409690835812058
2051,TEAMLEASE,2019-04-16,2019-04-30,0.0851851851851852,2949.95,2998.05,0.0013889752054805807
2052,INDUSTOWER,2019-04-16,2019-04-30,0.08148148148148149,310.95,273.7,-0.009761007188246296
2053,AARTIDRUGS,2019-04-16,2019-04-30,0.07777777777777778,211.2,208.433333333333,-0.0010188692480360348
2054,RAJESHEXPO,2019-04-16,2019-04-30,0.07407407407407408,673.8,673.9,1.0993480865849055e-05
2055,CUB,2019-04-16,2019-04-30,0.07037037037037037,197.0,200.3,0.0011787930062041778
2056,MPHASIS,2019-04-16,2019-04-30,0.06666666666666667,993.2,959.6,-0.002255336286749901
2057,1074.0,2019-04-16,2019-04-30,0.06296296296296296,213.0,208.5,-0.0013302034428794992
2058,RELAXO,2019-04-16,2019-04-30,0.05925925925925925,440.0,441.05,0.00014141414141414293
2059,CYIENT,2019-04-16,2019-04-30,0.05555555555555554,591.0,584.95,-0.0005687159240458688
2060,IEX,2019-04-16,2019-04-30,0.05185185185185183,51.8666666666667,53.3333333333333,0.0014662477387412413
2061,SFL,2019-04-16,2019-04-30,0.04814814814814812,696.925,682.5,-0.0009965735725322444
2062,SBILIFE,2019-04-16,2019-04-30,0.04444444444444441,626.0,635.1,0.000646077387291446
2063,APLLTD,2019-04-16,2019-04-30,0.0407407407407407,534.45,567.0,0.0024812631885323374
2064,ALKEM,2019-05-02,2019-05-15,0.09259259259259262,1709.75,1728.8,0.0010316647982973447
2065,HUHTAMAKI,2019-05-02,2019-05-15,0.0888888888888889,223.0,241.95,0.007553562531141003
2066,467.0,2019-05-02,2019-05-15,0.0851851851851852,914.0,900.05,-0.0013001458789205006
2067,RAJESHEXPO,2019-05-02,2019-05-15,0.08148148148148149,670.5,677.3,0.0008263595437346315
2068,AARTIDRUGS,2019-05-02,2019-05-15,0.07777777777777778,205.5,200.8,-0.0017788591511219206
2069,ENDURANCE,2019-05-02,2019-05-15,0.07407407407407408,1180.0,1175.1,-0.00030759573132455064
2070,APLLTD,2019-05-02,2019-05-15,0.07037037037037037,551.0,530.0,-0.002681992337164751
2071,MPHASIS,2019-05-02,2019-05-15,0.06666666666666667,972.7,957.1,-0.0010691888557623126
2072,CYIENT,2019-05-02,2019-05-15,0.06296296296296296,590.0,565.9,-0.002571876961707472
2073,SCHAEFFLER,2019-05-02,2019-05-15,0.05925925925925925,1090.0,975.18,-0.006242337750594632
2074,RELAXO,2019-05-02,2019-05-15,0.05555555555555554,448.0,410.675,-0.004628596230158727
2075,FORTIS,2019-05-02,2019-05-15,0.05185185185185183,138.9,129.5,-0.003509052609124604
2076,TEAMLEASE,2019-05-02,2019-05-15,0.04814814814814812,2957.05,2914.0,-0.0007009613560060821
2077,SONATSOFTW,2019-05-02,2019-05-15,0.04444444444444441,124.06,128.2,0.0014831533129131005
2078,AIAENG,2019-05-02,2019-05-15,0.0407407407407407,1814.7,1732.35,-0.0018487904336804994
2079,ALKEM,2019-05-15,2019-05-29,0.09259259259259262,1728.8,1722.0,-0.00036420038733782134
2080,RAJESHEXPO,2019-05-15,2019-05-29,0.0888888888888889,677.3,651.5,-0.003385993405187258
2081,467.0,2019-05-15,2019-05-29,0.0851851851851852,900.05,872.05,-0.002650058535842659
2082,ENDURANCE,2019-05-15,2019-05-29,0.08148148148148149,1175.1,1168.5,-0.0004576442666817891
2083,HUHTAMAKI,2019-05-15,2019-05-29,0.07777777777777778,241.95,269.0,0.008695552340933622
2084,CYIENT,2019-05-15,2019-05-29,0.07407407407407408,565.9,567.0,0.00014398565379304326
2085,APLLTD,2019-05-15,2019-05-29,0.07037037037037037,530.0,534.5,0.0005974842767295599
2086,SONATSOFTW,2019-05-15,2019-05-29,0.06666666666666667,128.2,132.71,0.0023452938117524804
2087,SCHAEFFLER,2019-05-15,2019-05-29,0.06296296296296296,975.18,1028.9,0.0034684574851518483
2088,RELAXO,2019-05-15,2019-05-29,0.05925925925925925,410.675,417.5,0.0009848285005039112
2089,MPHASIS,2019-05-15,2019-05-29,0.05555555555555554,957.1,935.05,-0.001279908055584582
2090,VSTIND,2019-05-15,2019-05-29,0.05185185185185183,350.0,344.5,-0.0008148148148148144
2091,HATSUN,2019-05-15,2019-05-29,0.04814814814814812,709.0,714.2,0.0003531316930470697
2092,1074.0,2019-05-15,2019-05-29,0.04444444444444441,204.05,208.75,0.0010237142312613978
2093,SUNDARMFIN,2019-05-15,2019-05-29,0.0407407407407407,1382.2,1524.4,0.004191385713596679
2094,ENDURANCE,2019-05-30,2019-06-13,0.09259259259259262,1212.0,1180.0,-0.0024446889133357785
2095,RAJESHEXPO,2019-05-30,2019-06-13,0.0888888888888889,677.55,658.05,-0.00255823678449315
2096,DRREDDY,2019-05-30,2019-06-13,0.0851851851851852,522.6,518.2,-0.0007172116624852907
2097,VSTIND,2019-05-30,2019-06-13,0.08148148148148149,344.0,349.7,0.0013501291989664057
2098,APLLTD,2019-05-30,2019-06-13,0.07777777777777778,522.5,496.0,-0.003944710260499734
2099,467.0,2019-05-30,2019-06-13,0.07407407407407408,874.9,855.0,-0.00168484863878623
2100,MPHASIS,2019-05-30,2019-06-13,0.07037037037037037,954.4,968.65,0.0010506892055508988
2101,ALKEM,2019-05-30,2019-06-13,0.06666666666666667,1726.2,1792.35,0.00255474452554744
2102,AARTIDRUGS,2019-05-30,2019-06-13,0.06296296296296296,195.3,185.85,-0.003046594982078858
2103,HATSUN,2019-05-30,2019-06-13,0.05925925925925925,710.55,715.6,0.00042116565936142883
2104,1074.0,2019-05-30,2019-06-13,0.05555555555555554,206.95,203.8,-0.0008456148828219314
2105,FORTIS,2019-05-30,2019-06-13,0.05185185185185183,126.1,131.0,0.0020148618086762433
2106,PERSISTENT,2019-05-30,2019-06-13,0.04814814814814812,577.0,628.1,0.00426407343218435
2107,SONATSOFTW,2019-05-30,2019-06-13,0.04444444444444441,132.71,133.01,0.00010046969582799009
2108,SCHAEFFLER,2019-05-30,2019-06-13,0.0407407407407407,1039.6,995.02,-0.0017470394596212175
2109,ENDURANCE,2019-06-18,2019-07-02,0.09259259259259262,1179.9,1119.95,-0.00470457320614114
2110,VSTIND,2019-06-18,2019-07-02,0.0888888888888889,346.89,342.2,-0.0012017898725500556
2111,RAJESHEXPO,2019-06-18,2019-07-02,0.0851851851851852,686.5,712.35,0.0032076286045696133
2112,LTIM,2019-06-18,2019-07-02,0.08148148148148149,1774.95,1850.0,0.0034452718021269232
2113,MPHASIS,2019-06-18,2019-07-02,0.07777777777777778,961.5,998.55,0.002997053215461948
2114,TCNSBRANDS,2019-06-18,2019-07-02,0.07407407407407408,783.05,801.0,0.001698013702355703
2115,AARTIDRUGS,2019-06-18,2019-07-02,0.07037037037037037,177.466666666667,174.033333333333,-0.0013614102457080357
2116,BAJAJCON,2019-06-18,2019-07-02,0.06666666666666667,332.95,325.05,-0.0015818190919557446
2117,PERSISTENT,2019-06-18,2019-07-02,0.06296296296296296,618.0,610.25,-0.0007895840824643413
2118,APLLTD,2019-06-18,2019-07-02,0.05925925925925925,491.65,503.85,0.0014704829918905024
2119,1074.0,2019-06-18,2019-07-02,0.05555555555555554,201.4,199.6,-0.0004965243296921579
2120,DRREDDY,2019-06-18,2019-07-02,0.05185185185185183,511.0,531.4,0.002070015220700149
2121,ZFCVINDIA,2019-06-18,2019-07-02,0.04814814814814812,6103.05,6115.1,9.506479304367383e-05
2122,ERIS,2019-06-18,2019-07-02,0.04444444444444441,490.1,505.25,0.001373869278378559
2123,467.0,2019-06-18,2019-07-02,0.0407407407407407,839.2,863.95,0.0012015411503018736
2124,ENDURANCE,2019-07-02,2019-07-16,0.09259259259259262,1119.95,1002.1,-0.009743325181514391
2125,TCNSBRANDS,2019-07-02,2019-07-16,0.0888888888888889,801.0,765.0,-0.003995006242197254
2126,VSTIND,2019-07-02,2019-07-16,0.0851851851851852,342.2,322.0,-0.005028465051843191
2127,BAJAJCON,2019-07-02,2019-07-16,0.08148148148148149,325.05,319.9,-0.0012909694804787953
2128,RAJESHEXPO,2019-07-02,2019-07-16,0.07777777777777778,712.35,686.5,-0.0028224265537384113
2129,APLLTD,2019-07-02,2019-07-16,0.07407407407407408,503.85,534.0,0.004432536138400976
2130,LTIM,2019-07-02,2019-07-16,0.07037037037037037,1850.0,1600.0,-0.00950950950950951
2131,MPHASIS,2019-07-02,2019-07-16,0.06666666666666667,998.55,938.65,-0.003999132074841853
2132,ERIS,2019-07-02,2019-07-16,0.06296296296296296,505.25,458.9,-0.0057760184727032845
2133,AARTIDRUGS,2019-07-02,2019-07-16,0.05925925925925925,174.033333333333,171.5,-0.0008626132357217204
2134,ZFCVINDIA,2019-07-02,2019-07-16,0.05555555555555554,6115.1,6189.0,0.0006713799538119627
2135,ALKEM,2019-07-02,2019-07-16,0.05185185185185183,1670.5,1760.5,0.0027935747780105744
2136,ATUL,2019-07-02,2019-07-16,0.04814814814814812,4000.0,3756.0,-0.0029370370370370353
2137,PERSISTENT,2019-07-02,2019-07-16,0.04444444444444441,610.25,620.0,0.0007100914925576944
2138,MINDTREE,2019-07-02,2019-07-16,0.0407407407407407,902.0,759.95,-0.006415989159891591
2139,VSTIND,2019-07-16,2019-07-30,0.09259259259259262,322.0,336.1,0.004054520358868193
2140,ENDURANCE,2019-07-16,2019-07-30,0.0888888888888889,1002.1,891.5,-0.009810509042122656
2141,TCNSBRANDS,2019-07-16,2019-07-30,0.0851851851851852,765.0,721.05,-0.004893972403776331
2142,BAJAJCON,2019-07-16,2019-07-30,0.08148148148148149,319.9,277.45,-0.01081240665485742
2143,APLLTD,2019-07-16,2019-07-30,0.07777777777777778,534.0,530.9,-0.0004515189346650054
2144,LTIM,2019-07-16,2019-07-30,0.07407407407407408,1600.0,1518.0,-0.003796296296296297
2145,MPHASIS,2019-07-16,2019-07-30,0.07037037037037037,938.65,949.65,0.0008246674203100987
2146,RAJESHEXPO,2019-07-16,2019-07-30,0.06666666666666667,686.5,713.25,0.0025977178926924007
2147,ALKEM,2019-07-16,2019-07-30,0.06296296296296296,1760.5,1799.3,0.0013876529184680259
2148,SONATSOFTW,2019-07-16,2019-07-30,0.05925925925925925,130.43,121.05,-0.004261687126058822
2149,ERIS,2019-07-16,2019-07-30,0.05555555555555554,458.9,397.95,-0.007378755962325364
2150,ZFCVINDIA,2019-07-16,2019-07-30,0.05185185185185183,6189.0,6076.0,-0.0009467214831570943
2151,GLAXO,2019-07-16,2019-07-30,0.04814814814814812,1140.2,1195.45,0.002333086463063659
2152,TECHM,2019-07-16,2019-07-30,0.04444444444444441,680.0,645.0,-0.0022875816993464036
2153,1074.0,2019-07-16,2019-07-30,0.0407407407407407,201.35,199.75,-0.00032374067636049115
2154,VSTIND,2019-07-31,2019-08-14,0.09259259259259262,330.8,343.0,0.003414841685700208
2155,ALKEM,2019-07-31,2019-08-14,0.0888888888888889,1760.4,1810.0,0.002504481304753966
2156,LTIM,2019-07-31,2019-08-14,0.0851851851851852,1510.0,1597.35,0.004927765513858225
2157,MPHASIS,2019-07-31,2019-08-14,0.08148148148148149,958.0,962.0,0.00034021495399365966
2158,TCNSBRANDS,2019-07-31,2019-08-14,0.07777777777777778,706.15,670.5,-0.0039266130110851465
2159,ENDURANCE,2019-07-31,2019-08-14,0.07407407407407408,873.1,859.0,-0.0011962483615215282
2160,HATSUN,2019-07-31,2019-08-14,0.07037037037037037,677.05,620.0,-0.005929591063628428
2161,APLLTD,2019-07-31,2019-08-14,0.06666666666666667,507.0,530.0,0.003024326101249178
2162,ZFCVINDIA,2019-07-31,2019-08-14,0.06296296296296296,6079.75,6035.0,-0.00046343889018341086
2163,GLAXO,2019-07-31,2019-08-14,0.05925925925925925,1190.15,1200.8,0.000530278629677858
2164,1074.0,2019-07-31,2019-08-14,0.05555555555555554,199.4,196.45,-0.000821910174969357
2165,BLUEDART,2019-07-31,2019-08-14,0.05185185185185183,2398.3,2266.25,-0.002854954358102424
2166,RAJESHEXPO,2019-07-31,2019-08-14,0.04814814814814812,699.0,699.0,0.0
2167,SIS,2019-07-31,2019-08-14,0.04444444444444441,425.225,408.05,-0.0017951280694534265
2168,3MINDIA,2019-07-31,2019-08-14,0.0407407407407407,20990.0,21013.0,4.4642069415771136e-05
2169,VSTIND,2019-08-16,2019-08-29,0.09259259259259262,345.0,349.4,0.0011808910359634938
2170,ENDURANCE,2019-08-16,2019-08-29,0.0888888888888889,834.0,892.4,0.006224353850253129
2171,RAJESHEXPO,2019-08-16,2019-08-29,0.0851851851851852,678.5,697.95,0.0024419334588826175
2172,ALKEM,2019-08-16,2019-08-29,0.08148148148148149,1768.45,1829.85,0.002829010129188245
2173,SIS,2019-08-16,2019-08-29,0.07777777777777778,396.5,381.3,-0.0029816449488580614
2174,MPHASIS,2019-08-16,2019-08-29,0.07407407407407408,960.2,978.0,0.001373170712891601
2175,BAJAJCON,2019-08-16,2019-08-29,0.07037037037037037,259.75,251.0,-0.0023705129576159414
2176,LTIM,2019-08-16,2019-08-29,0.06666666666666667,1629.9,1640.0,0.00041311327893326413
2177,HATSUN,2019-08-16,2019-08-29,0.06296296296296296,601.0,595.1,-0.0006181056264250916
2178,GLAXO,2019-08-16,2019-08-29,0.05925925925925925,1208.0,1196.2,-0.00057885700269806
2179,1074.0,2019-08-16,2019-08-29,0.05555555555555554,200.0,194.45,-0.0015416666666666693
2180,ATUL,2019-08-16,2019-08-29,0.05185185185185183,3606.2,3509.0,-0.001397593034218842
2181,APLLTD,2019-08-16,2019-08-29,0.04814814814814812,523.4,499.95,-0.0021571915821056034
2182,ZFCVINDIA,2019-08-16,2019-08-29,0.04444444444444441,6050.0,6169.95,0.0008811753902662974
2183,TECHM,2019-08-16,2019-08-29,0.0407407407407407,656.9,684.15,0.001690036817149009
2184,VSTIND,2019-09-04,2019-09-18,0.09259259259259262,342.99,353.0,0.0027022707713106834
2185,RAJESHEXPO,2019-09-04,2019-09-18,0.0888888888888889,684.5,677.75,-0.0008765522279035794
2186,SIS,2019-09-04,2019-09-18,0.0851851851851852,378.15,426.9,0.01098182672954589
2187,ERIS,2019-09-04,2019-09-18,0.08148148148148149,395.0,410.8,0.003259259259259262
2188,1074.0,2019-09-04,2019-09-18,0.07777777777777778,193.45,194.4,0.00038195341891388067
2189,ALKEM,2019-09-04,2019-09-18,0.07407407407407408,1880.0,1865.0,-0.000591016548463357
2190,GLAXO,2019-09-04,2019-09-18,0.07037037037037037,1240.0,1366.0,0.007150537634408602
2191,TECHM,2019-09-04,2019-09-18,0.06666666666666667,705.0,710.0,0.00047281323877068556
2192,MPHASIS,2019-09-04,2019-09-18,0.06296296296296296,974.0,981.8,0.0005042208532968257
2193,ATUL,2019-09-04,2019-09-18,0.05925925925925925,3471.0,3721.5,0.004276705400300905
2194,ZFCVINDIA,2019-09-04,2019-09-18,0.05555555555555554,6083.7,6110.0,0.00024016817251197806
2195,DRREDDY,2019-09-04,2019-09-18,0.05185185185185183,507.98,547.96,0.004080942235987711
2196,NAM-INDIA,2019-09-04,2019-09-18,0.04814814814814812,282.95,228.05,-0.009342051010190248
2197,APLLTD,2019-09-04,2019-09-18,0.04444444444444441,495.5,497.65,0.00019284673169637633
2198,LTIM,2019-09-04,2019-09-18,0.0407407407407407,1611.05,1627.9,0.00042610811674466116
2199,VSTIND,2019-09-17,2019-10-01,0.09259259259259262,352.7,379.99,0.007164309191527799
2200,RAJESHEXPO,2019-09-17,2019-10-01,0.0888888888888889,678.0,669.8,-0.001075057358243205
2201,ERIS,2019-09-17,2019-10-01,0.0851851851851852,421.8,452.95,0.006290940062869884
2202,SIS,2019-09-17,2019-10-01,0.08148148148148149,455.0,447.5,-0.0013431013431013433
2203,1074.0,2019-09-17,2019-10-01,0.07777777777777778,194.0,192.45,-0.0006214203894616312
2204,ALKEM,2019-09-17,2019-10-01,0.07407407407407408,1868.95,1910.0,0.00162697811110021
2205,TECHM,2019-09-17,2019-10-01,0.07037037037037037,719.9,715.0,-0.000478975989463555
2206,MPHASIS,2019-09-17,2019-10-01,0.06666666666666667,987.35,957.1,-0.002042504346651812
2207,GLAXO,2019-09-17,2019-10-01,0.06296296296296296,1385.25,1394.45,0.00041816225176629637
2208,DRREDDY,2019-09-17,2019-10-01,0.05925925925925925,547.0,538.0,-0.0009750152346130406
2209,ZFCVINDIA,2019-09-17,2019-10-01,0.05555555555555554,6199.0,6290.0,0.0008155437256905233
2210,APLLTD,2019-09-17,2019-10-01,0.05185185185185183,505.0,509.4,0.00045177851118444927
2211,WIPRO,2019-09-17,2019-10-01,0.04814814814814812,123.47,120.0,-0.0013531552123922728
2212,ATUL,2019-09-17,2019-10-01,0.04444444444444441,3870.0,3997.0,0.0014585127763422326
2213,HATSUN,2019-09-17,2019-10-01,0.0407407407407407,621.8,626.05,0.00027846276640101
2214,DEN,2019-10-03,2019-10-16,0.09259259259259262,53.4,50.0,-0.0058954085171313625
2215,RAJESHEXPO,2019-10-03,2019-10-16,0.0888888888888889,673.2,676.7,0.0004621377170396779
2216,LTIM,2019-10-03,2019-10-16,0.0851851851851852,1500.0,1494.05,-0.0003379012345679038
2217,INFY,2019-10-03,2019-10-16,0.08148148148148149,792.55,765.25,-0.0028066928830287564
2218,VSTIND,2019-10-03,2019-10-16,0.07777777777777778,374.72,396.6,0.004541465034633266
2219,1074.0,2019-10-03,2019-10-16,0.07407407407407408,193.0,189.8,-0.0012281711763577005
2220,AJANTPHARM,2019-10-03,2019-10-16,0.07037037037037037,665.333333333333,641.633333333333,-0.002506680026720113
2221,MPHASIS,2019-10-03,2019-10-16,0.06666666666666667,940.0,917.0,-0.001631205673758865
2222,TECHM,2019-10-03,2019-10-16,0.06296296296296296,705.25,720.1,0.00132577100319036
2223,CHALET,2019-10-03,2019-10-16,0.05925925925925925,325.0,313.05,-0.0021789173789173765
2224,TCS,2019-10-03,2019-10-16,0.05555555555555554,2070.0,2038.0,-0.0008588298443370905
2225,SIS,2019-10-03,2019-10-16,0.05185185185185183,425.375,440.2,0.0018071200792329186
2226,HCLTECH,2019-10-03,2019-10-16,0.04814814814814812,529.0,544.5,0.0014107680459287256
2227,WIPRO,2019-10-03,2019-10-16,0.04444444444444441,117.1,122.95,0.0022203245089666966
2228,ZFCVINDIA,2019-10-03,2019-10-16,0.0407407407407407,6239.0,6140.7,-0.0006419001145720177
2229,RAJESHEXPO,2019-10-23,2019-11-06,0.09259259259259262,674.7,675.5,0.00010978816373806117
2230,1074.0,2019-10-23,2019-11-06,0.0888888888888889,190.0,186.5,-0.0016374269005847957
2231,INFY,2019-10-23,2019-11-06,0.0851851851851852,630.0,695.8,0.008897119341563781
2232,LTIM,2019-10-23,2019-11-06,0.08148148148148149,1619.75,1661.0,0.0020750801735521605
2233,AJANTPHARM,2019-10-23,2019-11-06,0.07777777777777778,673.3,684.166666666667,0.0012552876655060336
2234,CHALET,2019-10-23,2019-11-06,0.07407407407407408,322.8,325.0,0.0005048418926981478
2235,MPHASIS,2019-10-23,2019-11-06,0.07037037037037037,910.5,915.0,0.0003477942522423577
2236,VSTIND,2019-10-23,2019-11-06,0.06666666666666667,392.81,391.0,-0.0003071883777568463
2237,TCS,2019-10-23,2019-11-06,0.06296296296296296,2060.0,2200.0,0.004279036317871268
2238,TECHM,2019-10-23,2019-11-06,0.05925925925925925,717.65,784.0,0.005478787503451338
2239,HCLTECH,2019-10-23,2019-11-06,0.05555555555555554,535.0,580.0,0.00467289719626168
2240,SIS,2019-10-23,2019-11-06,0.05185185185185183,465.0,448.85,-0.001800876144962163
2241,CCL,2019-10-23,2019-11-06,0.04814814814814812,230.9,205.05,-0.005390340535424983
2242,WIPRO,2019-10-23,2019-11-06,0.04444444444444441,126.4,129.5,0.001090014064697606
2243,ZFCVINDIA,2019-10-23,2019-11-06,0.0407407407407407,6197.95,6156.95,-0.00026950368595589976
2244,1074.0,2019-11-05,2019-11-19,0.09259259259259262,184.9,182.9,-0.0010015423752578975
2245,RAJESHEXPO,2019-11-05,2019-11-19,0.0888888888888889,675.5,712.4,0.004855662472242781
2246,INFY,2019-11-05,2019-11-19,0.0851851851851852,708.75,709.9,0.0001382193480958886
2247,MPHASIS,2019-11-05,2019-11-19,0.08148148148148149,937.05,925.0,-0.0010478115915392436
2248,VSTIND,2019-11-05,2019-11-19,0.07777777777777778,398.8,442.5,0.008522790594004234
2249,LTIM,2019-11-05,2019-11-19,0.07407407407407408,1661.0,1709.95,0.002182977679666424
2250,CHALET,2019-11-05,2019-11-19,0.07037037037037037,328.1,343.1,0.003217176335128179
2251,TCS,2019-11-05,2019-11-19,0.06666666666666667,2197.0,2153.0,-0.0013351539978758912
2252,HCLTECH,2019-11-05,2019-11-19,0.06296296296296296,578.05,569.5,-0.0009312919874289949
2253,TECHM,2019-11-05,2019-11-19,0.05925925925925925,772.0,754.0,-0.0013816925734024177
2254,AJANTPHARM,2019-11-05,2019-11-19,0.05555555555555554,671.333333333333,648.1,-0.0019226525433079288
2255,HERITGFOOD,2019-11-05,2019-11-19,0.05185185185185183,346.65,323.05,-0.00353008424550325
2256,ZFCVINDIA,2019-11-05,2019-11-19,0.04814814814814812,6128.9,6239.95,0.0008723999170898298
2257,ICRA,2019-11-05,2019-11-19,0.04444444444444441,2783.45,2680.0,-0.001651826969328627
2258,CCL,2019-11-05,2019-11-19,0.0407407407407407,215.95,205.7,-0.00193374666632365
2259,ALEMBICLTD,2019-11-19,2019-12-03,0.09259259259259262,51.75,53.45,0.0030416890320272023
2260,1074.0,2019-11-19,2019-12-03,0.0888888888888889,182.9,181.8,-0.0005345969260676724
2261,CHALET,2019-11-19,2019-12-03,0.0851851851851852,343.1,342.2,-0.00022345283202177086
2262,RAJESHEXPO,2019-11-19,2019-12-03,0.08148148148148149,712.4,671.4,-0.004689417098176223
2263,TCS,2019-11-19,2019-12-03,0.07777777777777778,2153.0,2027.7,-0.00452650049027197
2264,HCLTECH,2019-11-19,2019-12-03,0.07407407407407408,569.5,564.975,-0.0005885604656456252
2265,MPHASIS,2019-11-19,2019-12-03,0.07037037037037037,925.0,866.6,-0.004442842842842841
2266,INFY,2019-11-19,2019-12-03,0.06666666666666667,709.9,692.7,-0.0016152509743156249
2267,POWERGRID,2019-11-19,2019-12-03,0.06296296296296296,107.98,108.6,0.0003615209949716283
2268,AJANTPHARM,2019-11-19,2019-12-03,0.05925925925925925,648.1,662.166666666667,0.001286190783696338
2269,VSTIND,2019-11-19,2019-12-03,0.05555555555555554,442.5,419.0,-0.002950408035153797
2270,LTIM,2019-11-19,2019-12-03,0.05185185185185183,1709.95,1645.0,-0.001969518277012649
2271,ALKEM,2019-11-19,2019-12-03,0.04814814814814812,2119.35,2028.7,-0.002059418986778786
2272,TECHM,2019-11-19,2019-12-03,0.04444444444444441,754.0,748.05,-0.0003507220748600083
2273,WIPRO,2019-11-19,2019-12-03,0.0407407407407407,124.1,119.25,-0.0015922046139612586
2274,ALEMBICLTD,2019-12-04,2019-12-18,0.09259259259259262,53.55,51.6,-0.0033717190579935614
2275,CHALET,2019-12-04,2019-12-18,0.0888888888888889,353.65,336.5,-0.004310602133308194
2276,1074.0,2019-12-04,2019-12-18,0.0851851851851852,181.45,154.85,-0.012487880550707776
2277,RAJESHEXPO,2019-12-04,2019-12-18,0.08148148148148149,674.5,691.4,0.002041567141641268
2278,TCS,2019-12-04,2019-12-18,0.07777777777777778,2053.0,2174.0,0.004584077501758944
2279,AJANTPHARM,2019-12-04,2019-12-18,0.07407407407407408,652.266666666667,653.666666666667,0.00015898973380575735
2280,HCLTECH,2019-12-04,2019-12-18,0.07037037037037037,563.5,560.0,-0.000437083045778698
2281,INFY,2019-12-04,2019-12-18,0.06666666666666667,697.0,731.0,0.0032520325203252032
2282,RITES,2019-12-04,2019-12-18,0.06296296296296296,139.35,140.38,0.00046538824436205176
2283,ALKEM,2019-12-04,2019-12-18,0.05925925925925925,2056.7,2072.1,0.0004437169215697953
2284,POWERGRID,2019-12-04,2019-12-18,0.05555555555555554,107.1,105.74,-0.0007054673721340383
2285,PTC,2019-12-04,2019-12-18,0.05185185185185183,54.75,54.7,-4.7353289362419075e-05
2286,MPHASIS,2019-12-04,2019-12-18,0.04814814814814812,851.95,869.0,0.0009635846304664866
2287,VSTIND,2019-12-04,2019-12-18,0.04444444444444441,411.5,428.0,0.0017820980153908453
2288,LTIM,2019-12-04,2019-12-18,0.0407407407407407,1625.9,1648.0,0.0005537673721448833
2289,ALEMBICLTD,2019-12-19,2020-01-02,0.09259259259259262,55.3,61.75,0.010799678521197517
2290,CHALET,2019-12-19,2020-01-02,0.0888888888888889,331.25,346.0,0.003958071278825997
2291,RAJESHEXPO,2019-12-19,2020-01-02,0.0851851851851852,693.0,679.0,-0.0017209128320239432
2292,AJANTPHARM,2019-12-19,2020-01-02,0.08148148148148149,649.333333333333,652.3,0.0003722716556392447
2293,TCS,2019-12-19,2020-01-02,0.07777777777777778,2179.8,2179.95,5.352172982217805e-06
2294,HCLTECH,2019-12-19,2020-01-02,0.07407407407407408,565.5,572.55,0.0009234698889871246
2295,INFY,2019-12-19,2020-01-02,0.07037037037037037,733.5,738.9,0.0005180640763462829
2296,1074.0,2019-12-19,2020-01-02,0.06666666666666667,154.0,155.85,0.0008008658008657984
2297,ALKEM,2019-12-19,2020-01-02,0.06296296296296296,2095.0,2100.0,0.000150269601343587
2298,POWERGRID,2019-12-19,2020-01-02,0.05925925925925925,105.77,110.55,0.002678068065228886
2299,PTC,2019-12-19,2020-01-02,0.05555555555555554,54.55,56.5,0.0019859456156431435
2300,LTIM,2019-12-19,2020-01-02,0.05185185185185183,1640.5,1786.9,0.004627315520335942
2301,VSTIND,2019-12-19,2020-01-02,0.04814814814814812,424.56,430.0,0.0006169350054784381
2302,NH,2019-12-19,2020-01-02,0.04444444444444441,303.55,329.0,0.0037262761031497606
2303,RITES,2019-12-19,2020-01-02,0.0407407407407407,140.13,148.07,0.002308438460582895
2304,ALEMBICLTD,2020-01-07,2020-01-21,0.09259259259259262,57.45,56.55,-0.0014505366985784836
2305,RAJESHEXPO,2020-01-07,2020-01-21,0.0888888888888889,691.45,711.5,0.00257751424140895
2306,AJANTPHARM,2020-01-07,2020-01-21,0.0851851851851852,653.533333333333,802.0,0.019351974641171887
2307,TCS,2020-01-07,2020-01-21,0.08148148148148149,2200.5,2169.95,-0.001131224385030345
2308,CHALET,2020-01-07,2020-01-21,0.07777777777777778,329.45,347.0,0.00414326908483837
2309,POWERGRID,2020-01-07,2020-01-21,0.07407407407407408,109.19,115.13,0.0040296730469823235
2310,INFY,2020-01-07,2020-01-21,0.07037037037037037,738.0,768.45,0.0029034929238181315
2311,HCLTECH,2020-01-07,2020-01-21,0.06666666666666667,582.0,589.3,0.0008361970217640269
2312,1074.0,2020-01-07,2020-01-21,0.06296296296296296,157.35,155.8,-0.0006202262001435749
2313,NH,2020-01-07,2020-01-21,0.05925925925925925,343.0,362.9,0.00343807364215527
2314,RITES,2020-01-07,2020-01-21,0.05555555555555554,151.95,158.5,0.0023947936090088153
2315,ALKEM,2020-01-07,2020-01-21,0.05185185185185183,2095.0,2359.95,0.006557588614867844
2316,LTIM,2020-01-07,2020-01-21,0.04814814814814812,1816.0,1897.0,0.0021475770925110118
2317,WIPRO,2020-01-07,2020-01-21,0.04444444444444441,126.63,123.95,-0.0009406231628453818
2318,MPHASIS,2020-01-07,2020-01-21,0.0407407407407407,878.0,883.5,0.0002552096515650044
2319,ALEMBICLTD,2020-01-21,2020-02-04,0.09259259259259262,56.55,55.4,-0.0018829616530765937
2320,AJANTPHARM,2020-01-21,2020-02-04,0.0888888888888889,802.0,790.0,-0.0013300083125519536
2321,RAJESHEXPO,2020-01-21,2020-02-04,0.0851851851851852,711.5,726.3,0.001771947632804971
2322,TCS,2020-01-21,2020-02-04,0.08148148148148149,2169.95,2129.0,-0.001537669838782761
2323,NH,2020-01-21,2020-02-04,0.07777777777777778,362.9,368.7,0.0012430727779308682
2324,POWERGRID,2020-01-21,2020-02-04,0.07407407407407408,115.13,106.48,-0.005565367330328674
2325,LTIM,2020-01-21,2020-02-04,0.07037037037037037,1897.0,1960.9,0.0023704094183799014
2326,VINATIORGA,2020-01-21,2020-02-04,0.06666666666666667,1070.925,980.0,-0.005660215857008347
2327,HCLTECH,2020-01-21,2020-02-04,0.06296296296296296,589.3,583.0,-0.0006731149951920309
2328,VTL,2020-01-21,2020-02-04,0.05925925925925925,209.2,202.4,-0.0019262091919835655
2329,INFY,2020-01-21,2020-02-04,0.05555555555555554,768.45,770.1,0.00011928774372654741
2330,1074.0,2020-01-21,2020-02-04,0.05185185185185183,155.8,154.85,-0.00031616982836495583
2331,CHALET,2020-01-21,2020-02-04,0.04814814814814812,347.0,316.05,-0.004294481801686408
2332,RITES,2020-01-21,2020-02-04,0.04444444444444441,158.5,156.2,-0.0006449351559761682
2333,LTTS,2020-01-21,2020-02-04,0.0407407407407407,1624.0,1648.0,0.0006020799124247394
2334,RAJESHEXPO,2020-02-04,2020-02-18,0.09259259259259262,726.3,714.0,-0.0015680695151987954
2335,TCS,2020-02-04,2020-02-18,0.0888888888888889,2129.0,2199.95,0.0029622671050571403
2336,AJANTPHARM,2020-02-04,2020-02-18,0.0851851851851852,790.0,889.8,0.010761368963900605
2337,ALEMBICLTD,2020-02-04,2020-02-18,0.08148148148148149,55.4,50.0,-0.007942238267148015
2338,NH,2020-02-04,2020-02-18,0.07777777777777778,368.7,339.8,-0.006096495193321877
2339,LTIM,2020-02-04,2020-02-18,0.07407407407407408,1960.9,1997.0,0.001363697319635916
2340,INFY,2020-02-04,2020-02-18,0.07037037037037037,770.1,785.0,0.0013615355389150982
2341,POWERGRID,2020-02-04,2020-02-18,0.06666666666666667,106.48,103.23,-0.0020348109191084397
2342,1074.0,2020-02-04,2020-02-18,0.06296296296296296,154.85,155.75,0.00036594553869336146
2343,HCLTECH,2020-02-04,2020-02-18,0.05925925925925925,583.0,613.45,0.003095101963026495
2344,PERSISTENT,2020-02-04,2020-02-18,0.05555555555555554,709.0,700.0,-0.0007052186177715089
2345,VTL,2020-02-04,2020-02-18,0.05185185185185183,202.4,206.0,0.0009222661396574421
2346,CHALET,2020-02-04,2020-02-18,0.04814814814814812,316.05,343.1,0.0041208903888859585
2347,ALKEM,2020-02-04,2020-02-18,0.04444444444444441,2380.0,2598.3,0.004076563958916901
2348,TECHM,2020-02-04,2020-02-18,0.0407407407407407,794.3,825.35,0.0015925972554450482
2349,TCS,2020-02-19,2020-03-04,0.09259259259259262,2215.75,2056.0,-0.006675692955733575
2350,LTIM,2020-02-19,2020-03-04,0.0888888888888889,1974.0,1966.0,-0.0003602386581109986
2351,RAJESHEXPO,2020-02-19,2020-03-04,0.0851851851851852,716.9,678.0,-0.004622267685456413
2352,AJANTPHARM,2020-02-19,2020-03-04,0.08148148148148149,878.366666666667,985.0,0.009891816601239358
2353,INFY,2020-02-19,2020-03-04,0.07777777777777778,800.0,753.9,-0.004481944444444446
2354,VAIBHAVGBL,2020-02-19,2020-03-04,0.07407407407407408,225.59,210.22,-0.005046848346640006
2355,NH,2020-02-19,2020-03-04,0.07037037037037037,351.85,320.15,-0.006340033368596686
2356,VTL,2020-02-19,2020-03-04,0.06666666666666667,207.0,206.34,-0.00021256038647342887
2357,HCLTECH,2020-02-19,2020-03-04,0.06296296296296296,614.45,569.0,-0.0046572815797325555
2358,PTC,2020-02-19,2020-03-04,0.05925925925925925,51.0,47.8,-0.0037182280319535245
2359,POWERGRID,2020-02-19,2020-03-04,0.05555555555555554,105.15,107.81,0.001405399693559463
2360,3632.0,2020-02-19,2020-03-04,0.05185185185185183,664.0,645.0,-0.0014837126282909409
2361,ICRA,2020-02-19,2020-03-04,0.04814814814814812,2993.2,2792.05,-0.003235667513029526
2362,ALKEM,2020-02-19,2020-03-04,0.04444444444444441,2655.6,2655.0,-1.0041672942710727e-05
2363,TECHM,2020-02-19,2020-03-04,0.0407407407407407,839.0,754.0,-0.004127488632852157
2364,RAJESHEXPO,2020-03-05,2020-03-19,0.09259259259259262,682.65,610.0,-0.00985402746920362
2365,TCS,2020-03-05,2020-03-19,0.0888888888888889,2085.7,1559.7,-0.0224172007266412
2366,LTIM,2020-03-05,2020-03-19,0.0851851851851852,1896.0,1326.0,-0.0256094702297234
2367,NH,2020-03-05,2020-03-19,0.08148148148148149,321.0,216.0,-0.026652821045344416
2368,VTL,2020-03-05,2020-03-19,0.07777777777777778,203.62,160.0,-0.016661755557738273
2369,GULFOILLUB,2020-03-05,2020-03-19,0.07407407407407408,719.0,559.0,-0.01648379951578839
2370,VAIBHAVGBL,2020-03-05,2020-03-19,0.07037037037037037,207.3,154.26,-0.01800503832341749
2371,RHIM,2020-03-05,2020-03-19,0.06666666666666667,229.5,160.0,-0.02018881626724764
2372,ZFCVINDIA,2020-03-05,2020-03-19,0.06296296296296296,6770.7,5911.0,-0.007994632646441173
2373,POWERGRID,2020-03-05,2020-03-19,0.05925925925925925,110.83,82.2,-0.015308062732045402
2374,SHRIRAMCIT,2020-03-05,2020-03-19,0.05555555555555554,1420.3,865.0,-0.021720763219038222
2375,AJANTPHARM,2020-03-05,2020-03-19,0.05185185185185183,1008.0,800.0,-0.010699588477366252
2376,GARFIBRES,2020-03-05,2020-03-19,0.04814814814814812,298.29,193.32,-0.016943615646220486
2377,INFY,2020-03-05,2020-03-19,0.04444444444444441,763.75,509.25,-0.01480996544826331
2378,1074.0,2020-03-05,2020-03-19,0.0407407407407407,159.15,163.4,0.0010879556905318754
2379,RAJESHEXPO,2020-03-24,2020-04-07,0.09259259259259262,558.7,640.0,0.013473738639301546
2380,ZYDUSWELL,2020-03-24,2020-04-07,0.0888888888888889,1335.0,1333.2,-0.0001198501872659146
2381,1074.0,2020-03-24,2020-04-07,0.0851851851851852,157.3,155.0,-0.0012455557910103427
2382,SWANENERGY,2020-03-24,2020-04-07,0.08148148148148149,100.0,97.9,-0.0017111111111111066
2383,RESPONIND,2020-03-24,2020-04-07,0.07777777777777778,82.0,84.95,0.002798102981029813
2384,NH,2020-03-24,2020-04-07,0.07407407407407408,227.0,280.0,0.017294827867515093
2385,INDIGO,2020-03-24,2020-04-07,0.07037037037037037,800.05,987.0,0.016443648197913562
2386,VTL,2020-03-24,2020-04-07,0.06666666666666667,176.0,129.99,-0.0174280303030303
2387,SFL,2020-03-24,2020-04-07,0.06296296296296296,612.5,647.0,0.003546485260770975
2388,OBEROIRLTY,2020-03-24,2020-04-07,0.05925925925925925,380.3,325.95,-0.008468947517067425
2389,SUPPETRO,2020-03-24,2020-04-07,0.05555555555555554,123.45,139.75,0.007335403447189592
2390,ZFCVINDIA,2020-03-24,2020-04-07,0.05185185185185183,5530.0,6250.0,0.006751054852320672
2391,ERIS,2020-03-24,2020-04-07,0.04814814814814812,370.0,380.0,0.0013013013013013005
2392,PGHH,2020-03-24,2020-04-07,0.04444444444444441,8627.0,10420.0,0.009237149517664174
2393,IPCALAB,2020-03-24,2020-04-07,0.0407407407407407,735.0,799.95,0.003600151171579742
2394,RAJESHEXPO,2020-04-08,2020-04-22,0.09259259259259262,625.0,540.6,-0.012503703703703704
2395,1074.0,2020-04-08,2020-04-22,0.0888888888888889,158.0,156.5,-0.0008438818565400845
2396,SWANENERGY,2020-04-08,2020-04-22,0.0851851851851852,102.0,100.05,-0.0016285403050108958
2397,VTL,2020-04-08,2020-04-22,0.08148148148148149,132.99,127.99,-0.0030634439236589864
2398,RESPONIND,2020-04-08,2020-04-22,0.07777777777777778,81.95,81.95,0.0
2399,OBEROIRLTY,2020-04-08,2020-04-22,0.07407407407407408,321.0,363.55,0.00981885312103381
2400,SUPPETRO,2020-04-08,2020-04-22,0.07037037037037037,132.6,142.65,0.005333500921736223
2401,ZYDUSWELL,2020-04-08,2020-04-22,0.06666666666666667,1378.0,1300.0,-0.0037735849056603774
2402,CUMMINSIND,2020-04-08,2020-04-22,0.06296296296296296,286.0,404.25,0.026032763532763528
2403,VBL,2020-04-08,2020-04-22,0.05925925925925925,121.0444444444445,135.5555555555555,0.007104148392931147
2404,SFL,2020-04-08,2020-04-22,0.05555555555555554,624.0,603.575,-0.0018184650997150951
2405,DCAL,2020-04-08,2020-04-22,0.05185185185185183,64.75,80.0,0.012212212212212208
2406,SWSOLAR,2020-04-08,2020-04-22,0.04814814814814812,92.6,136.7,0.022930165586753044
2407,DBCORP,2020-04-08,2020-04-22,0.04444444444444441,84.0,78.45,-0.002936507936507933
2408,STARCEMENT,2020-04-08,2020-04-22,0.0407407407407407,69.55,77.0,0.0043640333359959505
2409,RAJESHEXPO,2020-04-22,2020-05-06,0.09259259259259262,540.6,563.0,0.0038366150093860018
2410,1074.0,2020-04-22,2020-05-06,0.0888888888888889,156.5,153.8,-0.0015335463258785882
2411,VTL,2020-04-22,2020-05-06,0.0851851851851852,127.99,128.99,0.000665561256232412
2412,SWANENERGY,2020-04-22,2020-05-06,0.08148148148148149,100.05,103.0,0.0024025024524774678
2413,RESPONIND,2020-04-22,2020-05-06,0.07777777777777778,81.95,81.55,-0.0003796352789641434
2414,ZYDUSWELL,2020-04-22,2020-05-06,0.07407407407407408,1300.0,1323.95,0.0013646723646723675
2415,SUPPETRO,2020-04-22,2020-05-06,0.07037037037037037,142.65,157.1,0.0071282989965078935
2416,PGHH,2020-04-22,2020-05-06,0.06666666666666667,10650.0,10052.0,-0.0037433489827856025
2417,SFL,2020-04-22,2020-05-06,0.06296296296296296,603.575,699.975,0.010056131598607675
2418,IPCALAB,2020-04-22,2020-05-06,0.05925925925925925,799.0,794.0,-0.0003708339127613219
2419,OBEROIRLTY,2020-04-22,2020-05-06,0.05555555555555554,363.55,312.25,-0.007839361848439003
2420,STARCEMENT,2020-04-22,2020-05-06,0.05185185185185183,77.0,73.7,-0.002222222222222219
2421,ERIS,2020-04-22,2020-05-06,0.04814814814814812,477.8,482.15,0.00043835170457187666
2422,SWSOLAR,2020-04-22,2020-05-06,0.04444444444444441,136.7,142.1,0.0017556693489392838
2423,ALKEM,2020-04-22,2020-05-06,0.0407407407407407,2581.7,2694.0,0.0017721598889046707
2424,1074.0,2020-05-07,2020-05-21,0.09259259259259262,154.0,169.95,0.009589947089947086
2425,SWANENERGY,2020-05-07,2020-05-21,0.0888888888888889,103.5,101.5,-0.0017176596886741818
2426,RESPONIND,2020-05-07,2020-05-21,0.0851851851851852,80.5,84.0,0.003703703703703704
2427,VTL,2020-05-07,2020-05-21,0.08148148148148149,128.98,125.4,-0.0022616196596658587
2428,RAJESHEXPO,2020-05-07,2020-05-21,0.07777777777777778,553.85,511.9,-0.005891085632892988
2429,ZYDUSWELL,2020-05-07,2020-05-21,0.07407407407407408,1300.0,1200.05,-0.0056951566951566985
2430,ALKEM,2020-05-07,2020-05-21,0.07037037037037037,2617.0,2443.0,-0.004678809493482784
2431,IPCALAB,2020-05-07,2020-05-21,0.06666666666666667,778.175,795.05,0.0014456902367719344
2432,SANOFI,2020-05-07,2020-05-21,0.06296296296296296,5320.7,5026.67,-0.003479429398387427
2433,PGHH,2020-05-07,2020-05-21,0.05925925925925925,10145.0,10050.0,-0.0005549166712301261
2434,ERIS,2020-05-07,2020-05-21,0.05555555555555554,482.0,486.95,0.0005705394190871354
2435,SUPPETRO,2020-05-07,2020-05-21,0.05185185185185183,164.0,161.6,-0.0007588075880758823
2436,STARCEMENT,2020-05-07,2020-05-21,0.04814814814814812,73.5,70.0,-0.002292768959435625
2437,LUPIN,2020-05-07,2020-05-21,0.04444444444444441,820.0,870.0,0.0027100271002710005
2438,ZFCVINDIA,2020-05-07,2020-05-21,0.0407407407407407,6200.0,6800.05,0.003942980884109914
2439,1074.0,2020-05-27,2020-06-10,0.09259259259259262,173.45,194.5,0.011237094690539497
2440,SWANENERGY,2020-05-27,2020-06-10,0.0888888888888889,100.95,109.0,0.007088217489406195
2441,RESPONIND,2020-05-27,2020-06-10,0.0851851851851852,84.0,80.45,-0.003600088183421514
2442,VTL,2020-05-27,2020-06-10,0.08148148148148149,127.18,146.29,0.012243364610088929
2443,IPCALAB,2020-05-27,2020-06-10,0.07777777777777778,809.475,775.125,-0.003300493117967409
2444,RAJESHEXPO,2020-05-27,2020-06-10,0.07407407407407408,512.0,480.0,-0.00462962962962963
2445,ZYDUSWELL,2020-05-27,2020-06-10,0.07037037037037037,1240.0,1260.0,0.0011350059737156512
2446,ALKEM,2020-05-27,2020-06-10,0.06666666666666667,2425.0,2420.0,-0.0001374570446735395
2447,PGHH,2020-05-27,2020-06-10,0.06296296296296296,10100.0,9900.0,-0.0012467913458012467
2448,SANOFI,2020-05-27,2020-06-10,0.05925925925925925,5362.67,5357.9,-5.2710061716774014e-05
2449,ZFCVINDIA,2020-05-27,2020-06-10,0.05555555555555554,6914.95,6861.0,-0.00043344091023394404
2450,ERIS,2020-05-27,2020-06-10,0.05185185185185183,482.95,494.9,0.0012830098967380242
2451,SUPPETRO,2020-05-27,2020-06-10,0.04814814814814812,153.05,167.5,0.004545839534405356
2452,LUPIN,2020-05-27,2020-06-10,0.04444444444444441,906.0,924.4,0.0009026244787834174
2453,GULFOILLUB,2020-05-27,2020-06-10,0.0407407407407407,580.55,642.0,0.004312321967993314
2454,1074.0,2020-06-09,2020-06-23,0.09259259259259262,192.5,213.7,0.010197210197210194
2455,RESPONIND,2020-06-09,2020-06-23,0.0888888888888889,81.55,79.85,-0.001852987260712586
2456,SWANENERGY,2020-06-09,2020-06-23,0.0851851851851852,123.0,133.0,0.006925624811803675
2457,IPCALAB,2020-06-09,2020-06-23,0.08148148148148149,757.5,823.975,0.007150470602615821
2458,RAJESHEXPO,2020-06-09,2020-06-23,0.07777777777777778,492.3,478.3,-0.0022118401155573615
2459,VTL,2020-06-09,2020-06-23,0.07407407407407408,148.04,137.4,-0.0053238864370990764
2460,ALKEM,2020-06-09,2020-06-23,0.07037037037037037,2380.0,2320.0,-0.0017740429505135387
2461,ZYDUSWELL,2020-06-09,2020-06-23,0.06666666666666667,1287.45,1285.0,-0.00012686576824990202
2462,PGHH,2020-06-09,2020-06-23,0.06296296296296296,10100.0,9895.85,-0.0012726622662266203
2463,SANOFI,2020-06-09,2020-06-23,0.05925925925925925,5406.67,5528.0,0.00132982518369457
2464,ZFCVINDIA,2020-06-09,2020-06-23,0.05555555555555554,6887.35,6887.95,4.8397908242361735e-06
2465,LUPIN,2020-06-09,2020-06-23,0.05185185185185183,899.9,935.25,0.0020368518312734343
2466,ERIS,2020-06-09,2020-06-23,0.04814814814814812,492.2,470.0,-0.002171655605219195
2467,GULFOILLUB,2020-06-09,2020-06-23,0.04444444444444441,666.15,652.0,-0.0009440649836956953
2468,DCAL,2020-06-09,2020-06-23,0.0407407407407407,91.0,122.0,0.013878713878713865
2469,1074.0,2020-06-24,2020-07-08,0.09259259259259262,215.9,88.35,-0.05470210831489203
2470,RESPONIND,2020-06-24,2020-07-08,0.0888888888888889,79.0,87.45,0.009507735583684956
2471,SWANENERGY,2020-06-24,2020-07-08,0.0851851851851852,133.95,141.9,0.005055783667205852
2472,IPCALAB,2020-06-24,2020-07-08,0.08148148148148149,835.0,820.0,-0.0014637391882900866
2473,RAJESHEXPO,2020-06-24,2020-07-08,0.07777777777777778,492.0,487.0,-0.0007904245709123758
2474,VTL,2020-06-24,2020-07-08,0.07407407407407408,134.01,139.0,0.002758224234233493
2475,ALKEM,2020-06-24,2020-07-08,0.07037037037037037,2384.4,2345.0,-0.0011628051470359837
2476,PGHH,2020-06-24,2020-07-08,0.06666666666666667,9971.0,10350.0,0.002534015311068766
2477,ZYDUSWELL,2020-06-24,2020-07-08,0.06296296296296296,1277.9,1376.0,0.004833450713410016
2478,LUPIN,2020-06-24,2020-07-08,0.05925925925925925,940.0,874.0,-0.004160756501182032
2479,ZFCVINDIA,2020-06-24,2020-07-08,0.05555555555555554,6870.0,6898.9,0.00023370532104156254
2480,SANOFI,2020-06-24,2020-07-08,0.05185185185185183,5606.67,5033.33,-0.005302388180638549
2481,ERIS,2020-06-24,2020-07-08,0.04814814814814812,473.95,458.9,-0.0015289157709244218
2482,SUPPETRO,2020-06-24,2020-07-08,0.04444444444444441,176.7,186.0,0.002339181286549709
2483,GULFOILLUB,2020-06-24,2020-07-08,0.0407407407407407,644.1,577.9,-0.00418729550851892
2484,INGERRAND,2020-07-09,2020-07-23,0.09259259259259262,621.85,634.9,0.001943126691860303
2485,1074.0,2020-07-09,2020-07-23,0.0888888888888889,83.95,62.6,-0.022606048573886577
2486,SWANENERGY,2020-07-09,2020-07-23,0.0851851851851852,143.75,139.95,-0.002251851851851859
2487,IPCALAB,2020-07-09,2020-07-23,0.08148148148148149,822.5,873.5,0.005052347180006755
2488,RAJESHEXPO,2020-07-09,2020-07-23,0.07777777777777778,487.95,475.0,-0.002064191458596621
2489,ALKEM,2020-07-09,2020-07-23,0.07407407407407408,2450.0,2468.75,0.0005668934240362813
2490,LUPIN,2020-07-09,2020-07-23,0.07037037037037037,871.4,852.15,-0.001554543986263059
2491,PGHH,2020-07-09,2020-07-23,0.06666666666666667,10688.0,10620.0,-0.0004241516966067864
2492,VTL,2020-07-09,2020-07-23,0.06296296296296296,136.72,129.59,-0.003283542465812797
2493,ZFCVINDIA,2020-07-09,2020-07-23,0.05925925925925925,6910.0,6906.2,-3.258830465777076e-05
2494,ZYDUSWELL,2020-07-09,2020-07-23,0.05555555555555554,1375.0,1532.0,0.006343434343434342
2495,SANOFI,2020-07-09,2020-07-23,0.05185185185185183,5040.0,5234.0,0.0019958847736625505
2496,ERIS,2020-07-09,2020-07-23,0.04814814814814812,451.85,424.0,-0.0029676351132586617
2497,SUPPETRO,2020-07-09,2020-07-23,0.04444444444444441,182.0,191.75,0.002380952380952379
2498,GULFOILLUB,2020-07-09,2020-07-23,0.0407407407407407,576.0,576.0,0.0
2499,INGERRAND,2020-07-28,2020-08-11,0.09259259259259262,612.05,633.2,0.0031996296598861894
2500,1074.0,2020-07-28,2020-08-11,0.0888888888888889,72.35,73.0,0.0007985871151040539
2501,SWANENERGY,2020-07-28,2020-08-11,0.0851851851851852,138.1,147.55,0.005829109341057217
2502,RAJESHEXPO,2020-07-28,2020-08-11,0.08148148148148149,472.15,464.0,-0.0014064896199810913
2503,ALKEM,2020-07-28,2020-08-11,0.07777777777777778,2449.95,2998.9,0.01742733978697979
2504,IPCALAB,2020-07-28,2020-08-11,0.07407407407407408,870.0,1069.475,0.01698382290336313
2505,LUPIN,2020-07-28,2020-08-11,0.07037037037037037,848.0,964.7,0.009684224318658284
2506,PGHH,2020-07-28,2020-08-11,0.06666666666666667,10615.2,10341.55,-0.0017186047680056364
2507,ZFCVINDIA,2020-07-28,2020-08-11,0.06296296296296296,6926.05,7018.45,0.0008399849521412284
2508,VTL,2020-07-28,2020-08-11,0.05925925925925925,128.21,138.0,0.004524983606178516
2509,SANOFI,2020-07-28,2020-08-11,0.05555555555555554,5165.33,5666.67,0.005392147688961252
2510,ERIS,2020-07-28,2020-08-11,0.05185185185185183,428.95,546.5,0.014209546998916385
2511,ZYDUSWELL,2020-07-28,2020-08-11,0.04814814814814812,1576.2,1658.0,0.002498742874329726
2512,SUPPETRO,2020-07-28,2020-08-11,0.04444444444444441,183.0,187.0,0.000971463266545233
2513,SWSOLAR,2020-07-28,2020-08-11,0.0407407407407407,237.9,259.0,0.0036134074385440465
2514,INGERRAND,2020-08-11,2020-08-25,0.09259259259259262,633.2,648.25,0.002200755714653371
2515,1074.0,2020-08-11,2020-08-25,0.0888888888888889,73.0,73.65,0.0007914764079147711
2516,SWANENERGY,2020-08-11,2020-08-25,0.0851851851851852,147.55,132.9,-0.008457898766268814
2517,ERIS,2020-08-11,2020-08-25,0.08148148148148149,546.5,550.7,0.00062620717698486
2518,ALKEM,2020-08-11,2020-08-25,0.07777777777777778,2998.9,2824.0,-0.004536107683928554
2519,LUPIN,2020-08-11,2020-08-25,0.07407407407407408,964.7,1000.0,0.0027104952988647366
2520,IPCALAB,2020-08-11,2020-08-25,0.07037037037037037,1069.475,1011.0,-0.003847595696400011
2521,VTL,2020-08-11,2020-08-25,0.06666666666666667,138.0,165.6,0.01333333333333333
2522,RAJESHEXPO,2020-08-11,2020-08-25,0.06296296296296296,464.0,476.7,0.0017233397190293724
2523,ZFCVINDIA,2020-08-11,2020-08-25,0.05925925925925925,7018.45,6835.6,-0.0015438673147996384
2524,SANOFI,2020-08-11,2020-08-25,0.05555555555555554,5666.67,5830.0,0.0016012735678782922
2525,ZYDUSWELL,2020-08-11,2020-08-25,0.05185185185185183,1658.0,1708.65,0.001584014653978468
2526,PGHH,2020-08-11,2020-08-25,0.04814814814814812,10341.55,10200.0,-0.0006590279378207649
2527,SUPPETRO,2020-08-11,2020-08-25,0.04444444444444441,187.0,210.1,0.0054901960784313674
2528,DCAL,2020-08-11,2020-08-25,0.0407407407407407,201.2,192.35,-0.0017920256240335736
2529,INGERRAND,2020-08-25,2020-09-08,0.09259259259259262,648.25,620.3,-0.003992229792461192
2530,1074.0,2020-08-25,2020-09-08,0.0888888888888889,73.65,69.65,-0.0048276382288602255
2531,SWANENERGY,2020-08-25,2020-09-08,0.0851851851851852,132.9,126.85,-0.0038778808906724705
2532,ERIS,2020-08-25,2020-09-08,0.08148148148148149,550.7,488.0,-0.009277081694005615
2533,LUPIN,2020-08-25,2020-09-08,0.07777777777777778,1000.0,930.3,-0.005421111111111114
2534,IPCALAB,2020-08-25,2020-09-08,0.07407407407407408,1011.0,1020.0,0.0006594131223211343
2535,ALKEM,2020-08-25,2020-09-08,0.07037037037037037,2824.0,2829.0,0.00012459343195887106
2536,RAJESHEXPO,2020-08-25,2020-09-08,0.06666666666666667,476.7,453.9,-0.003188588210614644
2537,SANOFI,2020-08-25,2020-09-08,0.06296296296296296,5830.0,5608.0,-0.0023975605107680576
2538,ZFCVINDIA,2020-08-25,2020-09-08,0.05925925925925925,6835.6,7268.25,0.0037507341738133434
2539,VTL,2020-08-25,2020-09-08,0.05555555555555554,165.6,153.6,-0.004025764895330112
2540,ZYDUSWELL,2020-08-25,2020-09-08,0.05185185185185183,1708.65,1640.0,-0.002083299464272749
2541,PGHH,2020-08-25,2020-09-08,0.04814814814814812,10200.0,10092.4,-0.0005079157588961525
2542,SWSOLAR,2020-08-25,2020-09-08,0.04444444444444441,274.0,277.9,0.0006326034063260299
2543,SUPPETRO,2020-08-25,2020-09-08,0.0407407407407407,210.1,216.8,0.0012992049641264323
2544,INGERRAND,2020-09-09,2020-09-23,0.09259259259259262,620.95,598.0,-0.003422175698526459
2545,SWANENERGY,2020-09-09,2020-09-23,0.0888888888888889,125.4,117.8,-0.005387205387205394
2546,TATACOMM,2020-09-09,2020-09-23,0.0851851851851852,876.0,820.0,-0.005445628276678505
2547,LUPIN,2020-09-09,2020-09-23,0.08148148148148149,918.95,1053.7,0.01194801635522023
2548,1074.0,2020-09-09,2020-09-23,0.07777777777777778,69.5,67.0,-0.002797761790567546
2549,ERIS,2020-09-09,2020-09-23,0.07407407407407408,473.9,527.2,0.008331184106664178
2550,ALKEM,2020-09-09,2020-09-23,0.07037037037037037,2800.0,2825.0,0.0006283068783068783
2551,IPCALAB,2020-09-09,2020-09-23,0.06666666666666667,990.5,1057.75,0.004526333501598519
2552,SWSOLAR,2020-09-09,2020-09-23,0.06296296296296296,270.0,227.2,-0.009980795610425242
2553,BLISSGVS,2020-09-09,2020-09-23,0.05925925925925925,150.95,153.0,0.0008047796057070695
2554,SANOFI,2020-09-09,2020-09-23,0.05555555555555554,5598.67,5632.67,0.0003373817154590087
2555,IEX,2020-09-09,2020-09-23,0.05185185185185183,63.9,64.9333333333333,0.0008385015166444175
2556,ZFCVINDIA,2020-09-09,2020-09-23,0.04814814814814812,7185.0,5480.1,-0.011424882084589801
2557,STARCEMENT,2020-09-09,2020-09-23,0.04444444444444441,84.0,85.05,0.0005555555555555536
2558,ICRA,2020-09-09,2020-09-23,0.0407407407407407,2779.9,2711.05,-0.0010090291017662483
2559,ZFCVINDIA,2020-09-24,2020-10-08,0.09259259259259262,5721.1,5651.0,-0.0011345267065320961
2560,TATACOMM,2020-09-24,2020-10-08,0.0888888888888889,801.0,846.2,0.005015952281869891
2561,OFSS,2020-09-24,2020-10-08,0.0851851851851852,3069.45,3060.0,-0.00026226196875661265
2562,ALKEM,2020-09-24,2020-10-08,0.08148148148148149,2738.9,2746.95,0.00023948516774102878
2563,PGHH,2020-09-24,2020-10-08,0.07777777777777778,9959.05,9932.0,-0.00021125397391205311
2564,ICRA,2020-09-24,2020-10-08,0.07407407407407408,2829.0,2830.0,2.618383671759423e-05
2565,SANOFI,2020-09-24,2020-10-08,0.07037037037037037,5640.0,5747.33,0.0013391581297609659
2566,1074.0,2020-09-24,2020-10-08,0.06666666666666667,66.5,65.35,-0.0011528822055137903
2567,ERIS,2020-09-24,2020-10-08,0.06296296296296296,520.05,533.9,0.0016768330680454542
2568,INGERRAND,2020-09-24,2020-10-08,0.05925925925925925,597.9,589.75,-0.000807765450682324
2569,SWANENERGY,2020-09-24,2020-10-08,0.05555555555555554,114.2,131.0,0.008172796263864562
2570,LUPIN,2020-09-24,2020-10-08,0.05185185185185183,1009.0,1030.9,0.0011254267151194846
2571,GULFOILLUB,2020-09-24,2020-10-08,0.04814814814814812,642.55,646.8,0.0003184649126599168
2572,BLISSGVS,2020-09-24,2020-10-08,0.04444444444444441,152.0,173.0,0.006140350877192978
2573,ABBOTINDIA,2020-09-24,2020-10-08,0.0407407407407407,15899.0,16022.0,0.0003151840437204294
2574,ZFCVINDIA,2020-10-13,2020-10-27,0.09259259259259262,5456.0,4989.6,-0.007915173237753878
2575,ALKEM,2020-10-13,2020-10-27,0.0888888888888889,2706.0,2604.0,-0.0033505789603350583
2576,ICRA,2020-10-13,2020-10-27,0.0851851851851852,2869.95,2691.65,-0.005292258930824056
2577,TORNTPHARM,2020-10-13,2020-10-27,0.08148148148148149,1420.4,1320.0,-0.005759462644847049
2578,ASTRAZEN,2020-10-13,2020-10-27,0.07777777777777778,4304.0,4378.0,0.0013372573316811234
2579,LUPIN,2020-10-13,2020-10-27,0.07407407407407408,1050.0,964.0,-0.006067019400352734
2580,OFSS,2020-10-13,2020-10-27,0.07037037037037037,3050.0,3260.0,0.004845173041894354
2581,AUROPHARMA,2020-10-13,2020-10-27,0.06666666666666667,830.0,782.45,-0.003819277108433731
2582,GLAXO,2020-10-13,2020-10-27,0.06296296296296296,1590.0,1490.0,-0.00395993477754484
2583,SANOFI,2020-10-13,2020-10-27,0.05925925925925925,5656.0,5577.5,-0.0008224631987008223
2584,IPCALAB,2020-10-13,2020-10-27,0.05555555555555554,1062.45,1077.6,0.0007921941424694421
2585,ERIS,2020-10-13,2020-10-27,0.05185185185185183,505.0,500.0,-0.0005133846718005131
2586,TATACOMM,2020-10-13,2020-10-27,0.04814814814814812,868.7,973.0,0.005780881606828417
2587,PGHH,2020-10-13,2020-10-27,0.04444444444444441,10040.0,10459.95,0.0018590084108012414
2588,APLLTD,2020-10-13,2020-10-27,0.0407407407407407,948.0,966.0,0.0007735583684950766
2589,ZFCVINDIA,2020-10-27,2020-11-10,0.09259259259259262,4989.6,4840.0,-0.0027761447514534007
2590,ICRA,2020-10-27,2020-11-10,0.0888888888888889,2691.65,2671.05,-0.0006802931700299456
2591,ASTRAZEN,2020-10-27,2020-11-10,0.0851851851851852,4378.0,4279.0,-0.0019262981574539367
2592,TORNTPHARM,2020-10-27,2020-11-10,0.08148148148148149,1320.0,1282.275,-0.0023287037037036983
2593,ALKEM,2020-10-27,2020-11-10,0.07777777777777778,2604.0,2730.0,0.003763440860215054
2594,OFSS,2020-10-27,2020-11-10,0.07407407407407408,3260.0,3124.8,-0.0030720290842990196
2595,TATACOMM,2020-10-27,2020-11-10,0.07037037037037037,973.0,1025.0,0.0037608008831030416
2596,PGHH,2020-10-27,2020-11-10,0.06666666666666667,10459.95,10229.0,-0.0014719636964485216
2597,LUPIN,2020-10-27,2020-11-10,0.06296296296296296,964.0,920.0,-0.002873828185031504
2598,SANOFI,2020-10-27,2020-11-10,0.05925925925925925,5577.5,5519.33,-0.0006180387469495499
2599,GODFRYPHLP,2020-10-27,2020-11-10,0.05555555555555554,891.75,887.0,-0.0002959224994548795
2600,ABBOTINDIA,2020-10-27,2020-11-10,0.05185185185185183,15560.0,15688.0,0.00042654479672474515
2601,GLAXO,2020-10-27,2020-11-10,0.04814814814814812,1490.0,1423.0,-0.0021650509569972644
2602,APLLTD,2020-10-27,2020-11-10,0.04444444444444441,966.0,975.0,0.00041407867494823984
2603,PFIZER,2020-10-27,2020-11-10,0.0407407407407407,5220.0,5900.0,0.005307222931743999
2604,ZFCVINDIA,2020-11-10,2020-11-24,0.09259259259259262,4840.0,5879.65,0.019889233241505967
2605,OFSS,2020-11-10,2020-11-24,0.0888888888888889,3124.8,3060.0,-0.0018433179723502358
2606,PGHH,2020-11-10,2020-11-24,0.0851851851851852,10229.0,10678.65,0.0037446005003928533
2607,ASTRAZEN,2020-11-10,2020-11-24,0.08148148148148149,4279.0,4600.0,0.006112539274493002
2608,TORNTPHARM,2020-11-10,2020-11-24,0.07777777777777778,1282.275,1313.5,0.0018939861660806799
2609,TATACOMM,2020-11-10,2020-11-24,0.07407407407407408,1025.0,1006.0,-0.0013730803974706415
2610,LTTS,2020-11-10,2020-11-24,0.07037037037037037,1721.0,1700.0,-0.0008586738976047518
2611,ERIS,2020-11-10,2020-11-24,0.06666666666666667,520.0,525.0,0.000641025641025641
2612,ADVENZYMES,2020-11-10,2020-11-24,0.06296296296296296,312.7,337.5,0.0049935448720226485
2613,LUPIN,2020-11-10,2020-11-24,0.05925925925925925,920.0,887.75,-0.002077294685990338
2614,FORTIS,2020-11-10,2020-11-24,0.05555555555555554,129.35,143.0,0.005862646566164155
2615,ALKEM,2020-11-10,2020-11-24,0.05185185185185183,2730.0,2794.1,0.0012174738841405485
2616,PFIZER,2020-11-10,2020-11-24,0.04814814814814812,5900.0,5174.0,-0.005924670433145006
2617,ICRA,2020-11-10,2020-11-24,0.04444444444444441,2671.05,2650.0,-0.0003502575974075973
2618,SANOFI,2020-11-10,2020-11-24,0.0407407407407407,5519.33,5492.67,-0.00019678985459252143
2619,OFSS,2020-11-25,2020-12-09,0.09259259259259262,3035.0,3137.9,0.00313930075050339
2620,ASTRAZEN,2020-11-25,2020-12-09,0.0888888888888889,4561.8,4630.0,0.0013289101280683517
2621,ZFCVINDIA,2020-11-25,2020-12-09,0.0851851851851852,5800.0,5781.7,-0.00026877394636015597
2622,PGHH,2020-11-25,2020-12-09,0.08148148148148149,10575.0,10930.0,0.002735312144295596
2623,TATACOMM,2020-11-25,2020-12-09,0.07777777777777778,1065.0,1032.0,-0.0024100156494522695
2624,ALKEM,2020-11-25,2020-12-09,0.07407407407407408,2800.0,2939.0,0.003677248677248678
2625,HERITGFOOD,2020-11-25,2020-12-09,0.07037037037037037,280.6,282.35,0.0004388743697368074
2626,ERIS,2020-11-25,2020-12-09,0.06666666666666667,523.95,539.0,0.0019149409930972997
2627,DRREDDY,2020-11-25,2020-12-09,0.06296296296296296,999.6,1005.0,0.0003401360544217672
2628,PFIZER,2020-11-25,2020-12-09,0.05925925925925925,5144.05,5424.9,0.0032353812585342143
2629,DHANUKA,2020-11-25,2020-12-09,0.05555555555555554,710.0,754.8,0.003505477308294205
2630,ICRA,2020-11-25,2020-12-09,0.05185185185185183,2610.5,2814.25,0.004047046471869301
2631,ABBOTINDIA,2020-11-25,2020-12-09,0.04814814814814812,15386.25,15480.0,0.0002933716070445291
2632,LTTS,2020-11-25,2020-12-09,0.04444444444444441,1700.0,1819.05,0.003112418300653591
2633,ADVENZYMES,2020-11-25,2020-12-09,0.0407407407407407,342.5,343.0,5.9475533928088613e-05
2634,OFSS,2020-12-10,2020-12-24,0.09259259259259262,3166.0,3159.6,-0.00018717390795723346
2635,ASTRAZEN,2020-12-10,2020-12-24,0.0888888888888889,4548.0,4390.0,-0.0030880484706342234
2636,ERIS,2020-12-10,2020-12-24,0.0851851851851852,536.5,591.95,0.008804321562942261
2637,PGHH,2020-12-10,2020-12-24,0.08148148148148149,10900.0,11055.85,0.0011650356778797174
2638,ALKEM,2020-12-10,2020-12-24,0.07777777777777778,2914.85,2899.95,-0.0003975809694800405
2639,ABBOTINDIA,2020-12-10,2020-12-24,0.07407407407407408,15399.0,15940.0,0.002602381588030007
2640,ZFCVINDIA,2020-12-10,2020-12-24,0.07037037037037037,5752.55,5744.0,-0.00010459129719284134
2641,SANOFI,2020-12-10,2020-12-24,0.06666666666666667,5350.6,5393.27,0.0005316537709166582
2642,TATACOMM,2020-12-10,2020-12-24,0.06296296296296296,1040.0,1090.0,0.003027065527065527
2643,FORTIS,2020-12-10,2020-12-24,0.05925925925925925,143.7,154.95,0.004639294827186267
2644,ICRA,2020-12-10,2020-12-24,0.05555555555555554,2820.15,2754.0,-0.0013031221743524293
2645,LTTS,2020-12-10,2020-12-24,0.05185185185185183,1848.0,2333.95,0.01363496071829404
2646,GUJGASLTD,2020-12-10,2020-12-24,0.04814814814814812,349.55,364.2,0.002017938407582231
2647,DHANUKA,2020-12-10,2020-12-24,0.04444444444444441,740.0,747.9,0.00047447447447447274
2648,PFIZER,2020-12-10,2020-12-24,0.0407407407407407,5289.0,5223.1,-0.0005076223888853843
2649,OFSS,2020-12-29,2021-01-12,0.09259259259259262,3195.0,3369.0,0.005042601286732743
2650,PGHH,2020-12-29,2021-01-12,0.0888888888888889,11041.0,11201.05,0.0012885306282643424
2651,SANOFI,2020-12-29,2021-01-12,0.0851851851851852,5533.33,5554.8,0.00033052898090768994
2652,ERIS,2020-12-29,2021-01-12,0.08148148148148149,597.0,610.5,0.0018425460636515914
2653,ALKEM,2020-12-29,2021-01-12,0.07777777777777778,2925.0,3099.0,0.004626780626780627
2654,FORTIS,2020-12-29,2021-01-12,0.07407407407407408,155.95,175.95,0.009499720945697222
2655,METROPOLIS,2020-12-29,2021-01-12,0.07037037037037037,1989.65,2172.3,0.006460004597868045
2656,ABBOTINDIA,2020-12-29,2021-01-12,0.06666666666666667,15777.7,15566.85,-0.0008909198848163351
2657,ASTRAZEN,2020-12-29,2021-01-12,0.06296296296296296,4500.0,4370.0,-0.0018189300411522633
2658,LTTS,2020-12-29,2021-01-12,0.05925925925925925,2391.0,2535.2,0.003573895936923953
2659,PFIZER,2020-12-29,2021-01-12,0.05555555555555554,5202.0,5149.0,-0.0005660216156179246
2660,VGUARD,2020-12-29,2021-01-12,0.05185185185185183,192.6,211.8,0.005169031960309221
2661,ZFCVINDIA,2020-12-29,2021-01-12,0.04814814814814812,5695.05,5561.05,-0.0011328876571499544
2662,DMART,2020-12-29,2021-01-12,0.04444444444444441,2690.0,2959.0,0.004444444444444441
2663,ICRA,2020-12-29,2021-01-12,0.0407407407407407,2965.65,2989.0,0.00032077160025501716
2664,PGHH,2021-01-12,2021-01-27,0.09259259259259262,11201.05,11348.95,0.0012226036348774968
2665,ERIS,2021-01-12,2021-01-27,0.0888888888888889,610.5,612.0,0.00021840021840021845
2666,SANOFI,2021-01-12,2021-01-27,0.0851851851851852,5554.8,5499.7,-0.0008449815841621184
2667,OFSS,2021-01-12,2021-01-27,0.08148148148148149,3369.0,3283.45,-0.0020690830337609842
2668,ABBOTINDIA,2021-01-12,2021-01-27,0.07777777777777778,15566.85,14600.0,-0.004830742535865925
2669,METROPOLIS,2021-01-12,2021-01-27,0.07407407407407408,2172.3,2031.0,-0.004818241802083819
2670,ASTRAZEN,2021-01-12,2021-01-27,0.07037037037037037,4370.0,3552.3,-0.013167471819645732
2671,PFIZER,2021-01-12,2021-01-27,0.06666666666666667,5149.0,4700.0,-0.005813426555318185
2672,DMART,2021-01-12,2021-01-27,0.06296296296296296,2959.0,2850.7,-0.002304457211520412
2673,FORTIS,2021-01-12,2021-01-27,0.05925925925925925,175.95,172.6,-0.0011282666582467641
2674,ALKEM,2021-01-12,2021-01-27,0.05555555555555554,3099.0,3119.0,0.00035853859667993245
2675,VGUARD,2021-01-12,2021-01-27,0.05185185185185183,211.8,232.5,0.005067673906200813
2676,ICRA,2021-01-12,2021-01-27,0.04814814814814812,2989.0,2741.0,-0.003994894861405398
2677,GRINDWELL,2021-01-12,2021-01-27,0.04444444444444441,760.5,720.0,-0.002366863905325442
2678,ZFCVINDIA,2021-01-12,2021-01-27,0.0407407407407407,5561.05,5360.0,-0.001472909958717495
2679,PGHH,2021-01-27,2021-02-09,0.09259259259259262,11348.95,12800.0,0.01183867066834213
2680,ABBOTINDIA,2021-01-27,2021-02-09,0.0888888888888889,14600.0,14600.0,0.0
2681,SANOFI,2021-01-27,2021-02-09,0.0851851851851852,5499.7,5266.67,-0.003609415732440621
2682,ERIS,2021-01-27,2021-02-09,0.08148148148148149,612.0,587.75,-0.0032286371338658922
2683,VGUARD,2021-01-27,2021-02-09,0.07777777777777778,232.5,234.7,0.000735961768219829
2684,OFSS,2021-01-27,2021-02-09,0.07407407407407408,3283.45,3263.95,-0.000439916686547517
2685,FORTIS,2021-01-27,2021-02-09,0.07037037037037037,172.6,169.45,-0.0012842796446504465
2686,ICRA,2021-01-27,2021-02-09,0.06666666666666667,2741.0,2869.95,0.00313632494223519
2687,ZFCVINDIA,2021-01-27,2021-02-09,0.06296296296296296,5360.0,5600.1,0.002820411829740192
2688,JKCEMENT,2021-01-27,2021-02-09,0.05925925925925925,2145.0,2324.9,0.004970042303375638
2689,TASTYBITE,2021-01-27,2021-02-09,0.05555555555555554,11900.0,12821.0,0.00429971988795518
2690,PFIZER,2021-01-27,2021-02-09,0.05185185185185183,4700.0,4491.0,-0.002305752561071709
2691,DMART,2021-01-27,2021-02-09,0.04814814814814812,2850.7,3005.0,0.0026061175357839353
2692,ALKEM,2021-01-27,2021-02-09,0.04444444444444441,3119.0,2915.95,-0.0028933775070357315
2693,METROPOLIS,2021-01-27,2021-02-09,0.0407407407407407,2031.0,2185.95,0.0031082116089501547
2694,PGHH,2021-02-10,2021-02-24,0.09259259259259262,12780.0,13119.1,0.0024568191039239583
2695,ABBOTINDIA,2021-02-10,2021-02-24,0.0888888888888889,14630.0,14548.1,-0.0004976076555023903
2696,PFIZER,2021-02-10,2021-02-24,0.0851851851851852,4458.15,4530.0,0.0013728913463108214
2697,ICRA,2021-02-10,2021-02-24,0.08148148148148149,2817.35,2780.0,-0.001080211309682264
2698,EMAMILTD,2021-02-10,2021-02-24,0.07777777777777778,492.9,471.4,-0.003392619643380447
2699,ALKEM,2021-02-10,2021-02-24,0.07407407407407408,2902.0,2757.0,-0.003701151185644639
2700,CROMPTON,2021-02-10,2021-02-24,0.07037037037037037,408.55,384.0,-0.004228595257845046
2701,OFSS,2021-02-10,2021-02-24,0.06666666666666667,3242.8,3036.5,-0.004241190740512318
2702,VGUARD,2021-02-10,2021-02-24,0.06296296296296296,229.0,234.4,0.0014847161572052415
2703,METROPOLIS,2021-02-10,2021-02-24,0.05925925925925925,2185.95,1983.3,-0.005493670435686489
2704,GILLETTE,2021-02-10,2021-02-24,0.05555555555555554,5689.95,5518.0,-0.0016788860671495822
2705,SANOFI,2021-02-10,2021-02-24,0.05185185185185183,5319.93,5450.0,0.0012677554724160565
2706,HINDUNILVR,2021-02-10,2021-02-24,0.04814814814814812,2220.0,2188.5,-0.0006831831831831828
2707,CGCL,2021-02-10,2021-02-24,0.04444444444444441,91.98,86.0,-0.0028895170447681864
2708,ASTRAZEN,2021-02-10,2021-02-24,0.0407407407407407,3778.0,3461.0,-0.003418426367076443
2709,PGHH,2021-02-25,2021-03-12,0.09259259259259262,13023.95,13026.85,2.061728726833909e-05
2710,ABBOTINDIA,2021-02-25,2021-03-12,0.0888888888888889,14591.6,14689.4,0.0005957765655125737
2711,CGCL,2021-02-25,2021-03-12,0.0851851851851852,88.0,85.8,-0.002129629629629633
2712,PFIZER,2021-02-25,2021-03-12,0.08148148148148149,4499.0,4700.0,0.003640315131757675
2713,EMAMILTD,2021-02-25,2021-03-12,0.07777777777777778,470.05,489.0,0.003135600231653841
2714,ICRA,2021-02-25,2021-03-12,0.07407407407407408,2750.0,2763.95,0.00037575757575757085
2715,CROMPTON,2021-02-25,2021-03-12,0.07037037037037037,384.5,418.55,0.006231758416413816
2716,METROPOLIS,2021-02-25,2021-03-12,0.06666666666666667,1970.0,1930.7,-0.0013299492385786787
2717,VGUARD,2021-02-25,2021-03-12,0.06296296296296296,231.7,227.0,-0.001277194328553842
2718,HINDUNILVR,2021-02-25,2021-03-12,0.05925925925925925,2177.0,2236.0,0.0016060157539257215
2719,OFSS,2021-02-25,2021-03-12,0.05555555555555554,3050.75,3195.0,0.0026268586048967912
2720,GILLETTE,2021-02-25,2021-03-12,0.05185185185185183,5547.45,5618.0,0.0006594287732468353
2721,SANOFI,2021-02-25,2021-03-12,0.04814814814814812,5480.0,5579.33,0.0008727291159772901
2722,ZENSARTECH,2021-02-25,2021-03-12,0.04444444444444441,275.65,287.3,0.0018783884555696679
2723,ALKEM,2021-02-25,2021-03-12,0.0407407407407407,2782.3,2761.0,-0.0003118922394342035
2724,JAGRAN,2021-03-16,2021-03-30,0.09259259259259262,58.0,59.4,0.0022349936143039578
2725,PGHH,2021-03-16,2021-03-30,0.0888888888888889,12993.6,12610.2,-0.002622829700775765
2726,VGUARD,2021-03-16,2021-03-30,0.0851851851851852,236.0,234.0,-0.0007219083490269932
2727,CGCL,2021-03-16,2021-03-30,0.08148148148148149,88.93,88.3,-0.0005772330297237617
2728,ABBOTINDIA,2021-03-16,2021-03-30,0.07777777777777778,14530.0,15030.0,0.0026764548443832686
2729,PFIZER,2021-03-16,2021-03-30,0.07407407407407408,4600.0,4405.0,-0.0031400966183574882
2730,EMAMILTD,2021-03-16,2021-03-30,0.07037037037037037,491.7,476.5,-0.002175370408032599
2731,SANOFI,2021-03-16,2021-03-30,0.06666666666666667,5547.33,5253.33,-0.0035332313022661357
2732,AJANTPHARM,2021-03-16,2021-03-30,0.06296296296296296,1221.33333333333,1194.66666666667,-0.0013747371825971121
2733,ALKEM,2021-03-16,2021-03-30,0.05925925925925925,2686.0,2660.0,-0.0005736190397396652
2734,TASTYBITE,2021-03-16,2021-03-30,0.05555555555555554,14266.0,14099.95,-0.0006466423664657196
2735,COROMANDEL,2021-03-16,2021-03-30,0.05185185185185183,774.8,756.8,-0.0012046119428669759
2736,CRISIL,2021-03-16,2021-03-30,0.04814814814814812,1913.8,1890.0,-0.0005987699477092293
2737,CROMPTON,2021-03-16,2021-03-30,0.04444444444444441,403.95,389.0,-0.0016448680392237738
2738,GILLETTE,2021-03-16,2021-03-30,0.0407407407407407,5669.0,5638.4,-0.00021990944905039343
2739,KRBL,2021-03-31,2021-04-15,0.09259259259259262,181.9,185.05,0.0016034451163643058
2740,TASTYBITE,2021-03-31,2021-04-15,0.0888888888888889,14010.0,14100.05,0.0005713379332222971
2741,ABBOTINDIA,2021-03-31,2021-04-15,0.0851851851851852,14990.0,15000.0,5.6828008795987456e-05
2742,VGUARD,2021-03-31,2021-04-15,0.08148148148148149,245.8,233.0,-0.004243136545821659
2743,PGHH,2021-03-31,2021-04-15,0.07777777777777778,12483.7,13699.95,0.007577659045172683
2744,SANOFI,2021-03-31,2021-04-15,0.07407407407407408,5296.67,5380.0,0.001165372317435783
2745,PFIZER,2021-03-31,2021-04-15,0.07037037037037037,4480.0,5075.0,0.009346064814814816
2746,CGCL,2021-03-31,2021-04-15,0.06666666666666667,96.85,98.5,0.001135776974703153
2747,ERIS,2021-03-31,2021-04-15,0.06296296296296296,612.0,592.7,-0.001985596707818925
2748,EMAMILTD,2021-03-31,2021-04-15,0.05925925925925925,489.0,508.0,0.002302507005983488
2749,HAPPSTMNDS,2021-03-31,2021-04-15,0.05555555555555554,538.65,634.0,0.00983425642295038
2750,POLYMED,2021-03-31,2021-04-15,0.05185185185185183,818.45,838.9,0.0012955835669501696
2751,ZYDUSWELL,2021-03-31,2021-04-15,0.04814814814814812,1989.2,2087.3,0.00237448890676319
2752,RAJESHEXPO,2021-03-31,2021-04-15,0.04444444444444441,480.0,496.0,0.0014814814814814803
2753,CRISIL,2021-03-31,2021-04-15,0.0407407407407407,1881.9,1853.3,-0.0006191536134678726
2754,ABBOTINDIA,2021-04-13,2021-04-27,0.09259259259259262,15050.0,15090.85,0.00025132275132275364
2755,KRBL,2021-04-13,2021-04-27,0.0888888888888889,182.0,179.5,-0.0012210012210012212
2756,PFIZER,2021-04-13,2021-04-27,0.0851851851851852,4796.9,5171.95,0.006660281369989728
2757,PGHH,2021-04-13,2021-04-27,0.08148148148148149,13153.75,13548.0,0.002442198922290151
2758,LALPATHLAB,2021-04-13,2021-04-27,0.07777777777777778,3335.0,2845.0,-0.011427619523571549
2759,ZYDUSWELL,2021-04-13,2021-04-27,0.07407407407407408,2120.0,2169.0,0.0017120894479385048
2760,SANOFI,2021-04-13,2021-04-27,0.07037037037037037,5400.0,4966.67,-0.00564696159122085
2761,POLYMED,2021-04-13,2021-04-27,0.06666666666666667,851.7,1014.0,0.012704003757191495
2762,TASTYBITE,2021-04-13,2021-04-27,0.06296296296296296,14655.0,15895.0,0.005327470083526037
2763,VGUARD,2021-04-13,2021-04-27,0.05925925925925925,231.5,225.0,-0.0016638668906487479
2764,EMAMILTD,2021-04-13,2021-04-27,0.05555555555555554,508.0,502.4,-0.0006124234470691187
2765,ERIS,2021-04-13,2021-04-27,0.05185185185185183,591.15,600.0,0.0007762647194263552
2766,CAMS,2021-04-13,2021-04-27,0.04814814814814812,1795.0,2181.75,0.010373981223563391
2767,THYROCARE,2021-04-13,2021-04-27,0.04444444444444441,1080.0,1007.0,-0.0030041152263374465
2768,CRISIL,2021-04-13,2021-04-27,0.0407407407407407,1848.0,1870.0,0.00048500881834215125
2769,LALPATHLAB,2021-04-28,2021-05-12,0.09259259259259262,2810.0,2845.0,0.0011532885198365628
2770,THYROCARE,2021-04-28,2021-05-12,0.0888888888888889,998.0,1075.0,0.006858160765976399
2771,ABBOTINDIA,2021-04-28,2021-05-12,0.0851851851851852,15200.0,16202.0,0.005615497076023393
2772,TASTYBITE,2021-04-28,2021-05-12,0.08148148148148149,16430.0,15204.75,-0.006076395933364893
2773,PFIZER,2021-04-28,2021-05-12,0.07777777777777778,5190.0,5448.0,0.0038664097623635194
2774,ZYDUSWELL,2021-04-28,2021-05-12,0.07407407407407408,2119.6,2125.2,0.00019570429081657302
2775,POLYMED,2021-04-28,2021-05-12,0.07037037037037037,1063.0,1013.9,-0.0032504093934009283
2776,KRBL,2021-04-28,2021-05-12,0.06666666666666667,181.3,218.7,0.013752528038242316
2777,PGHH,2021-04-28,2021-05-12,0.06296296296296296,13505.2,13730.0,0.0010480462395280356
2778,SANOFI,2021-04-28,2021-05-12,0.05925925925925925,4992.67,5216.67,0.0026587124873212273
2779,CGCL,2021-04-28,2021-05-12,0.05555555555555554,98.75,116.25,0.009845288326300982
2780,EMAMILTD,2021-04-28,2021-05-12,0.05185185185185183,510.0,486.0,-0.0024400871459694983
2781,BRITANNIA,2021-04-28,2021-05-12,0.04814814814814812,3488.0,3404.0,-0.0011595310907237507
2782,ERIS,2021-04-28,2021-05-12,0.04444444444444441,610.75,651.3,0.002950834584072401
2783,CRISIL,2021-04-28,2021-05-12,0.0407407407407407,1890.0,1910.0,0.0004311189496374677
2784,KRBL,2021-05-14,2021-05-27,0.09259259259259262,235.9,237.4,0.0005887617163581557
2785,LALPATHLAB,2021-05-14,2021-05-27,0.0888888888888889,2783.35,2793.0,0.00030818178733460976
2786,ABBOTINDIA,2021-05-14,2021-05-27,0.0851851851851852,16248.0,16000.0,-0.0013002170067655053
2787,TASTYBITE,2021-05-14,2021-05-27,0.08148148148148149,15996.65,15650.0,-0.0017657169192021784
2788,EMAMILTD,2021-05-14,2021-05-27,0.07777777777777778,494.0,504.0,0.0015744489428699956
2789,PGHH,2021-05-14,2021-05-27,0.07407407407407408,13667.0,13342.9,-0.0017565967225731645
2790,PFIZER,2021-05-14,2021-05-27,0.07037037037037037,5350.0,5220.0,-0.0017099342332987193
2791,ZYDUSWELL,2021-05-14,2021-05-27,0.06666666666666667,2112.6,2128.0,0.0004859730505853795
2792,THYROCARE,2021-05-14,2021-05-27,0.06296296296296296,1034.5,1019.0,-0.000943379338739416
2793,CGCL,2021-05-14,2021-05-27,0.05925925925925925,117.5,115.01,-0.001255791962174938
2794,BRITANNIA,2021-05-14,2021-05-27,0.05555555555555554,3450.0,3430.0,-0.0003220611916264089
2795,POLYMED,2021-05-14,2021-05-27,0.05185185185185183,1009.05,1019.0,0.0005112986729358585
2796,NATCOPHARM,2021-05-14,2021-05-27,0.04814814814814812,934.0,1092.1,0.008150130858910292
2797,SANOFI,2021-05-14,2021-05-27,0.04444444444444441,5226.0,5185.33,-0.0003458774503550626
2798,VALIANTORG,2021-05-14,2021-05-27,0.0407407407407407,1790.0,1592.0,-0.004506517690875228
2799,KRBL,2021-06-01,2021-06-15,0.09259259259259262,210.15,227.75,0.007754602091980155
2800,ZYDUSWELL,2021-06-01,2021-06-15,0.0888888888888889,2096.2,2055.0,-0.0017470767208387593
2801,LALPATHLAB,2021-06-01,2021-06-15,0.0851851851851852,2967.0,3215.0,0.007120298593166811
2802,TASTYBITE,2021-06-01,2021-06-15,0.08148148148148149,15650.05,15543.25,-0.0005560507616411554
2803,PGHH,2021-06-01,2021-06-15,0.07777777777777778,13132.95,13035.9,-0.0005747629689699129
2804,ABBOTINDIA,2021-06-01,2021-06-15,0.07407407407407408,16057.85,16275.0,0.0010017022942165458
2805,THYROCARE,2021-06-01,2021-06-15,0.07037037037037037,1064.15,1237.55,0.011466637431022142
2806,EMAMILTD,2021-06-01,2021-06-15,0.06666666666666667,502.9,537.0,0.0045204480678730065
2807,CGCL,2021-06-01,2021-06-15,0.06296296296296296,115.5,133.65,0.009894179894179896
2808,COROMANDEL,2021-06-01,2021-06-15,0.05925925925925925,805.0,845.8,0.003003450655624565
2809,POLYMED,2021-06-01,2021-06-15,0.05555555555555554,1026.0,944.0,-0.004440112627247129
2810,PFIZER,2021-06-01,2021-06-15,0.05185185185185183,5150.0,5590.0,0.004430061129090254
2811,BRITANNIA,2021-06-01,2021-06-15,0.04814814814814812,3458.0,3593.35,0.001884572542467277
2812,GILLETTE,2021-06-01,2021-06-15,0.04444444444444441,5592.2,5839.0,0.0019614621953594094
2813,IPCALAB,2021-06-01,2021-06-15,0.0407407407407407,1036.975,1053.0,0.0006295912344756368
2814,ZYDUSWELL,2021-06-15,2021-06-29,0.09259259259259262,2055.0,2084.0,0.0013066594575110394
2815,TASTYBITE,2021-06-15,2021-06-29,0.0888888888888889,15543.25,16700.0,0.006615233121916088
2816,KRBL,2021-06-15,2021-06-29,0.0851851851851852,227.75,256.5,0.010753343903728098
2817,CGCL,2021-06-15,2021-06-29,0.08148148148148149,133.65,133.24,-0.0002499618960524289
2818,PGHH,2021-06-15,2021-06-29,0.07777777777777778,13035.9,13632.0,0.0035565886001989403
2819,ABBOTINDIA,2021-06-15,2021-06-29,0.07407407407407408,16275.0,16782.0,0.002307561017238437
2820,LALPATHLAB,2021-06-15,2021-06-29,0.07037037037037037,3215.0,3150.0,-0.001422729105466275
2821,POLYMED,2021-06-15,2021-06-29,0.06666666666666667,944.0,1009.95,0.004657485875706218
2822,COROMANDEL,2021-06-15,2021-06-29,0.06296296296296296,845.8,918.5,0.00541192646891394
2823,PFIZER,2021-06-15,2021-06-29,0.05925925925925925,5590.0,5585.0,-5.300470416749485e-05
2824,EMAMILTD,2021-06-15,2021-06-29,0.05555555555555554,537.0,547.9,0.0011276639768259852
2825,IPCALAB,2021-06-15,2021-06-29,0.05185185185185183,1053.0,1007.475,-0.0022417431676690913
2826,CRISIL,2021-06-15,2021-06-29,0.04814814814814812,2399.0,2595.4,0.00394176585923147
2827,BRITANNIA,2021-06-15,2021-06-29,0.04444444444444441,3593.35,3655.0,0.0007625196543615295
2828,THYROCARE,2021-06-15,2021-06-29,0.0407407407407407,1237.55,1320.0,0.0027142936237518267
2829,ZYDUSWELL,2021-06-30,2021-07-14,0.09259259259259262,2111.0,2194.9,0.003680018246574386
2830,KRBL,2021-06-30,2021-07-14,0.0888888888888889,240.0,294.0,0.020000000000000004
2831,3632.0,2021-06-30,2021-07-14,0.0851851851851852,1693.0,1675.0,-0.0009056900964756843
2832,TCNSBRANDS,2021-06-30,2021-07-14,0.08148148148148149,575.15,613.4,0.0054188762351850255
2833,THYROCARE,2021-06-30,2021-07-14,0.07777777777777778,1334.45,1362.0,0.0016057385273167029
2834,ECLERX,2021-06-30,2021-07-14,0.07407407407407408,1239.86666666667,1400.0,0.009566938699103225
2835,CGCL,2021-06-30,2021-07-14,0.07037037037037037,133.31,133.19,-6.334441860659189e-05
2836,ABBOTINDIA,2021-06-30,2021-07-14,0.06666666666666667,16662.45,17400.0,0.0029509465894871374
2837,COROMANDEL,2021-06-30,2021-07-14,0.06296296296296296,900.0,881.0,-0.0013292181069958847
2838,PGHH,2021-06-30,2021-07-14,0.05925925925925925,13250.0,13019.0,-0.0010331236897274632
2839,LALPATHLAB,2021-06-30,2021-07-14,0.05555555555555554,3220.0,3445.0,0.0038819875776397506
2840,EMAMILTD,2021-06-30,2021-07-14,0.05185185185185183,550.0,566.9,0.0015932659932659902
2841,CIPLA,2021-06-30,2021-07-14,0.04814814814814812,992.2,961.1,-0.0015091790036357666
2842,BRITANNIA,2021-06-30,2021-07-14,0.04444444444444441,3675.0,3474.0,-0.0024308390022675717
2843,PFIZER,2021-06-30,2021-07-14,0.0407407407407407,5690.0,5738.0,0.0003436828744385859
2844,ZYDUSWELL,2021-07-15,2021-07-29,0.09259259259259262,2177.0,2165.05,-0.0005082597526327354
2845,THYROCARE,2021-07-15,2021-07-29,0.0888888888888889,1342.25,1307.1,-0.0023277663955630122
2846,CGCL,2021-07-15,2021-07-29,0.0851851851851852,133.38,130.34,-0.0019415426822834184
2847,3632.0,2021-07-15,2021-07-29,0.08148148148148149,1698.0,1670.0,-0.0013436286698948656
2848,ECLERX,2021-07-15,2021-07-29,0.07777777777777778,1440.26666666667,1393.33333333333,-0.0025345100701519713
2849,KRBL,2021-07-15,2021-07-29,0.07407407407407408,292.05,268.45,-0.005985783763561547
2850,TCNSBRANDS,2021-07-15,2021-07-29,0.07037037037037037,601.0,593.95,-0.0008254760584211447
2851,GLAND,2021-07-15,2021-07-29,0.06666666666666667,3880.0,3915.0,0.0006013745704467354
2852,ABBOTINDIA,2021-07-15,2021-07-29,0.06296296296296296,17388.65,17918.8,0.0019196323357370854
2853,LALPATHLAB,2021-07-15,2021-07-29,0.05925925925925925,3462.15,3660.0,0.0033864634531849966
2854,COROMANDEL,2021-07-15,2021-07-29,0.05555555555555554,890.0,875.0,-0.000936329588014981
2855,SONATSOFTW,2021-07-15,2021-07-29,0.05185185185185183,289.47,286.88,-0.0004639385646053058
2856,PGHH,2021-07-15,2021-07-29,0.04814814814814812,13035.05,12751.0,-0.0010492082102854564
2857,EMAMILTD,2021-07-15,2021-07-29,0.04444444444444441,569.9,559.9,-0.0007798639137470506
2858,VBL,2021-07-15,2021-07-29,0.0407407407407407,260.4166666666665,255.0,-0.0008474074074073834
2859,ZYDUSWELL,2021-08-03,2021-08-17,0.09259259259259262,2193.4,2236.7,0.0018278741949754875
2860,LALPATHLAB,2021-08-03,2021-08-17,0.0888888888888889,3720.0,3857.25,0.0032795698924731193
2861,POLYMED,2021-08-03,2021-08-17,0.0851851851851852,964.0,871.0,-0.008218072844628863
2862,CGCL,2021-08-03,2021-08-17,0.08148148148148149,137.5,130.0,-0.0044444444444444444
2863,THYROCARE,2021-08-03,2021-08-17,0.07777777777777778,1320.0,1321.0,5.892255892255892e-05
2864,TCNSBRANDS,2021-08-03,2021-08-17,0.07407407407407408,592.5,556.1,-0.0045507110486013415
2865,VBL,2021-08-03,2021-08-17,0.07037037037037037,266.6666666666665,256.6666666666665,-0.0026388888888888903
2866,ABBOTINDIA,2021-08-03,2021-08-17,0.06666666666666667,19750.7,19000.0,-0.002533918629044374
2867,ECLERX,2021-08-03,2021-08-17,0.06296296296296296,1566.66666666667,1595.2,0.0011467297084317046
2868,AJANTPHARM,2021-08-03,2021-08-17,0.05925925925925925,1510.0,1526.0,0.0006279126808928133
2869,COROMANDEL,2021-08-03,2021-08-17,0.05555555555555554,916.0,822.05,-0.005698083454633673
2870,SANOFI,2021-08-03,2021-08-17,0.05185185185185183,5741.33,5673.33,-0.0006141305108617558
2871,IPCALAB,2021-08-03,2021-08-17,0.04814814814814812,1052.45,1206.5,0.007047576818112229
2872,PFIZER,2021-08-03,2021-08-17,0.04444444444444441,5950.0,5716.0,-0.0017478991596638642
2873,PGHH,2021-08-03,2021-08-17,0.0407407407407407,12663.0,12825.7,0.0005234556201941516
2874,LALPATHLAB,2021-08-17,2021-08-31,0.09259259259259262,3857.25,3980.0,0.002946591675608463
2875,ZYDUSWELL,2021-08-17,2021-08-31,0.0888888888888889,2236.7,2297.8,0.002428180404663632
2876,IPCALAB,2021-08-17,2021-08-31,0.0851851851851852,1206.5,1245.0,0.00271830056330678
2877,POLYMED,2021-08-17,2021-08-31,0.08148148148148149,871.0,945.95,0.007011523578687762
2878,THYROCARE,2021-08-17,2021-08-31,0.07777777777777778,1321.0,1232.0,-0.0052401379426360506
2879,PGHH,2021-08-17,2021-08-31,0.07407407407407408,12825.7,13700.2,0.005050623184526207
2880,ABBOTINDIA,2021-08-17,2021-08-31,0.07037037037037037,19000.0,19109.9,0.00040703703703704245
2881,TCNSBRANDS,2021-08-17,2021-08-31,0.06666666666666667,556.1,597.4,0.004951147875082413
2882,AJANTPHARM,2021-08-17,2021-08-31,0.06296296296296296,1526.0,1488.93333333333,-0.0015293755966540223
2883,SUPREMEIND,2021-08-17,2021-08-31,0.05925925925925925,2035.0,2132.05,0.002826098826098831
2884,SANOFI,2021-08-17,2021-08-31,0.05555555555555554,5673.33,5928.0,0.002493832252545389
2885,CGCL,2021-08-17,2021-08-31,0.05185185185185183,130.0,128.75,-0.0004985754985754983
2886,VBL,2021-08-17,2021-08-31,0.04814814814814812,256.6666666666665,283.0,0.004939874939874968
2887,ECLERX,2021-08-17,2021-08-31,0.04444444444444441,1595.2,1480.66666666667,-0.0031910546454176425
2888,NATCOPHARM,2021-08-17,2021-08-31,0.0407407407407407,988.2,940.15,-0.0019809680151716184
2889,IPCALAB,2021-08-31,2021-09-14,0.09259259259259262,1245.0,1300.0,0.004090435817343449
2890,ZYDUSWELL,2021-08-31,2021-09-14,0.0888888888888889,2297.8,2410.0,0.004340383555284758
2891,LALPATHLAB,2021-08-31,2021-09-14,0.0851851851851852,3980.0,4170.45,0.004076260934301132
2892,3632.0,2021-08-31,2021-09-14,0.08148148148148149,1630.0,1687.55,0.002876846171324697
2893,BRITANNIA,2021-08-31,2021-09-14,0.07777777777777778,3995.0,4097.0,0.0019858156028368795
2894,THYROCARE,2021-08-31,2021-09-14,0.07407407407407408,1232.0,1284.7,0.0031685906685906718
2895,CIPLA,2021-08-31,2021-09-14,0.07037037037037037,935.0,954.8,0.0014901960784313693
2896,ABBOTINDIA,2021-08-31,2021-09-14,0.06666666666666667,19109.9,21400.0,0.007989227224283394
2897,PGHH,2021-08-31,2021-09-14,0.06296296296296296,13700.2,14329.9,0.002893956130405228
2898,DABUR,2021-08-31,2021-09-14,0.05925925925925925,616.0,640.2,0.002328042328042332
2899,HONAUT,2021-08-31,2021-09-14,0.05555555555555554,39636.3,42807.55,0.004444929409545177
2900,DRREDDY,2021-08-31,2021-09-14,0.05185185185185183,935.58,989.98,0.003014964771308427
2901,TTKPRESTIG,2021-08-31,2021-09-14,0.04814814814814812,888.0,932.0,0.002385719052385718
2902,GICRE,2021-08-31,2021-09-14,0.04444444444444441,151.7,144.7,-0.0020508313191240006
2903,POLYMED,2021-08-31,2021-09-14,0.0407407407407407,945.95,1009.75,0.0027477765836029966
2904,IPCALAB,2021-09-15,2021-09-29,0.09259259259259262,1347.5,1171.0,-0.012128083556654987
2905,ZYDUSWELL,2021-09-15,2021-09-29,0.0888888888888889,2402.95,2385.0,-0.0006639986498077529
2906,LALPATHLAB,2021-09-15,2021-09-29,0.0851851851851852,4157.0,3600.0,-0.011414036119352456
2907,3632.0,2021-09-15,2021-09-29,0.08148148148148149,1697.4,1643.0,-0.0026114013153014023
2908,THYROCARE,2021-09-15,2021-09-29,0.07777777777777778,1284.7,1228.0,-0.0034327080252198982
2909,HONAUT,2021-09-15,2021-09-29,0.07407407407407408,42444.0,44300.0,0.0032391264131910636
2910,CIPLA,2021-09-15,2021-09-29,0.07037037037037037,955.0,970.5,0.001142136901299205
2911,BRITANNIA,2021-09-15,2021-09-29,0.06666666666666667,4105.2,3982.0,-0.002000714540907464
2912,TTKPRESTIG,2021-09-15,2021-09-29,0.06296296296296296,920.06,886.0,-0.0023308463779737353
2913,DRREDDY,2021-09-15,2021-09-29,0.05925925925925925,987.4,966.6,-0.0012483214427715106
2914,ABBOTINDIA,2021-09-15,2021-09-29,0.05555555555555554,21455.0,21010.8,-0.0011502110360185416
2915,PGHH,2021-09-15,2021-09-29,0.05185185185185183,14098.0,13838.5,-0.0009544301004082529
2916,DABUR,2021-09-15,2021-09-29,0.04814814814814812,640.4,627.0,-0.0010074721817382633
2917,ECLERX,2021-09-15,2021-09-29,0.04444444444444441,1516.66666666667,1452.66666666667,-0.0018754578754578701
2918,PFIZER,2021-09-15,2021-09-29,0.0407407407407407,6021.05,5629.0,-0.0026527611309335414
2919,IPCALAB,2021-10-05,2021-10-19,0.09259259259259262,1200.0,1207.575,0.0005844907407407444
2920,ZYDUSWELL,2021-10-05,2021-10-19,0.0888888888888889,2327.8,2300.0,-0.0010615650447251173
2921,3632.0,2021-10-05,2021-10-19,0.0851851851851852,1595.0,1435.0,-0.008545222338325787
2922,BRITANNIA,2021-10-05,2021-10-19,0.08148148148148149,3894.0,3860.35,-0.0007041222012973444
2923,LALPATHLAB,2021-10-05,2021-10-19,0.07777777777777778,3759.5,3610.0,-0.003092905380443617
2924,ASTRAZEN,2021-10-05,2021-10-19,0.07407407407407408,3120.05,3114.95,-0.00012108068068710591
2925,NESTLEIND,2021-10-05,2021-10-19,0.07037037037037037,975.0,973.75,-9.021842355175688e-05
2926,TIMKEN,2021-10-05,2021-10-19,0.06666666666666667,1675.0,1792.35,0.00467064676616915
2927,DRREDDY,2021-10-05,2021-10-19,0.06296296296296296,1007.42,981.0,-0.001651229359633002
2928,CIPLA,2021-10-05,2021-10-19,0.05925925925925925,961.8,906.0,-0.003437998197823522
2929,HINDUNILVR,2021-10-05,2021-10-19,0.05555555555555554,2686.2,2669.9,-0.00033711397347760413
2930,CGCL,2021-10-05,2021-10-19,0.05185185185185183,133.43,129.91,-0.0013678971634453942
2931,TTKPRESTIG,2021-10-05,2021-10-19,0.04814814814814812,888.88,1039.9,0.008180331803318034
2932,DABUR,2021-10-05,2021-10-19,0.04444444444444441,626.4,615.0,-0.0008088548318433353
2933,AJANTPHARM,2021-10-05,2021-10-19,0.0407407407407407,1531.33333333333,1466.7,-0.0017195536851609132
2934,INGERRAND,2021-10-19,2021-11-02,0.09259259259259262,1191.7,1123.0,-0.005337846027616948
2935,TATAELXSI,2021-10-19,2021-11-02,0.0888888888888889,6375.2,6000.0,-0.005231382719147808
2936,MARICO,2021-10-19,2021-11-02,0.0851851851851852,580.5,571.5,-0.0013207005455067474
2937,NESTLEIND,2021-10-19,2021-11-02,0.08148148148148149,973.75,945.05,-0.0024015594541910374
2938,BRITANNIA,2021-10-19,2021-11-02,0.07777777777777778,3860.35,3680.2,-0.0036296363455817927
2939,NIACL,2021-10-19,2021-11-02,0.07407407407407408,165.7,153.9,-0.005275039674556867
2940,GICRE,2021-10-19,2021-11-02,0.07037037037037037,147.85,134.1,-0.006544420646551185
2941,ZYDUSWELL,2021-10-19,2021-11-02,0.06666666666666667,2300.0,2060.0,-0.006956521739130435
2942,INDIGOPNTS,2021-10-19,2021-11-02,0.06296296296296296,2495.0,2376.0,-0.003003043123283604
2943,COLPAL,2021-10-19,2021-11-02,0.05925925925925925,1669.4,1527.15,-0.005049496603348286
2944,DABUR,2021-10-19,2021-11-02,0.05555555555555554,615.0,599.85,-0.0013685636856368539
2945,GODREJCP,2021-10-19,2021-11-02,0.05185185185185183,1025.0,974.0,-0.0025799457994579935
2946,TTKPRESTIG,2021-10-19,2021-11-02,0.04814814814814812,1039.9,1106.0,0.0030604794620565303
2947,CGCL,2021-10-19,2021-11-02,0.04444444444444441,129.91,132.75,0.0009716128259735378
2948,BASF,2021-10-19,2021-11-02,0.0407407407407407,3694.7,3223.0,-0.0052013444684026805
2949,TTKPRESTIG,2021-11-02,2021-11-16,0.09259259259259262,1106.0,1124.1,0.0015153037304935966
2950,AJANTPHARM,2021-11-02,2021-11-16,0.0888888888888889,1466.66666666667,1454.73333333333,-0.0007232323232327251
2951,INDIGOPNTS,2021-11-02,2021-11-16,0.0851851851851852,2376.0,2283.0,-0.00333426861204639
2952,INGERRAND,2021-11-02,2021-11-16,0.08148148148148149,1123.0,1181.35,0.0042336994162461596
2953,NESTLEIND,2021-11-02,2021-11-16,0.07777777777777778,945.05,972.51,0.0022599627297791446
2954,TIMKEN,2021-11-02,2021-11-16,0.07407407407407408,1761.0,1981.5,0.009275033125118305
2955,CGCL,2021-11-02,2021-11-16,0.07037037037037037,132.75,130.73,-0.0010707958429239087
2956,RAJESHEXPO,2021-11-02,2021-11-16,0.06666666666666667,641.1,670.0,0.0030052513908386605
2957,BRITANNIA,2021-11-02,2021-11-16,0.06296296296296296,3680.2,3751.0,0.0012112868261990623
2958,HINDUNILVR,2021-11-02,2021-11-16,0.05925925925925925,2415.0,2434.65,0.0004821716126063973
2959,ABB,2021-11-02,2021-11-16,0.05555555555555554,2090.0,2148.1,0.0015443912812333836
2960,3632.0,2021-11-02,2021-11-16,0.05185185185185183,1206.0,1041.4,-0.007076960874639143
2961,COLPAL,2021-11-02,2021-11-16,0.04814814814814812,1527.15,1526.0,-3.625732270593898e-05
2962,RADICO,2021-11-02,2021-11-16,0.04444444444444441,1100.0,1080.0,-0.0008080808080808074
2963,PGHH,2021-11-02,2021-11-16,0.0407407407407407,14560.0,15150.0,0.0016508954008953992
2964,INGERRAND,2021-11-17,2021-12-01,0.09259259259259262,1298.75,1197.05,-0.00725056143727944
2965,TIMKEN,2021-11-17,2021-12-01,0.0888888888888889,1985.0,2039.9,0.0024584382871536566
2966,CGCL,2021-11-17,2021-12-01,0.0851851851851852,129.65,125.0,-0.003055234177486399
2967,THERMAX,2021-11-17,2021-12-01,0.08148148148148149,1780.0,1756.0,-0.0010986267166042448
2968,AJANTPHARM,2021-11-17,2021-12-01,0.07777777777777778,1438.03333333333,1393.33333333333,-0.002417653740061654
2969,TTKPRESTIG,2021-11-17,2021-12-01,0.07407407407407408,1112.0,1000.0,-0.007460698108180124
2970,RAJESHEXPO,2021-11-17,2021-12-01,0.07037037037037037,688.0,765.4,0.007916666666666666
2971,ABB,2021-11-17,2021-12-01,0.06666666666666667,2157.2,2056.0,-0.0031275109710118
2972,NESTLEIND,2021-11-17,2021-12-01,0.06296296296296296,970.2,960.5,-0.0006294998358490451
2973,TATAELXSI,2021-11-17,2021-12-01,0.05925925925925925,6625.0,5781.65,-0.007543591893780575
2974,HINDUNILVR,2021-11-17,2021-12-01,0.05555555555555554,2404.0,2340.0,-0.001479016454058051
2975,PGHH,2021-11-17,2021-12-01,0.05185185185185183,15099.0,15150.65,0.00017737255103968
2976,NIACL,2021-11-17,2021-12-01,0.04814814814814812,153.85,145.2,-0.002707061953080803
2977,GICRE,2021-11-17,2021-12-01,0.04444444444444441,143.9,142.0,-0.0005868272720253276
2978,MARICO,2021-11-17,2021-12-01,0.0407407407407407,552.7,538.0,-0.0010835695474740185
2979,THERMAX,2021-12-02,2021-12-16,0.09259259259259262,1733.9,1717.0,-0.0009024827353450738
2980,3632.0,2021-12-02,2021-12-16,0.0888888888888889,1200.0,1110.0,-0.006666666666666668
2981,JKLAKSHMI,2021-12-02,2021-12-16,0.0851851851851852,633.15,590.05,-0.00579875461025268
2982,JBCHEPHARM,2021-12-02,2021-12-16,0.08148148148148149,802.53,805.0,0.00025078097922727065
2983,POLYMED,2021-12-02,2021-12-16,0.07777777777777778,1058.0,948.05,-0.008082860743541278
2984,RAJESHEXPO,2021-12-02,2021-12-16,0.07407407407407408,764.35,758.9,-0.0005281660282641553
2985,ASTRAZEN,2021-12-02,2021-12-16,0.07037037037037037,3100.0,3104.0,9.08004778972521e-05
2986,CIPLA,2021-12-02,2021-12-16,0.06666666666666667,937.95,903.5,-0.0024486024486024514
2987,HINDUNILVR,2021-12-02,2021-12-16,0.06296296296296296,2357.0,2320.95,-0.0009630101038671303
2988,TIMKEN,2021-12-02,2021-12-16,0.05925925925925925,2028.35,1925.0,-0.0030194219165550515
2989,NESTLEIND,2021-12-02,2021-12-16,0.05555555555555554,969.89,960.25,-0.000552181747987457
2990,COLPAL,2021-12-02,2021-12-16,0.05185185185185183,1436.9,1461.0,0.0008696705613679618
2991,AJANTPHARM,2021-12-02,2021-12-16,0.04814814814814812,1360.53333333333,1413.33333333333,0.0018685482817195973
2992,ABB,2021-12-02,2021-12-16,0.04444444444444441,2017.9,2220.1,0.004453474734459909
2993,ALKEM,2021-12-02,2021-12-16,0.0407407407407407,3445.0,3430.0,-0.0001773907434284791
2994,CIPLA,2021-12-21,2022-01-04,0.09259259259259262,893.8,937.45,0.004521891549190732
2995,AJANTPHARM,2021-12-21,2022-01-04,0.0888888888888889,1410.66666666667,1467.36666666667,0.0035727788279773113
2996,POLYMED,2021-12-21,2022-01-04,0.0851851851851852,907.0,960.95,0.005066968843154074
2997,JBCHEPHARM,2021-12-21,2022-01-04,0.08148148148148149,789.0,879.13,0.009307890907383936
2998,3632.0,2021-12-21,2022-01-04,0.07777777777777778,1025.1,1101.0,0.0057587877605436944
2999,ASTRAZEN,2021-12-21,2022-01-04,0.07407407407407408,3013.75,3085.0,0.0017512327757039498
3000,SUNDARMFIN,2021-12-21,2022-01-04,0.07037037037037037,2287.7,2428.95,0.004344894354511001
3001,RAJESHEXPO,2021-12-21,2022-01-04,0.06666666666666667,748.15,843.0,0.008451959277328523
3002,TASTYBITE,2021-12-21,2022-01-04,0.06296296296296296,13852.5,13875.0,0.0001022679420080611
3003,ALKEM,2021-12-21,2022-01-04,0.05925925925925925,3357.55,3671.55,0.005541959883667377
3004,THERMAX,2021-12-21,2022-01-04,0.05555555555555554,1652.85,1840.0,0.006290481424341123
3005,HINDUNILVR,2021-12-21,2022-01-04,0.05185185185185183,2290.0,2368.95,0.0017876435387352368
3006,EMAMILTD,2021-12-21,2022-01-04,0.04814814814814812,535.65,521.7,-0.001253928249167671
3007,COLPAL,2021-12-21,2022-01-04,0.04444444444444441,1415.0,1473.95,0.0018515901060070672
3008,INDIGOPNTS,2021-12-21,2022-01-04,0.0407407407407407,1990.0,2120.0,0.0026614554252745184
3009,CIPLA,2022-01-04,2022-01-18,0.09259259259259262,937.45,910.2,-0.0026915015714418355
3010,AJANTPHARM,2022-01-04,2022-01-18,0.0888888888888889,1467.36666666667,1540.0,0.004399920240087223
3011,JBCHEPHARM,2022-01-04,2022-01-18,0.0851851851851852,879.13,865.3,-0.001340087485481231
3012,POLYMED,2022-01-04,2022-01-18,0.08148148148148149,960.95,913.9,-0.003989493421826015
3013,TASTYBITE,2022-01-04,2022-01-18,0.07777777777777778,13875.0,13933.05,0.0003254054054054013
3014,ASTRAZEN,2022-01-04,2022-01-18,0.07407407407407408,3085.0,3033.65,-0.0012329671648958502
3015,ALKEM,2022-01-04,2022-01-18,0.07037037037037037,3671.55,3609.3,-0.0011931079668138947
3016,THERMAX,2022-01-04,2022-01-18,0.06666666666666667,1840.0,2100.75,0.009447463768115942
3017,ESCORTS,2022-01-04,2022-01-18,0.06296296296296296,1904.1,1865.8,-0.0012664678753644654
3018,HINDUNILVR,2022-01-04,2022-01-18,0.05925925925925925,2368.95,2408.7,0.0009943458306657191
3019,3632.0,2022-01-04,2022-01-18,0.05555555555555554,1101.0,1100.2,-4.036734281965659e-05
3020,BAYERCROP,2022-01-04,2022-01-18,0.05185185185185183,4998.0,5192.55,0.0020183629007158427
3021,COLPAL,2022-01-04,2022-01-18,0.04814814814814812,1473.95,1470.0,-0.0001290309611487413
3022,AVANTIFEED,2022-01-04,2022-01-18,0.04444444444444441,581.0,623.0,0.003212851405622488
3023,SANOFI,2022-01-04,2022-01-18,0.0407407407407407,5188.4,5010.0,-0.0014008457613422494
3024,CIPLA,2022-01-19,2022-02-02,0.09259259259259262,900.05,945.5,0.004675666166694448
3025,POLYMED,2022-01-19,2022-02-02,0.0888888888888889,913.5,887.15,-0.0025640090007906127
3026,JBCHEPHARM,2022-01-19,2022-02-02,0.0851851851851852,873.5,891.8,0.0017846466959231656
3027,AJANTPHARM,2022-01-19,2022-02-02,0.08148148148148149,1506.66666666667,1453.16666666667,-0.0028933136676499447
3028,ASTRAZEN,2022-01-19,2022-02-02,0.07777777777777778,3006.0,2801.0,-0.005304206402010793
3029,EMAMILTD,2022-01-19,2022-02-02,0.07407407407407408,493.15,496.45,0.0004956797007897097
3030,ESCORTS,2022-01-19,2022-02-02,0.07037037037037037,1860.0,1846.5,-0.0005107526881720431
3031,CHOLAHLDNG,2022-01-19,2022-02-02,0.06666666666666667,654.0,700.1,0.0046992864424057115
3032,GLAND,2022-01-19,2022-02-02,0.06296296296296296,3682.5,3520.0,-0.0027784063765054936
3033,COLPAL,2022-01-19,2022-02-02,0.05925925925925925,1471.4,1434.0,-0.0015062500314641165
3034,ALKEM,2022-01-19,2022-02-02,0.05555555555555554,3471.0,3549.95,0.0012636448029706424
3035,THERMAX,2022-01-19,2022-02-02,0.05185185185185183,2027.15,2104.95,0.00199002248184597
3036,SANOFI,2022-01-19,2022-02-02,0.04814814814814812,4999.93,5020.03,0.0001935582653712654
3037,BAYERCROP,2022-01-19,2022-02-02,0.04444444444444441,5180.0,5089.95,-0.0007726297726297736
3038,SUNDARMFIN,2022-01-19,2022-02-02,0.0407407407407407,2366.3,2231.5,-0.0023208603523863646
3039,CIPLA,2022-02-03,2022-02-17,0.09259259259259262,953.0,934.8,-0.0017682950526602202
3040,SHARDACROP,2022-02-03,2022-02-17,0.0888888888888889,599.95,572.0,-0.004141085831226684
3041,JBCHEPHARM,2022-02-03,2022-02-17,0.0851851851851852,924.0,843.45,-0.007426046176046173
3042,CHOLAHLDNG,2022-02-03,2022-02-17,0.08148148148148149,700.0,687.95,-0.0014026455026454974
3043,ESCORTS,2022-02-03,2022-02-17,0.07777777777777778,1865.05,1858.0,-0.0002940046290090506
3044,AVANTIFEED,2022-02-03,2022-02-17,0.07407407407407408,600.2,537.6,-0.007725819788465577
3045,GALAXYSURF,2022-02-03,2022-02-17,0.07037037037037037,3275.0,2896.9,-0.008124286118179246
3046,EMAMILTD,2022-02-03,2022-02-17,0.06666666666666667,510.0,500.95,-0.0011830065359477138
3047,GILLETTE,2022-02-03,2022-02-17,0.06296296296296296,5280.0,5092.0,-0.0022418630751964083
3048,AJANTPHARM,2022-02-03,2022-02-17,0.05925925925925925,1446.73333333333,1356.06666666667,-0.0037137732174824557
3049,IFBIND,2022-02-03,2022-02-17,0.05555555555555554,977.0,921.15,-0.0031758216763334477
3050,BAYERCROP,2022-02-03,2022-02-17,0.05185185185185183,5039.95,4544.95,-0.0050926431148457145
3051,POLYMED,2022-02-03,2022-02-17,0.04814814814814812,908.0,769.75,-0.007330926741719689
3052,ALKEM,2022-02-03,2022-02-17,0.04444444444444441,3550.2,3374.8,-0.0021958074349488856
3053,ASTRAZEN,2022-02-03,2022-02-17,0.0407407407407407,2839.0,2734.45,-0.0015003326679973398
3054,CIPLA,2022-02-22,2022-03-08,0.09259259259259262,893.2,938.0,0.004644142575177055
3055,SHARDACROP,2022-02-22,2022-03-08,0.0888888888888889,500.25,532.5,0.005730468099283692
3056,ESCORTS,2022-02-22,2022-03-08,0.0851851851851852,1852.0,1792.05,-0.0027574794016478705
3057,EMAMILTD,2022-02-22,2022-03-08,0.08148148148148149,488.5,453.6,-0.005821297244019861
3058,AJANTPHARM,2022-02-22,2022-03-08,0.07777777777777778,1200.0,1142.66666666667,-0.003716049382715838
3059,CHOLAHLDNG,2022-02-22,2022-03-08,0.07407407407407408,653.95,632.05,-0.002480651765765317
3060,JBCHEPHARM,2022-02-22,2022-03-08,0.07037037037037037,809.45,769.18,-0.0035009139722216587
3061,GALAXYSURF,2022-02-22,2022-03-08,0.06666666666666667,2862.0,2701.1,-0.0037479617982762656
3062,SANOFI,2022-02-22,2022-03-08,0.06296296296296296,4740.73,4723.33,-0.00023109427357295871
3063,ASTRAZEN,2022-02-22,2022-03-08,0.05925925925925925,2610.0,2600.0,-0.00022704697034198944
3064,PGHL,2022-02-22,2022-03-08,0.05555555555555554,4549.9,4410.0,-0.001708218251438977
3065,KSCL,2022-02-22,2022-03-08,0.05185185185185183,497.0,502.0,0.0005216484089723524
3066,POLYMED,2022-02-22,2022-03-08,0.04814814814814812,685.6,809.25,0.00868366178313669
3067,BAYERCROP,2022-02-22,2022-03-08,0.04444444444444441,4350.05,4301.25,-0.0004985894159581833
3068,GILLETTE,2022-02-22,2022-03-08,0.0407407407407407,4750.0,4901.2,0.001296842105263155
3069,CIPLA,2022-03-08,2022-03-22,0.09259259259259262,938.0,1045.0,0.010562268024954595
3070,ASTRAZEN,2022-03-08,2022-03-22,0.0888888888888889,2600.0,2623.95,0.0008188034188034127
3071,CHOLAHLDNG,2022-03-08,2022-03-22,0.0851851851851852,632.05,609.0,-0.0031065873246080454
3072,KSCL,2022-03-08,2022-03-22,0.08148148148148149,502.0,551.5,0.00803452855245684
3073,SANOFI,2022-03-08,2022-03-22,0.07777777777777778,4723.33,5103.33,0.006257355627397526
3074,JBCHEPHARM,2022-03-08,2022-03-22,0.07407407407407408,769.18,800.0,0.0029680477430028955
3075,ESCORTS,2022-03-08,2022-03-22,0.07037037037037037,1792.05,1849.9,0.0022716586735447874
3076,DHANUKA,2022-03-08,2022-03-22,0.06666666666666667,729.3,732.1,0.000255953197129674
3077,BAYERCROP,2022-03-08,2022-03-22,0.06296296296296296,4301.25,4646.6,0.005055334904797275
3078,GALAXYSURF,2022-03-08,2022-03-22,0.05925925925925925,2701.1,2995.7,0.006463210461581492
3079,GLAND,2022-03-08,2022-03-22,0.05555555555555554,3195.6,3271.0,0.001310830169260512
3080,POLYMED,2022-03-08,2022-03-22,0.05185185185185183,809.25,817.5,0.0005286101671643838
3081,PGHL,2022-03-08,2022-03-22,0.04814814814814812,4410.0,4342.25,-0.0007396909381036361
3082,NESTLEIND,2022-03-08,2022-03-22,0.04444444444444441,865.0,886.35,0.0010969813744380222
3083,EMAMILTD,2022-03-08,2022-03-22,0.0407407407407407,453.6,480.3,0.0023980991573584135
3084,CIPLA,2022-03-22,2022-04-05,0.09259259259259262,1045.0,1035.0,-0.0008860535176324652
3085,CHOLAHLDNG,2022-03-22,2022-04-05,0.0888888888888889,609.0,637.85,0.004210910417806974
3086,ASTRAZEN,2022-03-22,2022-04-05,0.0851851851851852,2623.95,2679.9,0.0018163879308337183
3087,ESCORTS,2022-03-22,2022-04-05,0.08148148148148149,1849.9,1762.45,-0.0038518598602927507
3088,DHANUKA,2022-03-22,2022-04-05,0.07777777777777778,732.1,754.45,0.0023744479351636865
3089,GALAXYSURF,2022-03-22,2022-04-05,0.07407407407407408,2995.7,3006.05,0.0002559223776301678
3090,JBCHEPHARM,2022-03-22,2022-04-05,0.07037037037037037,800.0,814.0,0.0012314814814814816
3091,SANOFI,2022-03-22,2022-04-05,0.06666666666666667,5103.33,5093.33,-0.00013063365815392433
3092,BAYERCROP,2022-03-22,2022-04-05,0.06296296296296296,4646.6,4947.95,0.0040833919185832325
3093,PGHL,2022-03-22,2022-04-05,0.05925925925925925,4342.25,4422.2,0.0010910882095175926
3094,RATNAMANI,2022-03-22,2022-04-05,0.05555555555555554,1545.8,1698.96666666667,0.00550476080945753
3095,GLAND,2022-03-22,2022-04-05,0.05185185185185183,3271.0,3390.0,0.00188638653939785
3096,POLYMED,2022-03-22,2022-04-05,0.04814814814814812,817.5,912.0,0.005565749235474002
3097,OIL,2022-03-22,2022-04-05,0.04444444444444441,158.67,160.07,0.0003921486243286219
3098,EMAMILTD,2022-03-22,2022-04-05,0.0407407407407407,480.3,458.2,-0.0018745999799508026
3099,CIPLA,2022-04-06,2022-04-20,0.09259259259259262,1014.0,1001.9,-0.0011049017459273892
3100,CHOLAHLDNG,2022-04-06,2022-04-20,0.0888888888888889,625.0,649.9,0.0035413333333333304
3101,ESCORTS,2022-04-06,2022-04-20,0.0851851851851852,1850.0,1551.8,-0.013730930930930934
3102,ASTRAZEN,2022-04-06,2022-04-20,0.08148148148148149,2660.25,2721.0,0.0018607273752466874
3103,GLAND,2022-04-06,2022-04-20,0.07777777777777778,3390.0,3230.0,-0.0036709275647328747
3104,POLYMED,2022-04-06,2022-04-20,0.07407407407407408,903.0,905.5,0.00020507772445756944
3105,GALAXYSURF,2022-04-06,2022-04-20,0.07037037037037037,2962.15,2942.7,-0.000462064278886526
3106,SANOFI,2022-04-06,2022-04-20,0.06666666666666667,5163.3,4676.0,-0.0062918417807732805
3107,BAYERCROP,2022-04-06,2022-04-20,0.06296296296296296,4871.0,4914.1,0.0005571142894074577
3108,JBCHEPHARM,2022-04-06,2022-04-20,0.05925925925925925,821.53,809.68,-0.000854773681085564
3109,RATNAMANI,2022-04-06,2022-04-20,0.05555555555555554,1632.0,1644.4,0.00042211328976035157
3110,ALKEM,2022-04-06,2022-04-20,0.05185185185185183,3530.0,3422.2,-0.0015834644843143446
3111,PGHL,2022-04-06,2022-04-20,0.04814814814814812,4425.0,4278.4,-0.0015951454279137926
3112,EMAMILTD,2022-04-06,2022-04-20,0.04444444444444441,460.25,480.3,0.0019361458144728104
3113,OIL,2022-04-06,2022-04-20,0.0407407407407407,158.93,162.67,0.0009587262969254982
3114,CIPLA,2022-04-21,2022-05-05,0.09259259259259262,1016.05,959.95,-0.005112390575704382
3115,CHOLAHLDNG,2022-04-21,2022-05-05,0.0888888888888889,653.95,629.05,-0.0033845604913729514
3116,ESCORTS,2022-04-21,2022-05-05,0.0851851851851852,1529.0,1575.0,0.002562798246251484
3117,ASTRAZEN,2022-04-21,2022-05-05,0.08148148148148149,2749.95,2722.0,-0.0008281632056609731
3118,CGCL,2022-04-21,2022-05-05,0.07777777777777778,193.75,186.74,-0.0028140501792114658
3119,GLAND,2022-04-21,2022-05-05,0.07407407407407408,3211.25,3140.0,-0.0016435275290861125
3120,GALAXYSURF,2022-04-21,2022-05-05,0.07037037037037037,2990.0,2910.0,-0.001882819274123622
3121,POLYMED,2022-04-21,2022-05-05,0.06666666666666667,906.05,858.35,-0.0035097400805694998
3122,BAYERCROP,2022-04-21,2022-05-05,0.06296296296296296,4914.95,4724.0,-0.0024461648191289364
3123,JBCHEPHARM,2022-04-21,2022-05-05,0.05925925925925925,847.0,834.18,-0.0008969347151165367
3124,RATNAMANI,2022-04-21,2022-05-05,0.05555555555555554,1613.33333333333,1546.66666666667,-0.0022956841138657117
3125,EMAMILTD,2022-04-21,2022-05-05,0.05185185185185183,478.0,486.4,0.0009112040911204062
3126,OIL,2022-04-21,2022-05-05,0.04814814814814812,163.33,150.6,-0.0037526842951443483
3127,ALKEM,2022-04-21,2022-05-05,0.04444444444444441,3409.0,3192.0,-0.0028291124800365022
3128,HATSUN,2022-04-21,2022-05-05,0.0407407407407407,1140.0,1060.0,-0.0028589993502274175
3129,CIPLA,2022-05-10,2022-05-24,0.09259259259259262,930.0,977.0,0.004679410593389089
3130,ASTRAZEN,2022-05-10,2022-05-24,0.0888888888888889,2727.0,2674.0,-0.0017275801654239502
3131,ESCORTS,2022-05-10,2022-05-24,0.0851851851851852,1552.0,1639.0,0.004775200458190149
3132,RATNAMANI,2022-05-10,2022-05-24,0.08148148148148149,1488.0,1685.8,0.010831342094782955
3133,CHOLAHLDNG,2022-05-10,2022-05-24,0.07777777777777778,610.0,638.6,0.003646630236794174
3134,HATSUN,2022-05-10,2022-05-24,0.07407407407407408,1033.6,890.0,-0.010291251003325303
3135,EMAMILTD,2022-05-10,2022-05-24,0.07037037037037037,471.0,411.2,-0.008934497129826219
3136,GALAXYSURF,2022-05-10,2022-05-24,0.06666666666666667,2740.0,2845.1,0.002557177615571774
3137,BAYERCROP,2022-05-10,2022-05-24,0.06296296296296296,4500.15,4696.0,0.0027401967259527613
3138,ONGC,2022-05-10,2022-05-24,0.05925925925925925,160.45,157.4,-0.0011264614567824227
3139,OIL,2022-05-10,2022-05-24,0.05555555555555554,155.8,154.83,-0.0003458850377977459
3140,PGHL,2022-05-10,2022-05-24,0.05185185185185183,4388.5,4402.6,0.0001665970402440765
3141,KANSAINER,2022-05-10,2022-05-24,0.04814814814814812,293.87,270.57,-0.0038175106402553905
3142,ALKEM,2022-05-10,2022-05-24,0.04444444444444441,3090.0,2999.0,-0.001308881697231211
3143,JBCHEPHARM,2022-05-10,2022-05-24,0.0407407407407407,808.0,787.5,-0.0010336450311697826
3144,CIPLA,2022-05-24,2022-06-07,0.09259259259259262,977.0,971.55,-0.0005165093445543849
3145,CHOLAHLDNG,2022-05-24,2022-06-07,0.0888888888888889,638.6,628.15,-0.0014545707624317148
3146,ALKEM,2022-05-24,2022-06-07,0.0851851851851852,2999.0,3119.1,0.003411384041594109
3147,RATNAMANI,2022-05-24,2022-06-07,0.08148148148148149,1685.8,1783.33333333333,0.004714177538158085
3148,ESCORTS,2022-05-24,2022-06-07,0.07777777777777778,1639.0,1585.0,-0.002562538133007932
3149,ASTRAZEN,2022-05-24,2022-06-07,0.07407407407407408,2674.0,2956.95,0.007838167262251028
3150,SANOFI,2022-05-24,2022-06-07,0.07037037037037037,4450.0,4506.7,0.0008966292134831432
3151,CERA,2022-05-24,2022-06-07,0.06666666666666667,4069.95,4207.35,0.002250641899777647
3152,GALAXYSURF,2022-05-24,2022-06-07,0.06296296296296296,2845.1,2882.4,0.0008254607987482091
3153,ORIENTELEC,2022-05-24,2022-06-07,0.05925925925925925,275.15,270.0,-0.001109159313774973
3154,THYROCARE,2022-05-24,2022-06-07,0.05555555555555554,654.9,667.0,0.0010264501789925536
3155,OIL,2022-05-24,2022-06-07,0.05185185185185183,154.83,186.0,0.010438689028109674
3156,JBCHEPHARM,2022-05-24,2022-06-07,0.04814814814814812,787.5,801.35,0.0008467960023515589
3157,KANSAINER,2022-05-24,2022-06-07,0.04444444444444441,270.57,274.67,0.0006734753380723033
3158,BAYERCROP,2022-05-24,2022-06-07,0.0407407407407407,4696.0,5275.05,0.005023621364123917
3159,CIPLA,2022-06-07,2022-06-21,0.09259259259259262,971.55,927.1,-0.0042362624061970415
3160,RATNAMANI,2022-06-07,2022-06-21,0.0888888888888889,1783.33333333333,1521.0,-0.01307580477673922
3161,ONGC,2022-06-07,2022-06-21,0.0851851851851852,154.8,136.1,-0.010290458417073415
3162,CHOLAHLDNG,2022-06-07,2022-06-21,0.08148148148148149,628.15,614.25,-0.0018030607221087174
3163,GALAXYSURF,2022-06-07,2022-06-21,0.07777777777777778,2882.4,2950.0,0.001824097202948158
3164,ORIENTELEC,2022-06-07,2022-06-21,0.07407407407407408,270.0,249.05,-0.005747599451303153
3165,OIL,2022-06-07,2022-06-21,0.07037037037037037,186.0,154.67,-0.011853245718837124
3166,KANSAINER,2022-06-07,2022-06-21,0.06666666666666667,274.67,254.9,-0.0047984854552736034
3167,TEAMLEASE,2022-06-07,2022-06-21,0.06296296296296296,3355.0,3075.0,-0.005254733123585581
3168,PGHL,2022-06-07,2022-06-21,0.05925925925925925,4322.1,3951.0,-0.0050880616161382486
3169,HATSUN,2022-06-07,2022-06-21,0.05555555555555554,890.0,850.05,-0.002493757802746569
3170,JYOTHYLAB,2022-06-07,2022-06-21,0.05185185185185183,155.0,154.0,-0.0003345280764635602
3171,ESCORTS,2022-06-07,2022-06-21,0.04814814814814812,1585.0,1485.0,-0.0030377380535109226
3172,GLAXO,2022-06-07,2022-06-21,0.04444444444444441,1507.9,1506.6,-3.831671714157823e-05
3173,THYROCARE,2022-06-07,2022-06-21,0.0407407407407407,667.0,642.0,-0.001527014270642455
3174,ONGC,2022-06-22,2022-07-06,0.09259259259259262,136.95,123.0,-0.009431666058172077
3175,CGCL,2022-06-22,2022-07-06,0.0888888888888889,175.9,176.13,0.00011622765460172563
3176,CHOLAHLDNG,2022-06-22,2022-07-06,0.0851851851851852,610.45,616.0,0.000774474203911498
3177,CIPLA,2022-06-22,2022-07-06,0.08148148148148149,931.0,940.0,0.0007876834944504118
3178,TEAMLEASE,2022-06-22,2022-07-06,0.07777777777777778,2950.0,3350.0,0.010546139359698682
3179,OIL,2022-06-22,2022-07-06,0.07407407407407408,149.8,124.0,-0.012757751075508092
3180,ORIENTELEC,2022-06-22,2022-07-06,0.07037037037037037,251.0,272.95,0.006153902906890952
3181,GLAXO,2022-06-22,2022-07-06,0.06666666666666667,1520.05,1544.95,0.001092069339824352
3182,GALAXYSURF,2022-06-22,2022-07-06,0.06296296296296296,2898.0,2863.0,-0.0007604222580067989
3183,JYOTHYLAB,2022-06-22,2022-07-06,0.05925925925925925,153.7,156.7,0.0011566543772139088
3184,KPIL,2022-06-22,2022-07-06,0.05555555555555554,368.5,355.4,-0.0019749736167646646
3185,THYROCARE,2022-06-22,2022-07-06,0.05185185185185183,620.1,623.0,0.00024249374354195957
3186,PGHL,2022-06-22,2022-07-06,0.04814814814814812,4000.0,4283.0,0.0034064814814814795
3187,ALKEM,2022-06-22,2022-07-06,0.04444444444444441,3090.0,3050.0,-0.0005753326141675651
3188,KANSAINER,2022-06-22,2022-07-06,0.0407407407407407,250.13,247.93,-0.00035833218578190976
3189,ONGC,2022-07-07,2022-07-21,0.09259259259259262,121.25,133.0,0.008972890416189387
3190,OIL,2022-07-07,2022-07-21,0.0888888888888889,116.0,131.7,0.012030651340996162
3191,TEAMLEASE,2022-07-07,2022-07-21,0.0851851851851852,3414.0,3600.0,0.0046410206339907575
3192,CGCL,2022-07-07,2022-07-21,0.08148148148148149,172.5,176.2,0.0017477187332259744
3193,ORIENTELEC,2022-07-07,2022-07-21,0.07777777777777778,280.65,288.1,0.0020646515034542954
3194,CHOLAHLDNG,2022-07-07,2022-07-21,0.07407407407407408,615.0,624.9,0.0011924119241192386
3195,CIPLA,2022-07-07,2022-07-21,0.07037037037037037,950.35,985.0,0.0025657214008873905
3196,GALAXYSURF,2022-07-07,2022-07-21,0.06666666666666667,2887.0,2990.0,0.0023784782357695413
3197,GLAXO,2022-07-07,2022-07-21,0.06296296296296296,1479.9,1502.0,0.0009402537208470001
3198,THYROCARE,2022-07-07,2022-07-21,0.05925925925925925,618.0,624.0,0.0005753326141675656
3199,PGHL,2022-07-07,2022-07-21,0.05555555555555554,4322.0,4403.0,0.0010411846367422485
3200,KPIL,2022-07-07,2022-07-21,0.05185185185185183,356.85,373.95,0.00248470412404838
3201,PFIZER,2022-07-07,2022-07-21,0.04814814814814812,4129.95,4247.0,0.0013646026563858512
3202,NH,2022-07-07,2022-07-21,0.04444444444444441,641.85,683.5,0.002884024477854808
3203,NESTLEIND,2022-07-07,2022-07-21,0.0407407407407407,919.5,930.0,0.000465228687088393
3204,ORIENTELEC,2022-07-26,2022-08-10,0.09259259259259262,287.15,265.35,-0.00702949161942718
3205,ONGC,2022-07-26,2022-08-10,0.0888888888888889,130.85,136.4,0.0037702203540950284
3206,TEAMLEASE,2022-07-26,2022-08-10,0.0851851851851852,3715.0,3202.0,-0.011763122476446838
3207,SFL,2022-07-26,2022-08-10,0.08148148148148149,1442.5,1442.9,2.2594518261767768e-05
3208,OIL,2022-07-26,2022-08-10,0.07777777777777778,126.33,131.73,0.003324625979577292
3209,CGCL,2022-07-26,2022-08-10,0.07407407407407408,179.75,175.0,-0.0019574511924998718
3210,GLAXO,2022-07-26,2022-08-10,0.07037037037037037,1507.95,1455.95,-0.002426644954580231
3211,THYROCARE,2022-07-26,2022-08-10,0.06666666666666667,627.9,635.0,0.0007538355364442345
3212,CHOLAHLDNG,2022-07-26,2022-08-10,0.06296296296296296,620.9,669.9,0.00496889222932064
3213,JYOTHYLAB,2022-07-26,2022-08-10,0.05925925925925925,168.0,185.0,0.005996472663139329
3214,GALAXYSURF,2022-07-26,2022-08-10,0.05555555555555554,3102.0,3157.0,0.0009850275807722613
3215,KPIL,2022-07-26,2022-08-10,0.05185185185185183,372.45,377.0,0.0006334432163402509
3216,PFIZER,2022-07-26,2022-08-10,0.04814814814814812,4171.5,4238.0,0.0007675540817096608
3217,CIPLA,2022-07-26,2022-08-10,0.04444444444444441,959.95,1035.55,0.003500182301161512
3218,CERA,2022-07-26,2022-08-10,0.0407407407407407,4461.7,4810.0,0.003180402088889884
3219,CGCL,2022-08-10,2022-08-23,0.09259259259259262,175.0,165.25,-0.00515873015873016
3220,TEAMLEASE,2022-08-10,2022-08-23,0.0888888888888889,3202.0,3333.5,0.0036504962176417527
3221,ORIENTELEC,2022-08-10,2022-08-23,0.0851851851851852,265.35,262.85,-0.0008025738193441227
3222,SFL,2022-08-10,2022-08-23,0.08148148148148149,1442.9,1486.0,0.0024338844354091374
3223,ONGC,2022-08-10,2022-08-23,0.07777777777777778,136.4,131.9,-0.002565982404692082
3224,OIL,2022-08-10,2022-08-23,0.07407407407407408,131.73,122.97,-0.004925900621641907
3225,GLAXO,2022-08-10,2022-08-23,0.07037037037037037,1455.95,1459.0,0.00014741552225668906
3226,PFIZER,2022-08-10,2022-08-23,0.06666666666666667,4238.0,4163.1,-0.0011782287242409885
3227,CHOLAHLDNG,2022-08-10,2022-08-23,0.06296296296296296,669.9,643.9,-0.0024437035931288804
3228,SANOFI,2022-08-10,2022-08-23,0.05925925925925925,4332.67,4196.67,-0.0018601138003261864
3229,VBL,2022-08-10,2022-08-23,0.05555555555555554,509.975,459.875,-0.005457783878294688
3230,KPIL,2022-08-10,2022-08-23,0.05185185185185183,377.0,356.0,-0.0028882994400235766
3231,GALAXYSURF,2022-08-10,2022-08-23,0.04814814814814812,3157.0,3140.0,-0.0002592709909783079
3232,JYOTHYLAB,2022-08-10,2022-08-23,0.04444444444444441,185.0,177.5,-0.0018018018018018005
3233,CIPLA,2022-08-10,2022-08-23,0.0407407407407407,1035.55,1010.2,-0.0009973229470115138
3234,TEAMLEASE,2022-08-23,2022-09-06,0.09259259259259262,3333.5,3370.0,0.0010138381969790403
3235,SFL,2022-08-23,2022-09-06,0.0888888888888889,1486.0,1665.0,0.010707342605054586
3236,CGCL,2022-08-23,2022-09-06,0.0851851851851852,165.25,183.03,0.009165461982406009
3237,ORIENTELEC,2022-08-23,2022-09-06,0.08148148148148149,262.85,257.0,-0.0018134550757719936
3238,PFIZER,2022-08-23,2022-09-06,0.07777777777777778,4163.1,4277.85,0.0021438351228651726
3239,CHOLAHLDNG,2022-08-23,2022-09-06,0.07407407407407408,643.9,658.0,0.001622060016220603
3240,GLAXO,2022-08-23,2022-09-06,0.07037037037037037,1459.0,1440.15,-0.0009091716802477554
3241,KPIL,2022-08-23,2022-09-06,0.06666666666666667,356.0,415.0,0.011048689138576779
3242,OIL,2022-08-23,2022-09-06,0.06296296296296296,122.97,130.23,0.0037172571449224237
3243,GALAXYSURF,2022-08-23,2022-09-06,0.05925925925925925,3140.0,3260.8,0.0022797829676810596
3244,ONGC,2022-08-23,2022-09-06,0.05555555555555554,131.9,134.1,0.0009266279167719602
3245,JYOTHYLAB,2022-08-23,2022-09-06,0.05185185185185183,177.5,192.5,0.00438184663536776
3246,ALKEM,2022-08-23,2022-09-06,0.04814814814814812,2914.0,3049.8,0.0022438292788327123
3247,COLPAL,2022-08-23,2022-09-06,0.04444444444444441,1590.0,1663.0,0.0020405310971348695
3248,THYROCARE,2022-08-23,2022-09-06,0.0407407407407407,636.0,630.0,-0.00038434661076170476
3249,TEAMLEASE,2022-09-07,2022-09-21,0.09259259259259262,3296.0,3232.25,-0.0017908913160733554
3250,PGHH,2022-09-07,2022-09-21,0.0888888888888889,14238.75,14699.95,0.002879154108019006
3251,GLAXO,2022-09-07,2022-09-21,0.0851851851851852,1428.75,1398.5,-0.001803570849940054
3252,CGCL,2022-09-07,2022-09-21,0.08148148148148149,182.99,184.13,0.0005076172954199016
3253,EMAMILTD,2022-09-07,2022-09-21,0.07777777777777778,493.0,503.5,0.001656524678837052
3254,GALAXYSURF,2022-09-07,2022-09-21,0.07407407407407408,3284.6,3218.0,-0.001501958635247314
3255,PFIZER,2022-09-07,2022-09-21,0.07037037037037037,4344.0,4211.0,-0.0021545256121683377
3256,KPIL,2022-09-07,2022-09-21,0.06666666666666667,429.35,432.9,0.0005512208377003927
3257,ORIENTELEC,2022-09-07,2022-09-21,0.06296296296296296,258.6,270.0,0.0027756294577640224
3258,COLPAL,2022-09-07,2022-09-21,0.05925925925925925,1632.8,1593.95,-0.0014099842125319796
3259,SFL,2022-09-07,2022-09-21,0.05555555555555554,1588.5,1524.975,-0.0022216976182981873
3260,AJANTPHARM,2022-09-07,2022-09-21,0.05185185185185183,1347.5,1289.7,-0.0022241462241462213
3261,CASTROLIND,2022-09-07,2022-09-21,0.04814814814814812,114.0,116.35,0.0009925276153346298
3262,KRBL,2022-09-07,2022-09-21,0.04444444444444441,310.0,364.4,0.007799283154121856
3263,STARHEALTH,2022-09-07,2022-09-21,0.0407407407407407,740.05,713.9,-0.0014395924199315838
3264,GLAXO,2022-09-22,2022-10-06,0.09259259259259262,1410.0,1407.1,-0.00019043866561597658
3265,PGHH,2022-09-22,2022-10-06,0.0888888888888889,14708.85,14009.45,-0.004226631510205683
3266,TEAMLEASE,2022-09-22,2022-10-06,0.0851851851851852,3239.0,3101.0,-0.0036293780659325584
3267,STARHEALTH,2022-09-22,2022-10-06,0.08148148148148149,719.5,717.7,-0.00020384526291405557
3268,CGCL,2022-09-22,2022-10-06,0.07777777777777778,181.38,185.0,0.0015522965903382727
3269,AJANTPHARM,2022-09-22,2022-10-06,0.07407407407407408,1260.0,1289.9,0.001757789535567319
3270,RAJESHEXPO,2022-09-22,2022-10-06,0.07037037037037037,590.0,570.9,-0.0022780916509730098
3271,SFL,2022-09-22,2022-10-06,0.06666666666666667,1535.0,1419.325,-0.00502388707926167
3272,GALAXYSURF,2022-09-22,2022-10-06,0.06296296296296296,3140.0,3068.0,-0.0014437367303609342
3273,INDIGOPNTS,2022-09-22,2022-10-06,0.05925925925925925,1575.0,1504.95,-0.0026356261022927666
3274,COLPAL,2022-09-22,2022-10-06,0.05555555555555554,1594.5,1608.65,0.0004930141806905713
3275,ORIENTELEC,2022-09-22,2022-10-06,0.05185185185185183,275.1,277.0,0.00035811893318254197
3276,ITI,2022-09-22,2022-10-06,0.04814814814814812,108.5,108.6,4.437617340842892e-05
3277,ERIS,2022-09-22,2022-10-06,0.04444444444444441,705.35,747.0,0.0026243866323259497
3278,POLYMED,2022-09-22,2022-10-06,0.0407407407407407,884.0,918.4,0.0015853862912686418
3279,GLAXO,2022-10-11,2022-10-25,0.09259259259259262,1395.25,1373.35,-0.0014533436859184997
3280,STARHEALTH,2022-10-11,2022-10-25,0.0888888888888889,733.0,734.85,0.00022434439896923123
3281,RAJESHEXPO,2022-10-11,2022-10-25,0.0851851851851852,599.9,669.0,0.00981212918202417
3282,PGHH,2022-10-11,2022-10-25,0.08148148148148149,14030.0,13907.05,-0.0007140518993690811
3283,CGCL,2022-10-11,2022-10-25,0.07777777777777778,182.73,191.29,0.0036435055972077815
3284,ORIENTELEC,2022-10-11,2022-10-25,0.07407407407407408,270.1,273.0,0.0007953158638090083
3285,AJANTPHARM,2022-10-11,2022-10-25,0.07037037037037037,1263.9,1248.05,-0.0008824830843978005
3286,EMAMILTD,2022-10-11,2022-10-25,0.06666666666666667,475.6,479.85,0.0005957387160078496
3287,TEAMLEASE,2022-10-11,2022-10-25,0.06296296296296296,3080.95,2900.0,-0.0036979334777091926
3288,INDIGOPNTS,2022-10-11,2022-10-25,0.05925925925925925,1487.0,1465.0,-0.0008767341652345012
3289,ITI,2022-10-11,2022-10-25,0.05555555555555554,108.25,104.45,-0.0019502181164998697
3290,COLPAL,2022-10-11,2022-10-25,0.05185185185185183,1583.0,1600.0,0.0005568423761727612
3291,SFL,2022-10-11,2022-10-25,0.04814814814814812,1325.0,1362.275,0.001354507337526208
3292,LALPATHLAB,2022-10-11,2022-10-25,0.04444444444444441,2360.0,2576.5,0.004077212806026362
3293,BRITANNIA,2022-10-11,2022-10-25,0.0407407407407407,3816.85,3804.0,-0.0001371598356022674
3294,GLAXO,2022-10-25,2022-11-09,0.09259259259259262,1373.35,1345.0,-0.001911384570575594
3295,RAJESHEXPO,2022-10-25,2022-11-09,0.0888888888888889,669.0,770.3,0.013459558212921437
3296,ORIENTELEC,2022-10-25,2022-11-09,0.0851851851851852,273.0,263.75,-0.0028863112196445533
3297,TEAMLEASE,2022-10-25,2022-11-09,0.08148148148148149,2900.0,2851.9,-0.0013514687100893972
3298,STARHEALTH,2022-10-25,2022-11-09,0.07777777777777778,734.85,708.0,-0.0028418498106189496
3299,AJANTPHARM,2022-10-25,2022-11-09,0.07407407407407408,1248.05,1252.4,0.00025818053941927997
3300,BRITANNIA,2022-10-25,2022-11-09,0.07037037037037037,3804.0,4140.0,0.006215679401799276
3301,PGHH,2022-10-25,2022-11-09,0.06666666666666667,13907.05,14090.0,0.0008770132175167786
3302,INDIGOPNTS,2022-10-25,2022-11-09,0.06296296296296296,1465.0,1350.25,-0.004931740614334471
3303,ITI,2022-10-25,2022-11-09,0.05925925925925925,104.45,111.0,0.0037161143910784864
3304,CRISIL,2022-10-25,2022-11-09,0.05555555555555554,2968.15,2898.35,-0.0013064628734322007
3305,CGCL,2022-10-25,2022-11-09,0.05185185185185183,191.29,190.0,-0.0003496726900982197
3306,SFL,2022-10-25,2022-11-09,0.04814814814814812,1362.275,1453.0,0.003206577776690267
3307,GALAXYSURF,2022-10-25,2022-11-09,0.04444444444444441,2910.0,2817.25,-0.0014165712103856422
3308,NH,2022-10-25,2022-11-09,0.0407407407407407,727.85,742.0,0.0007920333605570928
3309,GLAXO,2022-11-09,2022-11-22,0.09259259259259262,1345.0,1311.25,-0.002323420074349443
3310,RAJESHEXPO,2022-11-09,2022-11-22,0.0888888888888889,770.3,733.45,-0.004252311509224391
3311,CRISIL,2022-11-09,2022-11-22,0.0851851851851852,2898.35,2998.0,0.0029288055975654126
3312,AJANTPHARM,2022-11-09,2022-11-22,0.08148148148148149,1252.4,1226.1,-0.001711085087003336
3313,INDIGOPNTS,2022-11-09,2022-11-22,0.07777777777777778,1350.25,1339.0,-0.0006480281429364932
3314,CGCL,2022-11-09,2022-11-22,0.07407407407407408,190.0,186.83,-0.0012358674463937575
3315,PGHH,2022-11-09,2022-11-22,0.07037037037037037,14090.0,13980.0,-0.0005493783350419263
3316,ITI,2022-11-09,2022-11-22,0.06666666666666667,111.0,109.45,-0.0009309309309309292
3317,TEAMLEASE,2022-11-09,2022-11-22,0.06296296296296296,2851.9,2545.95,-0.006754626220596281
3318,ORIENTELEC,2022-11-09,2022-11-22,0.05925925925925925,263.75,277.7,0.0031342812006319087
3319,GODREJAGRO,2022-11-09,2022-11-22,0.05555555555555554,492.05,462.85,-0.0032968645914484727
3320,LALPATHLAB,2022-11-09,2022-11-22,0.05185185185185183,2550.0,2440.0,-0.00223674655047204
3321,POLYMED,2022-11-09,2022-11-22,0.04814814814814812,968.95,971.05,0.00010435121637969623
3322,STARHEALTH,2022-11-09,2022-11-22,0.04444444444444441,708.0,626.95,-0.005087884494664149
3323,GALAXYSURF,2022-11-09,2022-11-22,0.0407407407407407,2817.25,2902.55,0.001233538090402055
3324,ITI,2022-11-23,2022-12-07,0.09259259259259262,108.9,114.8,0.005016494915484808
3325,CRISIL,2022-11-23,2022-12-07,0.0888888888888889,2980.0,2847.1,-0.0039642058165548135
3326,GLAXO,2022-11-23,2022-12-07,0.0851851851851852,1310.0,1328.0,0.0011704834605597966
3327,RAJESHEXPO,2022-11-23,2022-12-07,0.08148148148148149,728.7,731.9,0.000357816304021868
3328,CGCL,2022-11-23,2022-12-07,0.07777777777777778,185.56,193.0,0.0031184881799238336
3329,INDIGOPNTS,2022-11-23,2022-12-07,0.07407407407407408,1328.0,1342.0,0.000780901383311022
3330,AJANTPHARM,2022-11-23,2022-12-07,0.07037037037037037,1222.5,1241.2,0.0010764220252972836
3331,NH,2022-11-23,2022-12-07,0.06666666666666667,753.85,755.7,0.00016360460745948777
3332,TEAMLEASE,2022-11-23,2022-12-07,0.06296296296296296,2572.5,2509.0,-0.0015541878126912139
3333,LALPATHLAB,2022-11-23,2022-12-07,0.05925925925925925,2428.55,2465.3,0.000896739938555013
3334,ZYDUSWELL,2022-11-23,2022-12-07,0.05555555555555554,1570.0,1614.8,0.0015852795470629845
3335,ORIENTELEC,2022-11-23,2022-12-07,0.05185185185185183,279.5,274.95,-0.0008440999138673575
3336,PGHH,2022-11-23,2022-12-07,0.04814814814814812,13952.95,14258.0,0.0010526514172696489
3337,POLYMED,2022-11-23,2022-12-07,0.04444444444444441,945.3,963.0,0.0008321873126697008
3338,EMAMILTD,2022-11-23,2022-12-07,0.0407407407407407,434.8,449.9,0.0014148693311526752
3339,CRISIL,2022-12-08,2022-12-22,0.09259259259259262,2841.7,2830.0,-0.0003812271996809364
3340,ITI,2022-12-08,2022-12-22,0.0888888888888889,114.6,106.9,-0.005972464611208059
3341,GLAXO,2022-12-08,2022-12-22,0.0851851851851852,1341.0,1345.1,0.00026044687491368496
3342,CGCL,2022-12-08,2022-12-22,0.08148148148148149,192.35,186.58,-0.0024442326391897412
3343,NH,2022-12-08,2022-12-22,0.07777777777777778,753.45,767.0,0.0013987509309030264
3344,RAJESHEXPO,2022-12-08,2022-12-22,0.07407407407407408,696.2,742.1,0.004883654122378625
3345,POLYMED,2022-12-08,2022-12-22,0.07037037037037037,944.0,900.7,-0.0032277934714375358
3346,INDIGOPNTS,2022-12-08,2022-12-22,0.06666666666666667,1332.5,1318.1,-0.0007204502814258957
3347,AJANTPHARM,2022-12-08,2022-12-22,0.06296296296296296,1245.4,1160.1,-0.004312462454424884
3348,ORIENTELEC,2022-12-08,2022-12-22,0.05925925925925925,276.5,276.45,-1.0715960083051124e-05
3349,FINEORG,2022-12-08,2022-12-22,0.05555555555555554,6055.0,5710.0,-0.0031654280209193492
3350,GALAXYSURF,2022-12-08,2022-12-22,0.05185185185185183,2756.95,2611.0,-0.002744981874091937
3351,WESTLIFE,2022-12-08,2022-12-22,0.04814814814814812,775.8,760.8,-0.0009309386726246736
3352,VIPIND,2022-12-08,2022-12-22,0.04444444444444441,712.0,690.5,-0.0013420724094881389
3353,PGHH,2022-12-08,2022-12-22,0.0407407407407407,14400.0,13998.8,-0.0011350823045267499
3354,AJANTPHARM,2022-12-27,2023-01-10,0.09259259259259262,1186.0,1182.25,-0.0002927674723627507
3355,GLAXO,2022-12-27,2023-01-10,0.0888888888888889,1337.6,1304.7,-0.002186337054758099
3356,VIJAYA,2022-12-27,2023-01-10,0.0851851851851852,435.0,395.4,-0.0077547892720306565
3357,CGCL,2022-12-27,2023-01-10,0.08148148148148149,188.0,189.95,0.0008451536643025955
3358,POLYMED,2022-12-27,2023-01-10,0.07777777777777778,887.95,926.0,0.003332895370735335
3359,CRISIL,2022-12-27,2023-01-10,0.07407407407407408,2791.0,2955.0,0.004352614886473719
3360,SUVENPHAR,2022-12-27,2023-01-10,0.07037037037037037,483.0,495.1,0.0017629016179740852
3361,LALPATHLAB,2022-12-27,2023-01-10,0.06666666666666667,2294.85,2234.95,-0.0017401282582013376
3362,THYROCARE,2022-12-27,2023-01-10,0.06296296296296296,625.0,572.0,-0.005339259259259259
3363,PGHH,2022-12-27,2023-01-10,0.05925925925925925,14055.0,14054.7,-1.2648721293301071e-06
3364,RATNAMANI,2022-12-27,2023-01-10,0.05555555555555554,1919.8,1992.0,0.0020893380097463865
3365,TEAMLEASE,2022-12-27,2023-01-10,0.05185185185185183,2540.6,2500.2,-0.0008245354698948353
3366,INDIGOPNTS,2022-12-27,2023-01-10,0.04814814814814812,1271.05,1287.2,0.0006117718363499442
3367,KIMS,2022-12-27,2023-01-10,0.04444444444444441,1505.5,1497.0,-0.00025093176869995186
3368,SANOFI,2022-12-27,2023-01-10,0.0407407407407407,3886.93,3780.0,-0.0011207836023307332
3369,AJANTPHARM,2023-01-10,2023-01-24,0.09259259259259262,1182.25,1186.1,0.00030152800294478587
3370,GLAXO,2023-01-10,2023-01-24,0.0888888888888889,1304.7,1283.65,-0.0014341313030666876
3371,THYROCARE,2023-01-10,2023-01-24,0.0851851851851852,572.0,557.2,-0.0022040922040921975
3372,CGCL,2023-01-10,2023-01-24,0.08148148148148149,189.95,192.51,0.001098144735944158
3373,POLYMED,2023-01-10,2023-01-24,0.07777777777777778,926.0,870.0,-0.004703623710103192
3374,CRISIL,2023-01-10,2023-01-24,0.07407407407407408,2955.0,2990.75,0.0008961584257692549
3375,PGHH,2023-01-10,2023-01-24,0.07037037037037037,14054.7,13565.0,-0.002451875199781598
3376,LALPATHLAB,2023-01-10,2023-01-24,0.06666666666666667,2234.95,2150.0,-0.002533986591795486
3377,VIJAYA,2023-01-10,2023-01-24,0.06296296296296296,395.4,412.55,0.002730942880158869
3378,INDIGOPNTS,2023-01-10,2023-01-24,0.05925925925925925,1287.2,1239.9,-0.002177566006030888
3379,SYNGENE,2023-01-10,2023-01-24,0.05555555555555554,600.7,603.0,0.00021271479570130714
3380,RATNAMANI,2023-01-10,2023-01-24,0.05185185185185183,1992.0,1969.9,-0.0005752640190391168
3381,SUVENPHAR,2023-01-10,2023-01-24,0.04814814814814812,495.1,492.5,-0.0002528482835491541
3382,TEAMLEASE,2023-01-10,2023-01-24,0.04444444444444441,2500.2,2413.1,-0.001548320578798138
3383,3MINDIA,2023-01-10,2023-01-24,0.0407407407407407,22825.0,22756.1,-0.0001229808121374411
3384,AJANTPHARM,2023-01-24,2023-02-07,0.09259259259259262,1186.1,1160.0,-0.002037489812550931
3385,GLAXO,2023-01-24,2023-02-07,0.0888888888888889,1283.65,1239.9,-0.003029555477652701
3386,LALPATHLAB,2023-01-24,2023-02-07,0.0851851851851852,2150.0,1967.3,-0.007238759689922484
3387,CGCL,2023-01-24,2023-02-07,0.08148148148148149,192.51,187.98,-0.0019173607143063282
3388,CRISIL,2023-01-24,2023-02-07,0.07777777777777778,2990.75,3148.1,0.004092061634484102
3389,POLYMED,2023-01-24,2023-02-07,0.07407407407407408,870.0,835.0,-0.0029799914857386125
3390,THYROCARE,2023-01-24,2023-02-07,0.07037037037037037,557.2,500.0,-0.0072239504400308475
3391,TEAMLEASE,2023-01-24,2023-02-07,0.06666666666666667,2413.1,2399.0,-0.00038954042517922756
3392,PGHH,2023-01-24,2023-02-07,0.06296296296296296,13565.0,13700.05,0.0006268446847141984
3393,STARHEALTH,2023-01-24,2023-02-07,0.05925925925925925,525.0,525.7,7.901234567901746e-05
3394,3MINDIA,2023-01-24,2023-02-07,0.05555555555555554,22756.1,22677.95,-0.00019079133360578237
3395,SYNGENE,2023-01-24,2023-02-07,0.05185185185185183,603.0,563.0,-0.0034395921626435705
3396,FINEORG,2023-01-24,2023-02-07,0.04814814814814812,5310.75,4681.0,-0.005709418876109077
3397,VIJAYA,2023-01-24,2023-02-07,0.04444444444444441,412.55,429.6,0.0018368143928682045
3398,INDIGOPNTS,2023-01-24,2023-02-07,0.0407407407407407,1239.9,1151.1,-0.0029177980303071067
3399,AJANTPHARM,2023-02-08,2023-02-22,0.09259259259259262,1190.0,1215.15,0.001956893868658582
3400,GLAXO,2023-02-08,2023-02-22,0.0888888888888889,1242.15,1281.35,0.002805172035941254
3401,LALPATHLAB,2023-02-08,2023-02-22,0.0851851851851852,1928.0,1980.7,0.002328453972644846
3402,CRISIL,2023-02-08,2023-02-22,0.08148148148148149,3190.0,3280.0,0.002298850574712644
3403,PGHH,2023-02-08,2023-02-22,0.07777777777777778,13626.0,13675.0,0.0002796940489586901
3404,GLAND,2023-02-08,2023-02-22,0.07407407407407408,1310.0,1337.0,0.0015267175572519088
3405,POLYMED,2023-02-08,2023-02-22,0.07037037037037037,866.05,939.95,0.0060046999253742595
3406,VIJAYA,2023-02-08,2023-02-22,0.06666666666666667,434.85,389.7,-0.006921927101299304
3407,FINEORG,2023-02-08,2023-02-22,0.06296296296296296,4998.95,5000.0,1.3224999472113656e-05
3408,SUVENPHAR,2023-02-08,2023-02-22,0.05925925925925925,486.25,480.1,-0.0007495001428163352
3409,NH,2023-02-08,2023-02-22,0.05555555555555554,731.5,738.0,0.0004936583883952304
3410,CGCL,2023-02-08,2023-02-22,0.05185185185185183,188.44,175.78,-0.0034835727257718314
3411,THYROCARE,2023-02-08,2023-02-22,0.04814814814814812,489.95,478.5,-0.001125209299512798
3412,DIVISLAB,2023-02-08,2023-02-22,0.04444444444444441,2757.95,2915.6,0.002540534334076639
3413,INDIGOPNTS,2023-02-08,2023-02-22,0.0407407407407407,1148.0,1065.0,-0.002945541360175504
3414,AJANTPHARM,2023-02-23,2023-03-09,0.09259259259259262,1204.05,1232.05,0.0021532266870915606
3415,GLAXO,2023-02-23,2023-03-09,0.0888888888888889,1293.95,1284.8,-0.0006285662763888416
3416,LALPATHLAB,2023-02-23,2023-03-09,0.0851851851851852,1939.8,1911.0,-0.0012647351960683212
3417,GLAND,2023-02-23,2023-03-09,0.08148148148148149,1326.65,1263.2,-0.003897033882335208
3418,NH,2023-02-23,2023-03-09,0.07777777777777778,741.45,785.3,0.0045998456477922296
3419,CRISIL,2023-02-23,2023-03-09,0.07407407407407408,3193.35,3385.75,0.004462978330546874
3420,THYROCARE,2023-02-23,2023-03-09,0.07037037037037037,473.7,469.8,-0.0005793634039359149
3421,PGHH,2023-02-23,2023-03-09,0.06666666666666667,13569.0,13919.6,0.0017225538605153922
3422,POLYMED,2023-02-23,2023-03-09,0.06296296296296296,956.95,975.45,0.001217215961977966
3423,STARHEALTH,2023-02-23,2023-03-09,0.05925925925925925,564.0,580.25,0.0017073811400052533
3424,CGCL,2023-02-23,2023-03-09,0.05555555555555554,176.0,168.25,-0.002446338383838383
3425,DIVISLAB,2023-02-23,2023-03-09,0.05185185185185183,2920.55,2838.45,-0.0014576148455041186
3426,SANOFI,2023-02-23,2023-03-09,0.04814814814814812,3617.3,3840.0,0.002964253059628059
3427,SUVENPHAR,2023-02-23,2023-03-09,0.04444444444444441,478.85,477.25,-0.00014850393883494219
3428,VIJAYA,2023-02-23,2023-03-09,0.0407407407407407,389.6,415.4,0.0026979237964864173
3429,GLAXO,2023-03-14,2023-03-28,0.09259259259259262,1296.0,1261.1,-0.00249342706904436
3430,AJANTPHARM,2023-03-14,2023-03-28,0.0888888888888889,1225.15,1179.9,-0.0032830447065438704
3431,THYROCARE,2023-03-14,2023-03-28,0.0851851851851852,468.0,427.6,-0.007353592909148461
3432,LALPATHLAB,2023-03-14,2023-03-28,0.08148148148148149,1833.35,1838.2,0.0002155535959774164
3433,SANOFI,2023-03-14,2023-03-28,0.07777777777777778,3843.3,3756.0,-0.0017667108994874232
3434,CRISIL,2023-03-14,2023-03-28,0.07407407407407408,3293.95,3088.3,-0.004624640123053874
3435,VIJAYA,2023-03-14,2023-03-28,0.07037037037037037,407.0,435.0,0.004841204841204842
3436,DIVISLAB,2023-03-14,2023-03-28,0.06666666666666667,2780.05,2838.15,0.0013932603130639115
3437,GLAND,2023-03-14,2023-03-28,0.06296296296296296,1157.0,1268.3,0.006056852011908189
3438,SUVENPHAR,2023-03-14,2023-03-28,0.05925925925925925,470.95,467.65,-0.00041523634261717
3439,FINEORG,2023-03-14,2023-03-28,0.05555555555555554,4349.95,4204.6,-0.0018563431763583414
3440,3MINDIA,2023-03-14,2023-03-28,0.05185185185185183,23743.75,22751.0,-0.0021679779279147526
3441,NH,2023-03-14,2023-03-28,0.04814814814814812,799.0,743.95,-0.003317341120845497
3442,STARHEALTH,2023-03-14,2023-03-28,0.04444444444444441,564.65,541.6,-0.001814299910465672
3443,PGHH,2023-03-14,2023-03-28,0.0407407407407407,13675.0,13738.95,0.00019052068521904187
3444,SUVENPHAR,2023-03-28,2023-04-11,0.09259259259259262,467.65,468.0,6.929842276790232e-05
3445,AJANTPHARM,2023-03-28,2023-04-11,0.0888888888888889,1179.9,1297.6,0.00886704146302416
3446,GLAXO,2023-03-28,2023-04-11,0.0851851851851852,1261.1,1291.4,0.0020467140679653693
3447,CRISIL,2023-03-28,2023-04-11,0.08148148148148149,3088.3,3381.0,0.007722575407062013
3448,GLAND,2023-03-28,2023-04-11,0.07777777777777778,1268.3,1261.2,-0.00043540347096287564
3449,THYROCARE,2023-03-28,2023-04-11,0.07407407407407408,427.6,482.2,0.009458476249870071
3450,SANOFI,2023-03-28,2023-04-11,0.07037037037037037,3756.0,4023.33,0.005008549284108389
3451,TIMKEN,2023-03-28,2023-04-11,0.06666666666666667,2761.0,2922.0,0.0038874803815042856
3452,LALPATHLAB,2023-03-28,2023-04-11,0.06296296296296296,1838.2,1868.0,0.0010207247831010191
3453,RATNAMANI,2023-03-28,2023-04-11,0.05925925925925925,2053.4,2076.3,0.0006608732039724564
3454,BAYERCROP,2023-03-28,2023-04-11,0.05555555555555554,3984.0,4125.5,0.0019731704596162424
3455,CGCL,2023-03-28,2023-04-11,0.05185185185185183,143.1,146.26,0.0011450164350234216
3456,MARICO,2023-03-28,2023-04-11,0.04814814814814812,480.0,480.5,5.015432098765429e-05
3457,GRINFRA,2023-03-28,2023-04-11,0.04444444444444441,985.0,1020.3,0.0015927805978567368
3458,DABUR,2023-03-28,2023-04-11,0.0407407407407407,539.0,523.7,-0.001156462585034009
3459,AJANTPHARM,2023-04-11,2023-04-25,0.09259259259259262,1297.6,1290.3,-0.0005209046901401988
3460,SUVENPHAR,2023-04-11,2023-04-25,0.0888888888888889,468.0,470.55,0.00048433048433048657
3461,CRISIL,2023-04-11,2023-04-25,0.0851851851851852,3381.0,3365.0,-0.0004031242126480222
3462,DIVISLAB,2023-04-11,2023-04-25,0.08148148148148149,2909.7,3198.0,0.008073379080699428
3463,MAXHEALTH,2023-04-11,2023-04-25,0.07777777777777778,443.0,447.0,0.0007022824178580387
3464,SANOFI,2023-04-11,2023-04-25,0.07407407407407408,4023.33,4000.0,-0.00042953179285520773
3465,VIJAYA,2023-04-11,2023-04-25,0.07037037037037037,395.45,365.1,-0.0054007857902155475
3466,GLAND,2023-04-11,2023-04-25,0.06666666666666667,1261.2,1321.2,0.003171582619727244
3467,TIMKEN,2023-04-11,2023-04-25,0.06296296296296296,2922.0,2960.0,0.000818820189114508
3468,AARTIDRUGS,2023-04-11,2023-04-25,0.05925925925925925,407.9,420.0,0.0017578745698382896
3469,GLAXO,2023-04-11,2023-04-25,0.05555555555555554,1291.4,1248.1,-0.0018627501591726534
3470,RATNAMANI,2023-04-11,2023-04-25,0.05185185185185183,2076.3,2160.0,0.0020902567066416163
3471,3MINDIA,2023-04-11,2023-04-25,0.04814814814814812,22846.0,22382.95,-0.0009758819924713276
3472,BAJAJELEC,2023-04-11,2023-04-25,0.04444444444444441,1057.9,1085.05,0.001140624507672426
3473,PGHH,2023-04-11,2023-04-25,0.0407407407407407,14145.15,13893.8,-0.0007239361325390816
3474,AJANTPHARM,2023-04-26,2023-05-10,0.09259259259259262,1296.0,1284.9,-0.0007930384087791433
3475,SUVENPHAR,2023-04-26,2023-05-10,0.0888888888888889,471.35,477.0,0.0010654974482278993
3476,VIJAYA,2023-04-26,2023-05-10,0.0851851851851852,358.85,365.1,0.001483648899003504
3477,SANOFI,2023-04-26,2023-05-10,0.08148148148148149,3997.33,3760.0,-0.004837729184230473
3478,DIVISLAB,2023-04-26,2023-05-10,0.07777777777777778,3202.4,3400.0,0.004799178393982289
3479,TIMKEN,2023-04-26,2023-05-10,0.07407407407407408,2922.2,3128.7,0.005234513823932756
3480,GLAXO,2023-04-26,2023-05-10,0.07037037037037037,1246.05,1280.0,0.0019173179840889832
3481,RATNAMANI,2023-04-26,2023-05-10,0.06666666666666667,2165.0,2271.05,0.003265588914549659
3482,AARTIDRUGS,2023-04-26,2023-05-10,0.06296296296296296,423.0,437.5,0.0021583048769809998
3483,3MINDIA,2023-04-26,2023-05-10,0.05925925925925925,22296.2,24098.95,0.004791382819925799
3484,BAJAJELEC,2023-04-26,2023-05-10,0.05555555555555554,1079.95,1184.95,0.00540148463663441
3485,CRISIL,2023-04-26,2023-05-10,0.05185185185185183,3385.0,3494.5,0.0016773346463154432
3486,GLAND,2023-04-26,2023-05-10,0.04814814814814812,1349.7,1395.95,0.0016498865317121217
3487,COLPAL,2023-04-26,2023-05-10,0.04444444444444441,1568.05,1584.0,0.00045208308975408333
3488,BLUEDART,2023-04-26,2023-05-10,0.0407407407407407,5985.0,5764.0,-0.001504378229524427
3489,SUVENPHAR,2023-05-11,2023-05-25,0.09259259259259262,474.1,471.9,-0.00042966400274985857
3490,AJANTPHARM,2023-05-11,2023-05-25,0.0888888888888889,1275.0,1295.0,0.0013943355119825712
3491,SANOFI,2023-05-11,2023-05-25,0.0851851851851852,3836.67,4269.07,0.009600532251685457
3492,VIJAYA,2023-05-11,2023-05-25,0.08148148148148149,370.15,373.35,0.0007044191293819925
3493,DIVISLAB,2023-05-11,2023-05-25,0.07777777777777778,3410.0,3371.05,-0.00088840013033561
3494,TCNSBRANDS,2023-05-11,2023-05-25,0.07407407407407408,403.5,412.5,0.0016522098306484924
3495,GLAXO,2023-05-11,2023-05-25,0.07037037037037037,1285.95,1301.1,0.0008290455391820068
3496,RATNAMANI,2023-05-11,2023-05-25,0.06666666666666667,2528.0,2309.9,-0.00575158227848101
3497,AAVAS,2023-05-11,2023-05-25,0.06296296296296296,1505.0,1395.0,-0.004601944136827857
3498,AARTIDRUGS,2023-05-11,2023-05-25,0.05925925925925925,452.0,448.5,-0.0004588659455916092
3499,GLAND,2023-05-11,2023-05-25,0.05555555555555554,1410.0,943.0,-0.018400315208825842
3500,TIINDIA,2023-05-11,2023-05-25,0.05185185185185183,2728.95,2669.95,-0.0011210389561037242
3501,TIMKEN,2023-05-11,2023-05-25,0.04814814814814812,3141.7,3120.05,-0.0003317972458883373
3502,RADICO,2023-05-11,2023-05-25,0.04444444444444441,1122.0,1144.5,0.0008912655971479494
3503,PGHH,2023-05-11,2023-05-25,0.0407407407407407,13506.0,13530.0,7.239580762459476e-05
3504,SUVENPHAR,2023-05-30,2023-06-13,0.09259259259259262,476.45,477.95,0.0002915077949184362
3505,AJANTPHARM,2023-05-30,2023-06-13,0.0888888888888889,1291.9,1445.0,0.010534011060367584
3506,SANOFI,2023-05-30,2023-06-13,0.0851851851851852,4543.3,4573.33,0.0005630513307752273
3507,GLAND,2023-05-30,2023-06-13,0.08148148148148149,912.75,966.0,0.00475364435923187
3508,VIJAYA,2023-05-30,2023-06-13,0.07777777777777778,392.2,389.0,-0.0006345968610119531
3509,TCNSBRANDS,2023-05-30,2023-06-13,0.07407407407407408,411.25,420.25,0.0016210739614994935
3510,ACI,2023-05-30,2023-06-13,0.07037037037037037,549.8,580.15,0.0038845775568220123
3511,GLAXO,2023-05-30,2023-06-13,0.06666666666666667,1304.1,1389.55,0.0043682744165835985
3512,AAVAS,2023-05-30,2023-06-13,0.06296296296296296,1390.0,1344.0,-0.0020836664002131626
3513,DIVISLAB,2023-05-30,2023-06-13,0.05925925925925925,3477.0,3438.45,-0.0006570159460582268
3514,RATNAMANI,2023-05-30,2023-06-13,0.05555555555555554,2345.6,2301.85,-0.001036219114749128
3515,TIINDIA,2023-05-30,2023-06-13,0.05185185185185183,2881.0,2849.0,-0.0005759317109542724
3516,AARTIDRUGS,2023-05-30,2023-06-13,0.04814814814814812,443.85,468.75,0.0027011127382874553
3517,PGHH,2023-05-30,2023-06-13,0.04444444444444441,13582.75,13925.3,0.0011208661312653476
3518,SUNPHARMA,2023-05-30,2023-06-13,0.0407407407407407,965.0,990.0,0.0010554596046824015
3519,SUVENPHAR,2023-06-13,2023-06-27,0.09259259259259262,477.95,488.0,0.0019469726028989577
3520,GLAND,2023-06-13,2023-06-27,0.0888888888888889,966.0,1025.65,0.005488842880147237
3521,AJANTPHARM,2023-06-13,2023-06-27,0.0851851851851852,1445.0,1479.4,0.0020279379725746567
3522,SANOFI,2023-06-13,2023-06-27,0.08148148148148149,4573.33,4634.0,0.0010809369718523456
3523,VIJAYA,2023-06-13,2023-06-27,0.07777777777777778,389.0,475.0,0.017195087117966294
3524,TCNSBRANDS,2023-06-13,2023-06-27,0.07407407407407408,420.25,414.95,-0.0009341882036706567
3525,DIVISLAB,2023-06-13,2023-06-27,0.07037037037037037,3438.45,3535.0,0.0019759656994457597
3526,AAVAS,2023-06-13,2023-06-27,0.06666666666666667,1344.0,1477.0,0.006597222222222222
3527,GLAXO,2023-06-13,2023-06-27,0.06296296296296296,1389.55,1447.0,0.002603160895413785
3528,ACI,2023-06-13,2023-06-27,0.05925925925925925,580.15,538.9,-0.0042134696965344205
3529,RATNAMANI,2023-06-13,2023-06-27,0.05555555555555554,2301.85,2343.7,0.0010100571279622887
3530,AARTIDRUGS,2023-06-13,2023-06-27,0.05185185185185183,468.75,452.0,-0.0018528395061728387
3531,PGHH,2023-06-13,2023-06-27,0.04814814814814812,13925.3,14525.0,0.0020735240493522196
3532,TIINDIA,2023-06-13,2023-06-27,0.04444444444444441,2849.0,3189.0,0.0053040053040053
3533,BAYERCROP,2023-06-13,2023-06-27,0.0407407407407407,4259.9,4332.9,0.0006981558426428018
3534,GLAND,2023-06-27,2023-07-11,0.09259259259259262,1025.65,1092.0,0.005989878144121787
3535,ACI,2023-06-27,2023-07-11,0.0888888888888889,538.9,537.0,-0.0003133956000907161
3536,TIINDIA,2023-06-27,2023-07-11,0.0851851851851852,3189.0,3141.05,-0.0012808496800343727
3537,TCNSBRANDS,2023-06-27,2023-07-11,0.08148148148148149,414.95,420.7,0.0011290963212881517
3538,SANOFI,2023-06-27,2023-07-11,0.07777777777777778,4634.0,4623.3,-0.000179590466599527
3539,RADICO,2023-06-27,2023-07-11,0.07407407407407408,1202.85,1355.0,0.009369722218373348
3540,ARE&M,2023-06-27,2023-07-11,0.07037037037037037,646.0,693.05,0.005125272331154679
3541,AAVAS,2023-06-27,2023-07-11,0.06666666666666667,1477.0,1554.8,0.003511622658542088
3542,SUVENPHAR,2023-06-27,2023-07-11,0.06296296296296296,488.0,485.5,-0.0003225561627200971
3543,ZYDUSWELL,2023-06-27,2023-07-11,0.05925925925925925,1495.0,1476.6,-0.0007293447293447328
3544,PAGEIND,2023-06-27,2023-07-11,0.05555555555555554,37995.9,36589.95,-0.002055704255810062
3545,ORIENTELEC,2023-06-27,2023-07-11,0.05185185185185183,237.0,259.75,0.004977340209407718
3546,KAJARIACER,2023-06-27,2023-07-11,0.04814814814814812,1270.0,1265.9,-0.000155438903470396
3547,AIAENG,2023-06-27,2023-07-11,0.04444444444444441,3319.05,3193.0,-0.0016878993152324385
3548,GODREJCP,2023-06-27,2023-07-11,0.0407407407407407,1037.5,1057.7,0.0007932173136992424
3549,TIINDIA,2023-07-12,2023-07-26,0.09259259259259262,3181.0,3144.75,-0.001055165508167709
3550,TCNSBRANDS,2023-07-12,2023-07-26,0.0888888888888889,421.6,417.9,-0.0007800969850305811
3551,ACI,2023-07-12,2023-07-26,0.0851851851851852,537.0,528.0,-0.0014276846679081318
3552,GLAND,2023-07-12,2023-07-26,0.08148148148148149,1110.0,1231.95,0.008951951951951956
3553,SANOFI,2023-07-12,2023-07-26,0.07777777777777778,4626.0,4602.53,-0.00039460537061056293
3554,OLECTRA,2023-07-12,2023-07-26,0.07407407407407408,1323.05,1075.0,-0.013887664165431446
3555,MAXHEALTH,2023-07-12,2023-07-26,0.07037037037037037,621.0,614.2,-0.0007705612214468846
3556,AIAENG,2023-07-12,2023-07-26,0.06666666666666667,3343.15,3505.0,0.0032274950271450557
3557,CERA,2023-07-12,2023-07-26,0.06296296296296296,7272.75,7878.0,0.005239879458710024
3558,ZYDUSWELL,2023-07-12,2023-07-26,0.05925925925925925,1472.65,1470.0,-0.00010663568195908218
3559,SUVENPHAR,2023-07-12,2023-07-26,0.05555555555555554,484.85,487.25,0.00027499914062768284
3560,AAVAS,2023-07-12,2023-07-26,0.05185185185185183,1574.7,1625.0,0.00165628256058179
3561,KAJARIACER,2023-07-12,2023-07-26,0.04814814814814812,1281.0,1455.0,0.006540029490849159
3562,ORIENTELEC,2023-07-12,2023-07-26,0.04444444444444441,258.1,231.55,-0.004571871367686942
3563,BIKAJI,2023-07-12,2023-07-26,0.0407407407407407,408.4,489.05,0.00804539848369427
3564,TCNSBRANDS,2023-07-27,2023-08-10,0.09259259259259262,418.1,438.4,0.0044956460885664335
3565,ACI,2023-07-27,2023-08-10,0.0888888888888889,528.95,518.5,-0.0017560996103391493
3566,TIINDIA,2023-07-27,2023-08-10,0.0851851851851852,3115.0,2927.0,-0.005141192556922894
3567,SANOFI,2023-07-27,2023-08-10,0.08148148148148149,4606.1,4876.63,0.004785650590561465
3568,OLECTRA,2023-07-27,2023-08-10,0.07777777777777778,1225.55,1077.7,-0.00938308877193459
3569,CERA,2023-07-27,2023-08-10,0.07407407407407408,7792.5,8319.0,0.005004812319538018
3570,GLAND,2023-07-27,2023-08-10,0.07037037037037037,1198.4,1685.0,0.028573282895712798
3571,BIKAJI,2023-07-27,2023-08-10,0.06666666666666667,475.1,493.4,0.0025678804462218414
3572,ZYDUSWELL,2023-07-27,2023-08-10,0.06296296296296296,1470.1,1560.0,0.003850330161465462
3573,ORIENTELEC,2023-07-27,2023-08-10,0.05925925925925925,232.55,240.0,0.001898436815658915
3574,AETHER,2023-07-27,2023-08-10,0.05555555555555554,1018.95,1064.75,0.00249712394567392
3575,PAGEIND,2023-07-27,2023-08-10,0.05185185185185183,37770.0,39050.0,0.0017572245266182244
3576,POLYMED,2023-07-27,2023-08-10,0.04814814814814812,1152.55,1473.95,0.01342658870748758
3577,SUVENPHAR,2023-07-27,2023-08-10,0.04444444444444441,491.3,492.45,0.00010403238573399156
3578,MAXHEALTH,2023-07-27,2023-08-10,0.0407407407407407,609.8,549.95,-0.003998578768995289
3579,TIINDIA,2023-08-16,2023-08-29,0.09259259259259262,2882.75,2878.55,-0.0001349020514747627
3580,POLYMED,2023-08-16,2023-08-29,0.0888888888888889,1455.05,1440.65,-0.0008796948558468699
3581,OLECTRA,2023-08-16,2023-08-29,0.0851851851851852,1125.0,1209.0,0.006360493827160495
3582,ACI,2023-08-16,2023-08-29,0.08148148148148149,539.95,648.8,0.016426075116694604
3583,KSB,2023-08-16,2023-08-29,0.07777777777777778,524.44,545.06,0.003058076763362385
3584,3MINDIA,2023-08-16,2023-08-29,0.07407407407407408,28650.0,30564.9,0.004950940469265081
3585,GMMPFAUDLR,2023-08-16,2023-08-29,0.07037037037037037,1518.95,1549.0,0.0013921653969055114
3586,CERA,2023-08-16,2023-08-29,0.06666666666666667,8430.0,9336.0,0.007164887307236061
3587,SANOFI,2023-08-16,2023-08-29,0.06296296296296296,4690.0,4730.0,0.000536997551922925
3588,ORIENTELEC,2023-08-16,2023-08-29,0.05925925925925925,236.65,234.5,-0.0005383790720786297
3589,PGHL,2023-08-16,2023-08-29,0.05555555555555554,5236.1,4842.95,-0.004171361636841674
3590,SYMPHONY,2023-08-16,2023-08-29,0.05185185185185183,893.45,887.7,-0.00033370434624002237
3591,AAVAS,2023-08-16,2023-08-29,0.04814814814814812,1600.75,1599.8,-2.857456863391717e-05
3592,SUVENPHAR,2023-08-16,2023-08-29,0.04444444444444441,507.7,517.6,0.000866653535552494
3593,PAGEIND,2023-08-16,2023-08-29,0.0407407407407407,41000.0,39600.0,-0.00139114724480578
3594,TIINDIA,2023-08-29,2023-09-12,0.09259259259259262,2878.55,3672.15,0.025527255556263218
3595,KSB,2023-08-29,2023-09-12,0.0888888888888889,545.06,558.8,0.002240731907190648
3596,3MINDIA,2023-08-29,2023-09-12,0.0851851851851852,30564.9,32800.0,0.006229282850832403
3597,ACI,2023-08-29,2023-09-12,0.08148148148148149,648.8,643.75,-0.0006342192994474072
3598,GMMPFAUDLR,2023-08-29,2023-09-12,0.07777777777777778,1549.0,1800.0,0.012603113119575354
3599,SUVENPHAR,2023-08-29,2023-09-12,0.07407407407407408,517.6,519.1,0.00021466597973553153
3600,POLYMED,2023-08-29,2023-09-12,0.07037037037037037,1440.65,1379.9,-0.002967410543851734
3601,OLECTRA,2023-08-29,2023-09-12,0.06666666666666667,1209.0,1270.0,0.003363661428177557
3602,ORIENTELEC,2023-08-29,2023-09-12,0.06296296296296296,234.5,241.5,0.0018794914317302376
3603,CERA,2023-08-29,2023-09-12,0.05925925925925925,9336.0,9199.95,-0.0008635627915833523
3604,PAGEIND,2023-08-29,2023-09-12,0.05555555555555554,39600.0,41726.3,0.002983024691358028
3605,GLAND,2023-08-29,2023-09-12,0.05185185185185183,1579.95,1695.0,0.0037757875600845287
3606,AETHER,2023-08-29,2023-09-12,0.04814814814814812,1044.5,1001.9,-0.0019637253337588425
3607,AAVAS,2023-08-29,2023-09-12,0.04444444444444441,1599.8,1729.45,0.0036018391187787363
3608,AIAENG,2023-08-29,2023-09-12,0.0407407407407407,3664.95,3807.1,0.0015801842579834088
3609,POLYMED,2023-09-12,2023-09-26,0.09259259259259262,1379.9,1380.0,6.710094397601884e-06
3610,GLAND,2023-09-12,2023-09-26,0.0888888888888889,1695.0,1658.75,-0.001901016060308096
3611,RADICO,2023-09-12,2023-09-26,0.0851851851851852,1248.95,1165.0,-0.005725846748305618
3612,KSB,2023-09-12,2023-09-26,0.08148148148148149,558.8,587.21,0.00414260717410325
3613,AARTIDRUGS,2023-09-12,2023-09-26,0.07777777777777778,612.95,551.5,-0.007797445867435269
3614,BIKAJI,2023-09-12,2023-09-26,0.07407407407407408,522.9,491.1,-0.004504791653386025
3615,ORIENTELEC,2023-09-12,2023-09-26,0.07037037037037037,241.5,219.25,-0.00648339851238402
3616,PAGEIND,2023-09-12,2023-09-26,0.06666666666666667,41726.3,39434.35,-0.0036618791186054586
3617,INGERRAND,2023-09-12,2023-09-26,0.06296296296296296,3169.0,2958.25,-0.004187265523649241
3618,CHEMPLASTS,2023-09-12,2023-09-26,0.05925925925925925,516.0,478.25,-0.004335343095033016
3619,AETHER,2023-09-12,2023-09-26,0.05555555555555554,1001.9,975.0,-0.0014916103847134872
3620,SUVENPHAR,2023-09-12,2023-09-26,0.05185185185185183,519.1,528.35,0.0009239638405502396
3621,ACI,2023-09-12,2023-09-26,0.04814814814814812,643.75,591.8,-0.003885508809780656
3622,FDC,2023-09-12,2023-09-26,0.04444444444444441,394.4,370.05,-0.002743971151679057
3623,AAVAS,2023-09-12,2023-09-26,0.0407407407407407,1729.45,1720.0,-0.00022261412587817024
3624,KSB,2023-09-28,2023-10-12,0.09259259259259262,597.4,617.7,0.003146350233728886
3625,AETHER,2023-09-28,2023-10-12,0.0888888888888889,972.0,949.25,-0.0020804755372656612
3626,GLAND,2023-09-28,2023-10-12,0.0851851851851852,1667.0,1640.0,-0.0013797240551889623
3627,SUNDARMFIN,2023-09-28,2023-10-12,0.08148148148148149,3183.05,3299.0,0.0029681524882668397
3628,INGERRAND,2023-09-28,2023-10-12,0.07777777777777778,2970.0,2868.45,-0.0026593714927048307
3629,POLYMED,2023-09-28,2023-10-12,0.07407407407407408,1396.25,1379.9,-0.0008674027653436738
3630,CGCL,2023-09-28,2023-10-12,0.07037037037037037,197.01,194.34,-0.0009537022937357902
3631,CERA,2023-09-28,2023-10-12,0.06666666666666667,8448.0,8340.25,-0.0008502998737373738
3632,RBA,2023-09-28,2023-10-12,0.06296296296296296,127.75,125.85,-0.0009364354569834049
3633,METROBRAND,2023-09-28,2023-10-12,0.05925925925925925,1099.0,1169.9,0.003823004077781152
3634,RADICO,2023-09-28,2023-10-12,0.05555555555555554,1200.0,1231.55,0.0014606481481481456
3635,RELAXO,2023-09-28,2023-10-12,0.05185185185185183,904.0,905.75,0.0001003769255981645
3636,ORIENTELEC,2023-09-28,2023-10-12,0.04814814814814812,219.25,223.6,0.0009552768275687299
3637,PVRINOX,2023-09-28,2023-10-12,0.04444444444444441,1720.8,1706.0,-0.0003822511493362246
3638,SUPREMEIND,2023-09-28,2023-10-12,0.0407407407407407,4167.8,4100.5,-0.0006578655050270782
3639,KSB,2023-10-17,2023-10-31,0.09259259259259262,628.76,602.33,-0.003892140438676471
3640,METROBRAND,2023-10-17,2023-10-31,0.0888888888888889,1198.8,1190.65,-0.0006043080117154091
3641,AETHER,2023-10-17,2023-10-31,0.0851851851851852,929.65,865.9,-0.0058415054650196915
3642,AAVAS,2023-10-17,2023-10-31,0.08148148148148149,1665.0,1459.1,-0.01007629852074297
3643,CERA,2023-10-17,2023-10-31,0.07777777777777778,9000.55,8541.0,-0.003971177070043245
3644,RELAXO,2023-10-17,2023-10-31,0.07407407407407408,916.15,895.0,-0.0017100547581364025
3645,INGERRAND,2023-10-17,2023-10-31,0.07037037037037037,2926.2,2843.0,-0.002000825239154809
3646,GLAND,2023-10-17,2023-10-31,0.06666666666666667,1582.4,1538.95,-0.0018305527468823746
3647,PGHL,2023-10-17,2023-10-31,0.06296296296296296,5199.0,5020.0,-0.0021677958011868375
3648,JKLAKSHMI,2023-10-17,2023-10-31,0.05925925925925925,676.0,700.0,0.00210387902695595
3649,SUPREMEIND,2023-10-17,2023-10-31,0.05555555555555554,4350.0,4524.0,0.002222222222222222
3650,POLYMED,2023-10-17,2023-10-31,0.05185185185185183,1370.05,1390.25,0.0007645030527407097
3651,FDC,2023-10-17,2023-10-31,0.04814814814814812,391.6,365.05,-0.003264385427306775
3652,BIKAJI,2023-10-17,2023-10-31,0.04444444444444441,494.25,470.05,-0.002176136682965208
3653,PAGEIND,2023-10-17,2023-10-31,0.0407407407407407,39049.95,37650.0,-0.0014605652504036453
3654,CREDITACC,2023-10-31,2023-11-15,0.09259259259259262,1615.05,1725.0,0.0063035544135200535
3655,METROBRAND,2023-10-31,2023-11-15,0.0888888888888889,1190.65,1267.2,0.00571489895808545
3656,KSB,2023-10-31,2023-11-15,0.0851851851851852,602.33,617.0,0.0020747209447755603
3657,CERA,2023-10-31,2023-11-15,0.08148148148148149,8541.0,8988.4,0.004268213887696381
3658,AAVAS,2023-10-31,2023-11-15,0.07777777777777778,1459.1,1525.4,0.0035341420510360366
3659,AETHER,2023-10-31,2023-11-15,0.07407407407407408,865.9,902.05,0.003092479244459841
3660,PGHL,2023-10-31,2023-11-15,0.07037037037037037,5020.0,5149.0,0.0018083222664895971
3661,RELAXO,2023-10-31,2023-11-15,0.06666666666666667,895.0,902.0,0.0005214152700186219
3662,MAPMYINDIA,2023-10-31,2023-11-15,0.06296296296296296,2099.9,2158.0,0.0017420582637973912
3663,SUNDRMFAST,2023-10-31,2023-11-15,0.05925925925925925,1296.0,1273.8,-0.0010150891632373133
3664,INGERRAND,2023-10-31,2023-11-15,0.05555555555555554,2843.0,2914.0,0.0013874233008949854
3665,ANURAS,2023-10-31,2023-11-15,0.05185185185185183,884.7,924.7,0.0023443812298791374
3666,MRF,2023-10-31,2023-11-15,0.04814814814814812,109499.95,108299.0,-0.0005280689033969272
3667,BLUEDART,2023-10-31,2023-11-15,0.04444444444444441,6451.0,6750.45,0.0020630737697859046
3668,CGCL,2023-10-31,2023-11-15,0.0407407407407407,190.53,189.84,-0.00014754165281641207
3669,RELAXO,2023-11-15,2023-11-28,0.09259259259259262,902.0,886.95,-0.001544920752237821
3670,KSB,2023-11-15,2023-11-28,0.0888888888888889,617.0,657.01,0.005764091482081757
3671,METROBRAND,2023-11-15,2023-11-28,0.0851851851851852,1267.2,1350.0,0.0055660774410774385
3672,CERA,2023-11-15,2023-11-28,0.08148148148148149,8988.4,8461.0,-0.004780976962900328
3673,CREDITACC,2023-11-15,2023-11-28,0.07777777777777778,1725.0,1682.4,-0.0019207729468598994
3674,MANKIND,2023-11-15,2023-11-28,0.07407407407407408,1839.95,1912.95,0.0029388882346843164
3675,MAPMYINDIA,2023-11-15,2023-11-28,0.07037037037037037,2158.0,2240.0,0.0026739436377990595
3676,AETHER,2023-11-15,2023-11-28,0.06666666666666667,902.05,889.15,-0.0009533839587605992
3677,AAVAS,2023-11-15,2023-11-28,0.06296296296296296,1525.4,1492.95,-0.0013394179547319722
3678,AIAENG,2023-11-15,2023-11-28,0.05925925925925925,3616.1,3551.7,-0.001055362488951163
3679,SUNDRMFAST,2023-11-15,2023-11-28,0.05555555555555554,1273.8,1227.0,-0.00204113675616266
3680,CGCL,2023-11-15,2023-11-28,0.05185185185185183,189.84,186.49,-0.0009150005462689809
3681,INGERRAND,2023-11-15,2023-11-28,0.04814814814814812,2914.0,2951.1,0.0006130049060728521
3682,SOLARINDS,2023-11-15,2023-11-28,0.04444444444444441,6235.05,6838.45,0.004301132753991988
3683,POLYMED,2023-11-15,2023-11-28,0.0407407407407407,1434.2,1530.45,0.0027341349158389993
3684,RELAXO,2023-11-29,2023-12-13,0.09259259259259262,908.0,910.9,0.00029572524065915915
3685,CERA,2023-11-29,2023-12-13,0.0888888888888889,8382.0,8338.8,-0.0004581245526127494
3686,KSB,2023-11-29,2023-12-13,0.0851851851851852,669.8,675.33,0.0007033055749090497
3687,CREDITACC,2023-11-29,2023-12-13,0.08148148148148149,1685.0,1760.85,0.0036678755907242513
3688,METROBRAND,2023-11-29,2023-12-13,0.07777777777777778,1313.0,1356.0,0.002547177794702547
3689,MANKIND,2023-11-29,2023-12-13,0.07407407407407408,1896.95,1854.8,-0.0016459169836960537
3690,AAVAS,2023-11-29,2023-12-13,0.07037037037037037,1467.9,1564.95,0.004652527041654364
3691,AETHER,2023-11-29,2023-12-13,0.06666666666666667,875.0,792.55,-0.0062819047619047655
3692,MAPMYINDIA,2023-11-29,2023-12-13,0.06296296296296296,2191.95,2163.0,-0.0008315781736708256
3693,MARICO,2023-11-29,2023-12-13,0.05925925925925925,525.3,542.5,0.001940337443859246
3694,SUNDRMFAST,2023-11-29,2023-12-13,0.05555555555555554,1222.5,1233.6,0.0005044308111792732
3695,CGCL,2023-11-29,2023-12-13,0.05185185185185183,187.54,190.98,0.0009511057394175652
3696,NATCOPHARM,2023-11-29,2023-12-13,0.04814814814814812,777.9,764.55,-0.0008262987244861532
3697,KEC,2023-11-29,2023-12-13,0.04444444444444441,568.0,628.05,0.004698748043818459
3698,RAJESHEXPO,2023-11-29,2023-12-13,0.0407407407407407,347.95,358.0,0.001176733566444732
3699,WHIRLPOOL,2023-12-14,2023-12-28,0.09259259259259262,1346.95,1356.0,0.0006221188336337347
3700,RELAXO,2023-12-14,2023-12-28,0.0888888888888889,921.0,896.1,-0.002403184943901554
3701,CREDITACC,2023-12-14,2023-12-28,0.0851851851851852,1771.4,1612.0,-0.0076654163478144565
3702,AETHER,2023-12-14,2023-12-28,0.08148148148148149,811.0,887.0,0.007635749189386675
3703,METROBRAND,2023-12-14,2023-12-28,0.07777777777777778,1340.1,1276.3,-0.0037028745781823888
3704,KSB,2023-12-14,2023-12-28,0.07407407407407408,667.42,684.0,0.0018401428607895348
3705,CERA,2023-12-14,2023-12-28,0.07037037037037037,8251.0,8024.95,-0.0019279144615467502
3706,MANKIND,2023-12-14,2023-12-28,0.06666666666666667,1851.0,2010.75,0.005753646677471637
3707,MAPMYINDIA,2023-12-14,2023-12-28,0.06296296296296296,2134.95,2023.95,-0.0032735609212810016
3708,AAVAS,2023-12-14,2023-12-28,0.05925925925925925,1590.0,1519.0,-0.002646168180759375
3709,MARICO,2023-12-14,2023-12-28,0.05555555555555554,541.05,534.05,-0.0007187670065407797
3710,PFIZER,2023-12-14,2023-12-28,0.05185185185185183,4100.0,4296.0,0.0024787714543812096
3711,SOLARINDS,2023-12-14,2023-12-28,0.04814814814814812,6725.0,6800.0,0.0005369681949607596
3712,IPCALAB,2023-12-14,2023-12-28,0.04444444444444441,1111.0,1064.0,-0.0018801880188018788
3713,BLUESTARCO,2023-12-14,2023-12-28,0.0407407407407407,1005.0,953.0,-0.002107978625391559
3714,WHIRLPOOL,2024-01-02,2024-01-16,0.09259259259259262,1363.55,1360.0,-0.0002410646501438888
3715,RELAXO,2024-01-02,2024-01-16,0.0888888888888889,903.0,892.05,-0.0010778885197489897
3716,VBL,2024-01-02,2024-01-16,0.0851851851851852,1250.0,1273.8,0.0016219259259259231
3717,CERA,2024-01-02,2024-01-16,0.08148148148148149,7901.05,8098.0,0.0020310943200938817
3718,METROBRAND,2024-01-02,2024-01-16,0.07777777777777778,1244.05,1258.45,0.00090028535830554
3719,SAFARI,2024-01-02,2024-01-16,0.07407407407407408,1891.95,1889.95,-7.830447324091449e-05
3720,AAVAS,2024-01-02,2024-01-16,0.07037037037037037,1565.15,1613.0,0.002151373492778466
3721,MEDPLUS,2024-01-02,2024-01-16,0.06666666666666667,746.0,744.95,-9.383378016085384e-05
3722,VIJAYA,2024-01-02,2024-01-16,0.06296296296296296,669.0,673.0,0.00037646016719260363
3723,KSB,2024-01-02,2024-01-16,0.05925925925925925,687.06,684.89,-0.00018716355571942795
3724,SUPREMEIND,2024-01-02,2024-01-16,0.05555555555555554,4476.15,4181.05,-0.003662621771934455
3725,CREDITACC,2024-01-02,2024-01-16,0.05185185185185183,1602.0,1673.95,0.002328801960512323
3726,PFIZER,2024-01-02,2024-01-16,0.04814814814814812,4275.05,4342.9,0.0007641669341532435
3727,SUNDRMFAST,2024-01-02,2024-01-16,0.04444444444444441,1247.3,1267.2,0.0007090871838727233
3728,PGHL,2024-01-02,2024-01-16,0.0407407407407407,4990.5,5200.0,0.0017102865815419653
3729,WHIRLPOOL,2024-01-16,2024-01-30,0.09259259259259262,1360.0,1345.0,-0.0010212418300653598
3730,RELAXO,2024-01-16,2024-01-30,0.0888888888888889,892.05,849.1,-0.004279780032260269
3731,METROBRAND,2024-01-16,2024-01-30,0.0851851851851852,1258.45,1150.0,-0.007341041227965623
3732,MEDPLUS,2024-01-16,2024-01-30,0.08148148148148149,744.95,728.65,-0.00178286884777254
3733,VBL,2024-01-16,2024-01-30,0.07777777777777778,1273.8,1275.05,7.632455818984317e-05
3734,CGCL,2024-01-16,2024-01-30,0.07407407407407408,234.99,247.5,0.003943430216888659
3735,CREDITACC,2024-01-16,2024-01-30,0.07037037037037037,1673.95,1567.6,-0.004470795955009946
3736,CERA,2024-01-16,2024-01-30,0.06666666666666667,8098.0,8264.85,0.0013735901868774214
3737,GILLETTE,2024-01-16,2024-01-30,0.06296296296296296,6775.0,6490.0,-0.0026486264862648624
3738,KSB,2024-01-16,2024-01-30,0.05925925925925925,684.89,711.6,0.0023110496792401944
3739,PFIZER,2024-01-16,2024-01-30,0.05555555555555554,4342.9,4347.25,5.564638068265141e-05
3740,SUPREMEIND,2024-01-16,2024-01-30,0.05185185185185183,4181.05,4159.05,-0.00027283594808498826
3741,BAYERCROP,2024-01-16,2024-01-30,0.04814814814814812,5783.3,5897.25,0.0009486766174124581
3742,AAVAS,2024-01-16,2024-01-30,0.04444444444444441,1613.0,1510.0,-0.0028380519391058736
3743,VIJAYA,2024-01-16,2024-01-30,0.0407407407407407,673.0,648.55,-0.0014801056628694087
3744,MEDPLUS,2024-01-30,2024-02-13,0.09259259259259262,728.65,624.45,-0.013241128316953467
3745,CIPLA,2024-01-30,2024-02-13,0.0888888888888889,1345.0,1439.0,0.0062123089632383326
3746,RELAXO,2024-01-30,2024-02-13,0.0851851851851852,849.1,844.2,-0.0004915880431131852
3747,CREDITACC,2024-01-30,2024-02-13,0.08148148148148149,1567.6,1639.95,0.0037606437772296484
3748,WHIRLPOOL,2024-01-30,2024-02-13,0.07777777777777778,1345.0,1350.2,0.00030070218917802825
3749,SUNDRMFAST,2024-01-30,2024-02-13,0.07407407407407408,1245.0,1087.0,-0.009400565223858398
3750,CGCL,2024-01-30,2024-02-13,0.07037037037037037,247.5,226.09,-0.006087392442947998
3751,METROBRAND,2024-01-30,2024-02-13,0.06666666666666667,1150.0,1100.3,-0.0028811594202898575
3752,VIJAYA,2024-01-30,2024-02-13,0.06296296296296296,648.55,644.4,-0.00040289306344351995
3753,PGHL,2024-01-30,2024-02-13,0.05925925925925925,5179.85,5596.0,0.0047608986246205414
3754,CERA,2024-01-30,2024-02-13,0.05555555555555554,8264.85,7660.95,-0.004059359818992483
3755,VBL,2024-01-30,2024-02-13,0.05185185185185183,1275.05,1390.05,0.0046766502983906204
3756,HONAUT,2024-01-30,2024-02-13,0.04814814814814812,38600.0,37978.7,-0.0007749856073690302
3757,ALIVUS,2024-01-30,2024-02-13,0.04444444444444441,845.0,864.9,0.0010466798159105832
3758,SAFARI,2024-01-30,2024-02-13,0.0407407407407407,1905.85,2089.95,0.0039354463207337195
3759,MEDPLUS,2024-02-14,2024-02-28,0.09259259259259262,612.4,692.0,0.012035222681858875
3760,CIPLA,2024-02-14,2024-02-28,0.0888888888888889,1454.8,1491.45,0.002239330339412831
3761,METROBRAND,2024-02-14,2024-02-28,0.0851851851851852,1090.9,1129.0,0.0029751173852374624
3762,CREDITACC,2024-02-14,2024-02-28,0.08148148148148149,1625.2,1498.0,-0.006377334755380536
3763,PGHL,2024-02-14,2024-02-28,0.07777777777777778,5305.6,5099.0,-0.003028665728454636
3764,HONAUT,2024-02-14,2024-02-28,0.07407407407407408,37725.0,38367.1,0.001260780993054019
3765,VIJAYA,2024-02-14,2024-02-28,0.07037037037037037,621.0,670.0,0.005552573507484941
3766,WHIRLPOOL,2024-02-14,2024-02-28,0.06666666666666667,1330.0,1260.0,-0.0035087719298245615
3767,CGCL,2024-02-14,2024-02-28,0.06296296296296296,230.24,247.13,0.0046188518261138095
3768,RELAXO,2024-02-14,2024-02-28,0.05925925925925925,860.0,835.05,-0.0017192075796726989
3769,MEDANTA,2024-02-14,2024-02-28,0.05555555555555554,1339.95,1448.15,0.004486071204978627
3770,PFIZER,2024-02-14,2024-02-28,0.05185185185185183,4350.0,4384.2,0.00040766283524903984
3771,BAYERCROP,2024-02-14,2024-02-28,0.04814814814814812,6008.6,5844.15,-0.0013177716877414028
3772,GILLETTE,2024-02-14,2024-02-28,0.04444444444444441,6500.0,6417.65,-0.0005630769230769251
3773,VBL,2024-02-14,2024-02-28,0.0407407407407407,1394.65,1476.95,0.002404160874027862
3774,MEDPLUS,2024-02-29,2024-03-14,0.09259259259259262,697.95,666.55,-0.004165638523400553
3775,PGHL,2024-02-29,2024-03-14,0.0888888888888889,5090.0,4882.75,-0.003619297096703777
3776,CIPLA,2024-02-29,2024-03-14,0.0851851851851852,1475.95,1467.1,-0.0005107821327883063
3777,RAINBOW,2024-02-29,2024-03-14,0.08148148148148149,1429.2,1107.55,-0.0183378942894756
3778,CREDITACC,2024-02-29,2024-03-14,0.07777777777777778,1472.25,1310.0,-0.008571536386105923
3779,CGCL,2024-02-29,2024-03-14,0.07407407407407408,243.01,204.25,-0.011814785857006342
3780,METROBRAND,2024-02-29,2024-03-14,0.07037037037037037,1120.9,1038.0,-0.005204481848250254
3781,WHIRLPOOL,2024-02-29,2024-03-14,0.06666666666666667,1285.0,1262.4,-0.0011725032425421483
3782,HONAUT,2024-02-29,2024-03-14,0.06296296296296296,37830.0,36442.6,-0.0023091412850863046
3783,PFIZER,2024-02-29,2024-03-14,0.05925925925925925,4585.0,4262.25,-0.0041714124156872244
3784,RELAXO,2024-02-29,2024-03-14,0.05555555555555554,839.9,802.7,-0.002460610390125804
3785,GILLETTE,2024-02-29,2024-03-14,0.05185185185185183,6481.65,6330.0,-0.0012131684576200984
3786,VIJAYA,2024-02-29,2024-03-14,0.04814814814814812,650.0,619.15,-0.0022851851851851857
3787,BAYERCROP,2024-02-29,2024-03-14,0.04444444444444441,5740.3,5030.15,-0.0054983576158427645
3788,ELGIEQUIP,2024-02-29,2024-03-14,0.0407407407407407,631.7,621.3,-0.0006707356398665616
3789,MEDPLUS,2024-03-19,2024-04-02,0.09259259259259262,669.6,695.1,0.0035261515996283027
3790,RAINBOW,2024-03-19,2024-04-02,0.0888888888888889,1128.4,1360.0,0.018244121469927918
3791,WHIRLPOOL,2024-03-19,2024-04-02,0.0851851851851852,1262.0,1252.0,-0.0006750014673944945
3792,CIPLA,2024-03-19,2024-04-02,0.08148148148148149,1482.55,1502.9,0.0011184433227534717
3793,CREDITACC,2024-03-19,2024-04-02,0.07777777777777778,1400.2,1422.0,0.0012109381199511156
3794,VIJAYA,2024-03-19,2024-04-02,0.07407407407407408,605.2,669.0,0.007808866368020361
3795,RELAXO,2024-03-19,2024-04-02,0.07037037037037037,853.75,822.7,-0.002559297218155194
3796,GILLETTE,2024-03-19,2024-04-02,0.06666666666666667,6719.35,6695.65,-0.00023514179198881564
3797,PGHL,2024-03-19,2024-04-02,0.06296296296296296,4901.55,4811.25,-0.001159950537188352
3798,PFIZER,2024-03-19,2024-04-02,0.05925925925925925,4290.0,4400.0,0.0015194681861348525
3799,VMART,2024-03-19,2024-04-02,0.05555555555555554,493.77,542.42,0.005473758587556506
3800,HONAUT,2024-03-19,2024-04-02,0.05185185185185183,38185.7,38950.0,0.0010378327586078168
3801,DRREDDY,2024-03-19,2024-04-02,0.04814814814814812,1267.0,1253.79,-0.0005020023970300224
3802,ROUTE,2024-03-19,2024-04-02,0.04444444444444441,1584.0,1616.65,0.0009161054994388346
3803,MAXHEALTH,2024-03-19,2024-04-02,0.0407407407407407,730.0,832.95,0.00574556062912227
3804,PERSISTENT,2024-04-02,2024-04-16,0.09259259259259262,3989.0,3940.0,-0.0011373870737119674
3805,MEDPLUS,2024-04-02,2024-04-16,0.0888888888888889,695.1,686.7,-0.0010741859684457846
3806,RAINBOW,2024-04-02,2024-04-16,0.0851851851851852,1360.0,1300.35,-0.0037362472766884593
3807,WHIRLPOOL,2024-04-02,2024-04-16,0.08148148148148149,1252.0,1420.0,0.010933617323393681
3808,CREDITACC,2024-04-02,2024-04-16,0.07777777777777778,1422.0,1456.95,0.0019116268166901103
3809,CIPLA,2024-04-02,2024-04-16,0.07407407407407408,1502.9,1385.0,-0.005810987646106421
3810,VIJAYA,2024-04-02,2024-04-16,0.07037037037037037,669.0,671.5,0.0002629684991418923
3811,MAXHEALTH,2024-04-02,2024-04-16,0.06666666666666667,832.95,829.2,-0.0003001380635092142
3812,HONAUT,2024-04-02,2024-04-16,0.06296296296296296,38950.0,44001.0,0.008164978842770882
3813,GILLETTE,2024-04-02,2024-04-16,0.05925925925925925,6695.65,6520.9,-0.0015466094487548714
3814,METROBRAND,2024-04-02,2024-04-16,0.05555555555555554,1143.45,1051.9,-0.004448039801575151
3815,ROUTE,2024-04-02,2024-04-16,0.05185185185185183,1616.65,1571.5,-0.0014481248947583673
3816,ICICIGI,2024-04-02,2024-04-16,0.04814814814814812,1700.0,1617.2,-0.0023450980392156835
3817,DRREDDY,2024-04-02,2024-04-16,0.04444444444444441,1253.79,1201.17,-0.0018652778110103446
3818,ZFCVINDIA,2024-04-02,2024-04-16,0.0407407407407407,15276.6,13855.65,-0.0037894921353937086
3819,PERSISTENT,2024-04-16,2024-04-30,0.09259259259259262,3940.0,3341.0,-0.014076894153036288
3820,CREDITACC,2024-04-16,2024-04-30,0.0888888888888889,1456.95,1492.0,0.002138409386427504
3821,RAINBOW,2024-04-16,2024-04-30,0.0851851851851852,1300.35,1378.6,0.005126112770208592
3822,MEDPLUS,2024-04-16,2024-04-30,0.08148148148148149,686.7,677.3,-0.0011153719614474056
3823,WHIRLPOOL,2024-04-16,2024-04-30,0.07777777777777778,1420.0,1478.0,0.0031768388106416276
3824,CIPLA,2024-04-16,2024-04-30,0.07407407407407408,1385.0,1415.05,0.0016071667335205218
3825,VIJAYA,2024-04-16,2024-04-30,0.07037037037037037,671.5,716.45,0.004710570585477515
3826,HONAUT,2024-04-16,2024-04-30,0.06666666666666667,44001.0,42010.1,-0.0030164465959107013
3827,METROBRAND,2024-04-16,2024-04-30,0.06296296296296296,1051.9,1078.05,0.0015652452528581353
3828,CGCL,2024-04-16,2024-04-30,0.05925925925925925,240.0,224.6,-0.0038024691358024697
3829,GILLETTE,2024-04-16,2024-04-30,0.05555555555555554,6520.9,6394.0,-0.0010811391065650414
3830,ICICIGI,2024-04-16,2024-04-30,0.05185185185185183,1617.2,1714.75,0.0031277196068192825
3831,ASTERDM,2024-04-16,2024-04-30,0.04814814814814812,533.15,356.8,-0.015925960660088005
3832,MAXHEALTH,2024-04-16,2024-04-30,0.04444444444444441,829.2,837.0,0.000418073645280589
3833,STARHEALTH,2024-04-16,2024-04-30,0.0407407407407407,550.05,566.0,0.0011813740838374986
3834,PERSISTENT,2024-05-02,2024-05-15,0.09259259259259262,3400.0,3421.0,0.0005718954248366014
3835,VIJAYA,2024-05-02,2024-05-15,0.0888888888888889,698.95,767.8,0.00875599112955146
3836,CIPLA,2024-05-02,2024-05-15,0.0851851851851852,1400.0,1345.0,-0.003346560846560847
3837,RAINBOW,2024-05-02,2024-05-15,0.08148148148148149,1391.75,1366.0,-0.0015075610908195783
3838,WHIRLPOOL,2024-05-02,2024-05-15,0.07777777777777778,1504.8,1450.95,-0.002783315612262976
3839,ASTERDM,2024-05-02,2024-05-15,0.07407407407407408,348.2,349.9,0.0003616482651519963
3840,HONAUT,2024-05-02,2024-05-15,0.07037037037037037,45454.5,47315.0,0.0028803325099621396
3841,MEDPLUS,2024-05-02,2024-05-15,0.06666666666666667,702.05,702.6,5.22279989554465e-05
3842,GILLETTE,2024-05-02,2024-05-15,0.06296296296296296,6650.0,6800.0,0.0014202172096908936
3843,KALYANKJIL,2024-05-02,2024-05-15,0.05925925925925925,414.85,401.6,-0.00189269660162754
3844,METROBRAND,2024-05-02,2024-05-15,0.05555555555555554,1071.05,1082.0,0.0005679784635015506
3845,ELGIEQUIP,2024-05-02,2024-05-15,0.05185185185185183,654.25,622.25,-0.002536124202154006
3846,STARHEALTH,2024-05-02,2024-05-15,0.04814814814814812,570.0,536.95,-0.0027917478882391105
3847,ICICIGI,2024-05-02,2024-05-15,0.04444444444444441,1710.45,1678.95,-0.0008184980560671162
3848,MAXHEALTH,2024-05-02,2024-05-15,0.0407407407407407,832.5,815.0,-0.0008564119675230778
3849,PERSISTENT,2024-05-16,2024-05-30,0.09259259259259262,3520.0,3640.0,0.0031565656565656574
3850,VIJAYA,2024-05-16,2024-05-30,0.0888888888888889,802.35,810.0,0.0008475104380881138
3851,RAINBOW,2024-05-16,2024-05-30,0.0851851851851852,1338.8,1260.9,-0.0049566222930429605
3852,HONASA,2024-05-16,2024-05-30,0.08148148148148149,416.95,426.9,0.0019444555480051323
3853,CIPLA,2024-05-16,2024-05-30,0.07777777777777778,1409.0,1495.05,0.0047500197145335515
3854,GILLETTE,2024-05-16,2024-05-30,0.07407407407407408,6774.95,7075.65,0.0032877104737413657
3855,MEDPLUS,2024-05-16,2024-05-30,0.07037037037037037,703.7,689.6,-0.0014100074210916923
3856,SKFINDIA,2024-05-16,2024-05-30,0.06666666666666667,5345.0,6269.95,0.011536638603055814
3857,WHIRLPOOL,2024-05-16,2024-05-30,0.06296296296296296,1471.2,1526.0,0.0023452762169456002
3858,BLUEDART,2024-05-16,2024-05-30,0.05925925925925925,7165.95,7270.0,0.0008604478018861331
3859,AJANTPHARM,2024-05-16,2024-05-30,0.05555555555555554,2409.7,2342.0,-0.0015608213101676973
3860,METROBRAND,2024-05-16,2024-05-30,0.05185185185185183,1107.4,1155.25,0.002240483213934536
3861,KALYANKJIL,2024-05-16,2024-05-30,0.04814814814814812,412.0,396.0,-0.0018698309960445871
3862,STARHEALTH,2024-05-16,2024-05-30,0.04444444444444441,545.5,513.8,-0.002582747733985133
3863,ZFCVINDIA,2024-05-16,2024-05-30,0.0407407407407407,13166.05,16425.2,0.010085043364196942
3864,VIJAYA,2024-06-04,2024-06-18,0.09259259259259262,813.0,783.8,-0.003325588811443676
3865,PERSISTENT,2024-06-04,2024-06-18,0.0888888888888889,3430.0,3773.0,0.00888888888888889
3866,RAINBOW,2024-06-04,2024-06-18,0.0851851851851852,1285.0,1324.5,0.0026185329298169767
3867,ASTERDM,2024-06-04,2024-06-18,0.08148148148148149,354.95,358.1,0.0007231065408273545
3868,SAPPHIRE,2024-06-04,2024-06-18,0.07777777777777778,290.0,308.0,0.004827586206896551
3869,MAXHEALTH,2024-06-04,2024-06-18,0.07407407407407408,769.5,928.0,0.01525762279498472
3870,EMAMILTD,2024-06-04,2024-06-18,0.07037037037037037,630.0,712.0,0.009159318048206938
3871,MEDANTA,2024-06-04,2024-06-18,0.06666666666666667,1172.0,1360.0,0.010693970420932878
3872,MEDPLUS,2024-06-04,2024-06-18,0.06296296296296296,710.3,697.25,-0.0011567882115537996
3873,GILLETTE,2024-06-04,2024-06-18,0.05925925925925925,7152.0,7725.0,0.004747700720855082
3874,BLUEDART,2024-06-04,2024-06-18,0.05555555555555554,7298.0,8057.65,0.00578278676045187
3875,CIPLA,2024-06-04,2024-06-18,0.05185185185185183,1460.0,1570.0,0.003906646372399796
3876,AJANTPHARM,2024-06-04,2024-06-18,0.04814814814814812,2334.0,2370.0,0.0007426449585832615
3877,METROBRAND,2024-06-04,2024-06-18,0.04444444444444441,1150.7,1157.0,0.0002433301468671224
3878,STARHEALTH,2024-06-04,2024-06-18,0.0407407407407407,517.9,530.55,0.0009951156021826009
3879,HINDUNILVR,2024-06-19,2024-07-03,0.09259259259259262,2495.0,2486.65,-0.00030987901729384365
3880,DABUR,2024-06-19,2024-07-03,0.0888888888888889,602.0,607.0,0.0007382798080472501
3881,MARICO,2024-06-19,2024-07-03,0.0851851851851852,627.0,604.4,-0.003070470789769039
3882,VIJAYA,2024-06-19,2024-07-03,0.08148148148148149,789.9,775.0,-0.0015369971820155366
3883,RAINBOW,2024-06-19,2024-07-03,0.07777777777777778,1328.0,1264.95,-0.003692687416331992
3884,BRITANNIA,2024-06-19,2024-07-03,0.07407407407407408,5416.0,5421.75,7.864215766726847e-05
3885,CIPLA,2024-06-19,2024-07-03,0.07037037037037037,1577.4,1494.0,-0.0037206091599397083
3886,CRISIL,2024-06-19,2024-07-03,0.06666666666666667,4096.35,4377.55,0.0045764318641392104
3887,DMART,2024-06-19,2024-07-03,0.06296296296296296,5079.0,4760.0,-0.003954555066978772
3888,PGHH,2024-06-19,2024-07-03,0.05925925925925925,16745.25,16564.7,-0.0006389429395953607
3889,MAXHEALTH,2024-06-19,2024-07-03,0.05555555555555554,903.0,921.7,0.001150486034206967
3890,MEDPLUS,2024-06-19,2024-07-03,0.05185185185185183,708.8,689.95,-0.0013789607892316625
3891,SAPPHIRE,2024-06-19,2024-07-03,0.04814814814814812,306.0,310.2,0.0006608569353667371
3892,NESTLEIND,2024-06-19,2024-07-03,0.04444444444444441,1275.0,1275.05,1.742919389976627e-06
3893,PERSISTENT,2024-06-19,2024-07-03,0.0407407407407407,3870.0,4544.95,0.007105416786295331
3894,RAINBOW,2024-07-02,2024-07-16,0.09259259259259262,1260.1,1215.0,-0.003313963912329116
3895,DABUR,2024-07-02,2024-07-16,0.0888888888888889,616.8,634.0,0.00247874333477447
3896,HINDUNILVR,2024-07-02,2024-07-16,0.0851851851851852,2515.0,2625.95,0.0037579706943523987
3897,MARICO,2024-07-02,2024-07-16,0.08148148148148149,620.5,654.0,0.004399080789088848
3898,BRITANNIA,2024-07-02,2024-07-16,0.07777777777777778,5500.0,5812.0,0.004412121212121212
3899,DMART,2024-07-02,2024-07-16,0.07407407407407408,4759.1,5000.0,0.003749541813461457
3900,CRISIL,2024-07-02,2024-07-16,0.07037037037037037,4460.5,4580.0,0.00188527278539609
3901,PGHH,2024-07-02,2024-07-16,0.06666666666666667,16798.0,16848.55,0.00020061912132396425
3902,CIPLA,2024-07-02,2024-07-16,0.06296296296296296,1480.0,1517.2,0.0015825825825825843
3903,NESTLEIND,2024-07-02,2024-07-16,0.05925925925925925,1292.7,1302.3,0.0004400780450908048
3904,MAXHEALTH,2024-07-02,2024-07-16,0.05555555555555554,949.95,926.3,-0.0013831137311320527
3905,SAPPHIRE,2024-07-02,2024-07-16,0.05185185185185183,314.22,312.18,-0.00033663604410215386
3906,MEDPLUS,2024-07-02,2024-07-16,0.04814814814814812,686.45,678.2,-0.0005786615517841386
3907,PERSISTENT,2024-07-02,2024-07-16,0.04444444444444441,4496.0,4800.0,0.003005140371688412
3908,PIDILITIND,2024-07-02,2024-07-16,0.0407407407407407,3110.0,3178.95,0.000903239252113847
3909,DABUR,2024-07-18,2024-07-31,0.09259259259259262,640.95,636.95,-0.0005778459636014829
3910,RAINBOW,2024-07-18,2024-07-31,0.0888888888888889,1185.4,1185.8,2.999456348535805e-05
3911,MARICO,2024-07-18,2024-07-31,0.0851851851851852,664.25,681.75,0.002244246504690615
3912,HINDUNILVR,2024-07-18,2024-07-31,0.08148148148148149,2700.0,2705.0,0.00015089163237311386
3913,BRITANNIA,2024-07-18,2024-07-31,0.07777777777777778,5846.55,5897.0,0.0006711460414926537
3914,DMART,2024-07-18,2024-07-31,0.07407407407407408,5039.85,5040.0,2.204651152531159e-06
3915,NESTLEIND,2024-07-18,2024-07-31,0.07037037037037037,1287.5,1235.0,-0.0028694714131607337
3916,PGHH,2024-07-18,2024-07-31,0.06666666666666667,16898.75,17096.0,0.0007781640653894519
3917,CIPLA,2024-07-18,2024-07-31,0.06296296296296296,1497.0,1530.1,0.001392167050149678
3918,MAXHEALTH,2024-07-18,2024-07-31,0.05925925925925925,912.95,924.0,0.0007172515634096193
3919,SAPPHIRE,2024-07-18,2024-07-31,0.05555555555555554,310.99,320.98,0.0017846232997845602
3920,CRISIL,2024-07-18,2024-07-31,0.05185185185185183,4431.0,4400.0,-0.00036276402785091554
3921,PIDILITIND,2024-07-18,2024-07-31,0.04814814814814812,3184.0,3160.0,-0.00036292573981016175
3922,AJANTPHARM,2024-07-18,2024-07-31,0.04444444444444441,2230.0,2541.0,0.006198305929247629
3923,MEDPLUS,2024-07-18,2024-07-31,0.0407407407407407,674.4,677.2,0.00016914898290936646
3924,DABUR,2024-08-01,2024-08-16,0.09259259259259262,638.9,606.35,-0.004717309264186704
3925,HINDUNILVR,2024-08-01,2024-08-16,0.0888888888888889,2714.0,2737.9,0.0007827724555801226
3926,RAINBOW,2024-08-01,2024-08-16,0.0851851851851852,1187.2,1221.0,0.0024252520714784834
3927,BRITANNIA,2024-08-01,2024-08-16,0.08148148148148149,5784.45,5670.5,-0.001605133558906171
3928,DMART,2024-08-01,2024-08-16,0.07777777777777778,4949.0,4995.0,0.000722929435800723
3929,MARICO,2024-08-01,2024-08-16,0.07407407407407408,675.65,654.8,-0.0022858646406341246
3930,PGHH,2024-08-01,2024-08-16,0.07037037037037037,16900.0,16800.0,-0.0004163927240850318
3931,NESTLEIND,2024-08-01,2024-08-16,0.06666666666666667,1232.5,1245.0,0.000676132521974307
3932,SAPPHIRE,2024-08-01,2024-08-16,0.06296296296296296,331.52,308.2,-0.004428982553982552
3933,CRISIL,2024-08-01,2024-08-16,0.05925925925925925,4420.0,4440.0,0.0002681414446120328
3934,PIDILITIND,2024-08-01,2024-08-16,0.05555555555555554,3192.05,3050.0,-0.002472287923643638
3935,COLPAL,2024-08-01,2024-08-16,0.05185185185185183,3350.4,3471.0,0.0018664438077045503
3936,KIMS,2024-08-01,2024-08-16,0.04814814814814812,2152.0,2250.4,0.002201569599339117
3937,AJANTPHARM,2024-08-01,2024-08-16,0.04444444444444441,2685.0,3050.0,0.00604179598593006
3938,MEDPLUS,2024-08-01,2024-08-16,0.0407407407407407,682.0,642.9,-0.0023357228195937866
3939,HINDUNILVR,2024-08-20,2024-09-03,0.09259259259259262,2742.55,2780.0,0.001264368048929856
3940,DABUR,2024-08-20,2024-09-03,0.0888888888888889,625.4,636.65,0.0015989766549408383
3941,RAINBOW,2024-08-20,2024-09-03,0.0851851851851852,1212.0,1278.2,0.004652854174306323
3942,BRITANNIA,2024-08-20,2024-09-03,0.08148148148148149,5740.45,5933.0,0.002733106160537811
3943,NESTLEIND,2024-08-20,2024-09-03,0.07777777777777778,1255.3,1251.0,-0.0002664259096984314
3944,MARICO,2024-08-20,2024-09-03,0.07407407407407408,669.15,644.95,-0.0026789099493276366
3945,COLPAL,2024-08-20,2024-09-03,0.07037037037037037,3554.4,3629.55,0.00148782729387051
3946,DMART,2024-08-20,2024-09-03,0.06666666666666667,5008.0,5029.0,0.00027955271565495204
3947,MEDPLUS,2024-08-20,2024-09-03,0.06296296296296296,643.7,686.65,0.004201117382723714
3948,AJANTPHARM,2024-08-20,2024-09-03,0.05925925925925925,2948.45,3202.9,0.005114049252494882
3949,PGHH,2024-08-20,2024-09-03,0.05555555555555554,17049.9,16500.75,-0.0017893555582926236
3950,CRISIL,2024-08-20,2024-09-03,0.05185185185185183,4630.2,4550.0,-0.0008981293504640204
3951,CERA,2024-08-20,2024-09-03,0.04814814814814812,9790.05,9340.0,-0.002213377263045033
3952,KIMS,2024-08-20,2024-09-03,0.04444444444444441,2439.95,2566.0,0.0022960397640206668
3953,PIDILITIND,2024-08-20,2024-09-03,0.0407407407407407,3078.0,3167.95,0.0011905879238562763
3954,HINDUNILVR,2024-09-03,2024-09-17,0.09259259259259262,2780.0,2867.1,0.002901012523314679
3955,DABUR,2024-09-03,2024-09-17,0.0888888888888889,636.65,661.35,0.0034486068570730543
3956,BRITANNIA,2024-09-03,2024-09-17,0.0851851851851852,5933.0,6073.45,0.002016561479733566
3957,NESTLEIND,2024-09-03,2024-09-17,0.08148148148148149,1251.0,1275.58,0.0016009710749918535
3958,MARICO,2024-09-03,2024-09-17,0.07777777777777778,644.95,697.7,0.006361388910423719
3959,COLPAL,2024-09-03,2024-09-17,0.07407407407407408,3629.55,3669.9,0.0008234874540614905
3960,PGHH,2024-09-03,2024-09-17,0.07037037037037037,16500.75,16595.6,0.0004045046212826403
3961,MEDPLUS,2024-09-03,2024-09-17,0.06666666666666667,686.65,691.0,0.0004223403480667029
3962,RAINBOW,2024-09-03,2024-09-17,0.06296296296296296,1278.2,1322.1,0.00216247384922083
3963,AJANTPHARM,2024-09-03,2024-09-17,0.05925925925925925,3202.9,3187.75,-0.00028030153229191763
3964,CRISIL,2024-09-03,2024-09-17,0.05555555555555554,4550.0,4728.65,0.002181318681318676
3965,DMART,2024-09-03,2024-09-17,0.05185185185185183,5029.0,5227.0,0.0020414926758136136
3966,CERA,2024-09-03,2024-09-17,0.04814814814814812,9340.0,8395.0,-0.004871520342612417
3967,PIDILITIND,2024-09-03,2024-09-17,0.04444444444444441,3167.95,3309.95,0.001992175100967852
3968,KIMS,2024-09-03,2024-09-17,0.0407407407407407,2566.0,569.15,-0.031704266620478594
3969,HINDUNILVR,2024-09-17,2024-10-01,0.09259259259259262,2867.1,2962.7,0.003087388598881046
3970,DABUR,2024-09-17,2024-10-01,0.0888888888888889,661.35,626.0,-0.004751224347504687
3971,BRITANNIA,2024-09-17,2024-10-01,0.0851851851851852,6073.45,6306.9,0.0032743303199139645
3972,MARICO,2024-09-17,2024-10-01,0.08148148148148149,697.7,694.0,-0.00043210761284432454
3973,COLPAL,2024-09-17,2024-10-01,0.07777777777777778,3669.9,3803.1,0.002822965203411533
3974,NESTLEIND,2024-09-17,2024-10-01,0.07407407407407408,1275.58,1345.0,0.004031281630491407
3975,CERA,2024-09-17,2024-10-01,0.07037037037037037,8395.0,8050.55,-0.002887322700902211
3976,CRISIL,2024-09-17,2024-10-01,0.06666666666666667,4728.65,4688.0,-0.0005731022596301219
3977,ALIVUS,2024-09-17,2024-10-01,0.06296296296296296,1310.9,1065.0,-0.011810658778390874
3978,MEDPLUS,2024-09-17,2024-10-01,0.05925925925925925,691.0,670.0,-0.001800932625824087
3979,DMART,2024-09-17,2024-10-01,0.05555555555555554,5227.0,5095.0,-0.0014029717492506852
3980,PGHH,2024-09-17,2024-10-01,0.05185185185185183,16595.6,16679.95,0.00026354598229071655
3981,PIDILITIND,2024-09-17,2024-10-01,0.04814814814814812,3309.95,3387.15,0.0011229888780909224
3982,SUVENPHAR,2024-09-17,2024-10-01,0.04444444444444441,1179.7,1181.0,4.897667015154337e-05
3983,AJANTPHARM,2024-09-17,2024-10-01,0.0407407407407407,3187.75,3217.6,0.00038149513327930554
3984,HINDUNILVR,2024-10-03,2024-10-16,0.09259259259259262,2908.75,2789.15,-0.0038071591144216827
3985,DABUR,2024-10-03,2024-10-16,0.0888888888888889,580.35,572.9,-0.0011410738730459659
3986,BRITANNIA,2024-10-03,2024-10-16,0.0851851851851852,6444.2,6065.0,-0.005012603926355826
3987,MARICO,2024-10-03,2024-10-16,0.08148148148148149,694.0,688.8,-0.0006105240687373307
3988,COLPAL,2024-10-03,2024-10-16,0.07777777777777778,3791.85,3460.0,-0.0068068503647442675
3989,NESTLEIND,2024-10-03,2024-10-16,0.07407407407407408,1342.5,1245.0,-0.00537968135733499
3990,DMART,2024-10-03,2024-10-16,0.07037037037037037,4924.55,4209.0,-0.010224998937673195
3991,CRISIL,2024-10-03,2024-10-16,0.06666666666666667,4610.0,4705.0,0.001373825018076645
3992,CERA,2024-10-03,2024-10-16,0.06296296296296296,8060.4,8025.65,-0.000271445953422034
3993,PGHH,2024-10-03,2024-10-16,0.05925925925925925,16724.0,16350.0,-0.0013252190243340683
3994,AJANTPHARM,2024-10-03,2024-10-16,0.05555555555555554,3244.2,3300.0,0.0009555514456568673
3995,RAINBOW,2024-10-03,2024-10-16,0.05185185185185183,1447.0,1470.45,0.0008403081727200607
3996,PIDILITIND,2024-10-03,2024-10-16,0.04814814814814812,3240.0,3170.0,-0.0010402377686328298
3997,SUVENPHAR,2024-10-03,2024-10-16,0.04444444444444441,1196.0,1207.7,0.0004347826086956536
3998,GSPL,2024-10-03,2024-10-16,0.0407407407407407,424.0,401.1,-0.002200384346610757
3999,HINDUNILVR,2024-10-17,2024-10-31,0.09259259259259262,2779.45,2554.95,-0.007478831077024966
4000,DABUR,2024-10-17,2024-10-31,0.0888888888888889,578.0,538.05,-0.006143790849673211
4001,MARICO,2024-10-17,2024-10-31,0.0851851851851852,681.0,649.9,-0.003890248545167785
4002,BRITANNIA,2024-10-17,2024-10-31,0.08148148148148149,6090.1,5779.0,-0.00416231078124972
4003,COLPAL,2024-10-17,2024-10-31,0.07777777777777778,3496.3,3098.7,-0.008844905884633604
4004,AJANTPHARM,2024-10-17,2024-10-31,0.07407407407407408,3339.05,2996.65,-0.007595861985583616
4005,DMART,2024-10-17,2024-10-31,0.07037037037037037,4175.0,3930.0,-0.004129518740297183
4006,NESTLEIND,2024-10-17,2024-10-31,0.06666666666666667,1237.47,1143.5,-0.005062479629135792
4007,PGHH,2024-10-17,2024-10-31,0.06296296296296296,16560.3,16246.35,-0.0011936512153899478
4008,GODREJCP,2024-10-17,2024-10-31,0.05925925925925925,1361.0,1308.9,-0.0022684845021362244
4009,CERA,2024-10-17,2024-10-31,0.05555555555555554,7970.15,7160.05,-0.005646763932367084
4010,PIDILITIND,2024-10-17,2024-10-31,0.05185185185185183,3180.0,3153.6,-0.00043046820405311104
4011,VIJAYA,2024-10-17,2024-10-31,0.04814814814814812,1044.75,960.3,-0.0038919465050118313
4012,RAINBOW,2024-10-17,2024-10-31,0.04444444444444441,1451.35,1482.0,0.0009385897421174944
4013,CRISIL,2024-10-17,2024-10-31,0.0407407407407407,5051.45,5385.0,0.002690133342718243
4014,HINDUNILVR,2024-11-05,2024-11-19,0.09259259259259262,2520.0,2431.9,-0.0032370664315108733
4015,DABUR,2024-11-05,2024-11-19,0.0888888888888889,535.05,511.0,-0.003995472904920613
4016,MARICO,2024-11-05,2024-11-19,0.0851851851851852,634.1,597.4,-0.004930289065283553
4017,BRITANNIA,2024-11-05,2024-11-19,0.08148148148148149,5634.15,4924.95,-0.01025650127644217
4018,DMART,2024-11-05,2024-11-19,0.07777777777777778,3945.85,3792.5,-0.0030227257047840683
4019,NESTLEIND,2024-11-05,2024-11-19,0.07407407407407408,1128.0,1112.5,-0.0010178618334646704
4020,GODREJCP,2024-11-05,2024-11-19,0.07037037037037037,1278.0,1191.0,-0.004790471222396105
4021,PIDILITIND,2024-11-05,2024-11-19,0.06666666666666667,3115.15,3009.3,-0.0022652734753275637
4022,CRISIL,2024-11-05,2024-11-19,0.06296296296296296,5475.05,5353.25,-0.001400697507582378
4023,PGHH,2024-11-05,2024-11-19,0.05925925925925925,16119.9,15711.45,-0.0015015257194178856
4024,COLPAL,2024-11-05,2024-11-19,0.05555555555555554,2983.1,2767.6,-0.004013349274989849
4025,RAINBOW,2024-11-05,2024-11-19,0.05185185185185183,1616.4,1603.3,-0.0004202296827884595
4026,CERA,2024-11-05,2024-11-19,0.04814814814814812,7132.95,7306.5,0.001171480398868787
4027,AJANTPHARM,2024-11-05,2024-11-19,0.04444444444444441,3001.35,2888.95,-0.0016644361889001803
4028,PFIZER,2024-11-05,2024-11-19,0.0407407407407407,5188.85,5185.8,-2.394736006230023e-05
4029,HINDUNILVR,2024-11-19,2024-12-03,0.09259259259259262,2431.9,2480.0,0.0018313679442837683
4030,DABUR,2024-11-19,2024-12-03,0.0888888888888889,511.0,523.9,0.0022439660795825146
4031,BRITANNIA,2024-11-19,2024-12-03,0.0851851851851852,4924.95,4899.55,-0.0004393351615150759
4032,PGHH,2024-11-19,2024-12-03,0.08148148148148149,15711.45,15919.25,0.0010776759530057246
4033,NESTLEIND,2024-11-19,2024-12-03,0.07777777777777778,1112.5,1131.0,0.0012933832709113608
4034,DMART,2024-11-19,2024-12-03,0.07407407407407408,3792.5,3678.4,-0.0022285700334480807
4035,RAINBOW,2024-11-19,2024-12-03,0.07037037037037037,1603.3,1620.0,0.0007329789716117934
4036,MARICO,2024-11-19,2024-12-03,0.06666666666666667,597.4,646.5,0.0054792991853587795
4037,CRISIL,2024-11-19,2024-12-03,0.06296296296296296,5353.25,5335.0,-0.00021464980601953467
4038,COLPAL,2024-11-19,2024-12-03,0.05925925925925925,2767.6,2897.5,0.002781391016685136
4039,GODREJCP,2024-11-19,2024-12-03,0.05555555555555554,1191.0,1227.15,0.0016862580464595614
4040,PIDILITIND,2024-11-19,2024-12-03,0.05185185185185183,3009.3,3133.65,0.002142617146106327
4041,IPCALAB,2024-11-19,2024-12-03,0.04814814814814812,1557.0,1541.1,-0.0004916862913009374
4042,KIMS,2024-11-19,2024-12-03,0.04444444444444441,562.95,608.0,0.003556660844164168
4043,PAGEIND,2024-11-19,2024-12-03,0.0407407407407407,44300.0,46100.0,0.0016553799849510892
4044,VBL,2024-12-03,2024-12-17,0.09259259259259262,600.0,645.4,0.007006172839506171
4045,VIJAYA,2024-12-03,2024-12-17,0.0888888888888889,1160.0,1059.35,-0.0077126436781609275
4046,HONASA,2024-12-03,2024-12-17,0.0851851851851852,266.0,251.0,-0.004803675856307436
4047,PFIZER,2024-12-03,2024-12-17,0.08148148148148149,5390.0,5016.1,-0.005652305366591076
4048,CRISIL,2024-12-03,2024-12-17,0.07777777777777778,5335.0,5829.0,0.00720191606789545
4049,RAINBOW,2024-12-03,2024-12-17,0.07407407407407408,1620.0,1614.95,-0.00023090992226794488
4050,HINDUNILVR,2024-12-03,2024-12-17,0.07037037037037037,2480.0,2353.35,-0.0035937126642771834
4051,PGHH,2024-12-03,2024-12-17,0.06666666666666667,15919.25,15700.0,-0.0009181755840675074
4052,RATNAMANI,2024-12-03,2024-12-17,0.06296296296296296,3399.8,3395.0,-8.889411795465428e-05
4053,SUNDRMFAST,2024-12-03,2024-12-17,0.05925925925925925,1147.9,1144.0,-0.00020133383666792965
4054,GODREJCP,2024-12-03,2024-12-17,0.05555555555555554,1227.15,1112.65,-0.00518364593661012
4055,CERA,2024-12-03,2024-12-17,0.05185185185185183,7444.15,7855.0,0.002861754979861145
4056,DMART,2024-12-03,2024-12-17,0.04814814814814812,3678.4,3627.05,-0.0006721420746540348
4057,ZFCVINDIA,2024-12-03,2024-12-17,0.04444444444444441,12366.0,11585.15,-0.0028064405987744167
4058,LALPATHLAB,2024-12-03,2024-12-17,0.0407407407407407,3019.25,2974.8,-0.0005997933016232232
4059,VBL,2024-12-18,2025-01-01,0.09259259259259262,647.0,638.5,-0.001216440551834679
4060,PFIZER,2024-12-18,2025-01-01,0.0888888888888889,5065.0,5270.0,0.00359767467368652
4061,INDIACEM,2024-12-18,2025-01-01,0.0851851851851852,331.25,376.35,0.01159804332634522
4062,RAINBOW,2024-12-18,2025-01-01,0.08148148148148149,1597.0,1499.55,-0.004972054082886897
4063,VIJAYA,2024-12-18,2025-01-01,0.07777777777777778,1068.0,1050.0,-0.0013108614232209736
4064,SUNDRMFAST,2024-12-18,2025-01-01,0.07407407407407408,1136.0,1061.45,-0.004861111111111109
4065,NH,2024-12-18,2025-01-01,0.07037037037037037,1289.2,1270.0,-0.0010480228910263066
4066,PGHH,2024-12-18,2025-01-01,0.06666666666666667,15626.0,14707.0,-0.003920815734459661
4067,ZFCVINDIA,2024-12-18,2025-01-01,0.06296296296296296,11600.0,11945.0,0.0018726053639846743
4068,CERA,2024-12-18,2025-01-01,0.05925925925925925,7590.0,7687.0,0.0007573317718245253
4069,CRISIL,2024-12-18,2025-01-01,0.05555555555555554,5740.0,6402.7,0.006414053426248545
4070,HONASA,2024-12-18,2025-01-01,0.05185185185185183,245.0,255.95,0.002317460317460314
4071,RATNAMANI,2024-12-18,2025-01-01,0.04814814814814812,3285.0,3166.0,-0.0017441794915158682
4072,AAVAS,2024-12-18,2025-01-01,0.04444444444444441,1665.0,1683.0,0.0004804804804804801
4073,LALPATHLAB,2024-12-18,2025-01-01,0.0407407407407407,3025.0,2991.25,-0.0004545454545454541
4074,VBL,2025-01-02,2025-01-16,0.09259259259259262,654.0,568.95,-0.01204128440366972
4075,HONASA,2025-01-02,2025-01-16,0.0888888888888889,249.95,245.05,-0.0017425707363694885
4076,INDIACEM,2025-01-02,2025-01-16,0.0851851851851852,378.4,377.75,-0.00014632761725784471
4077,AEGISLOG,2025-01-02,2025-01-16,0.08148148148148149,814.9,826.9,0.001199874558568877
4078,ZFCVINDIA,2025-01-02,2025-01-16,0.07777777777777778,11973.0,11455.55,-0.003361405755542568
4079,TIMKEN,2025-01-02,2025-01-16,0.07407407407407408,3056.4,2847.9,-0.005053148947927119
4080,CRISIL,2025-01-02,2025-01-16,0.07037037037037037,6351.0,5839.35,-0.005669185954967718
4081,PGHH,2025-01-02,2025-01-16,0.06666666666666667,14662.0,14550.0,-0.0005092529441185832
4082,SUNDRMFAST,2025-01-02,2025-01-16,0.06296296296296296,1045.75,1045.0,-4.515632055675087e-05
4083,NH,2025-01-02,2025-01-16,0.05925925925925925,1317.95,1290.0,-0.0012567216482387788
4084,RAINBOW,2025-01-02,2025-01-16,0.05555555555555554,1550.0,1464.65,-0.0030591397849462324
4085,RATNAMANI,2025-01-02,2025-01-16,0.05185185185185183,3181.25,3020.3,-0.002623357345557734
4086,PFIZER,2025-01-02,2025-01-16,0.04814814814814812,5350.0,4962.0,-0.003491865697473172
4087,VIJAYA,2025-01-02,2025-01-16,0.04444444444444441,1062.95,1157.95,0.003972173876684904
4088,HINDUNILVR,2025-01-02,2025-01-16,0.0407407407407407,2330.0,2376.95,0.0008209346685741497
4089,VBL,2025-01-21,2025-02-04,0.09259259259259262,562.05,583.65,0.0035584022773774626
4090,CRISIL,2025-01-21,2025-02-04,0.0888888888888889,5500.0,5421.0,-0.001276767676767677
4091,ASTRAZEN,2025-01-21,2025-02-04,0.0851851851851852,6940.0,7441.45,0.006155059237912263
4092,INDIACEM,2025-01-21,2025-02-04,0.08148148148148149,375.0,261.75,-0.024607407407407408
4093,HONASA,2025-01-21,2025-02-04,0.07777777777777778,253.0,224.01,-0.008912165129556436
4094,VIJAYA,2025-01-21,2025-02-04,0.07407407407407408,1070.05,1075.95,0.00040842674364473047
4095,PGHH,2025-01-21,2025-02-04,0.07037037037037037,14903.85,14655.1,-0.0011745038785031807
4096,ZFCVINDIA,2025-01-21,2025-02-04,0.06666666666666667,11005.0,10984.55,-0.00012388308344692247
4097,HINDUNILVR,2025-01-21,2025-02-04,0.06296296296296296,2353.5,2450.0,0.0025816553753668686
4098,GODREJCP,2025-01-21,2025-02-04,0.05925925925925925,1172.5,1161.2,-0.0005711126905156732
4099,RAINBOW,2025-01-21,2025-02-04,0.05555555555555554,1458.2,1410.35,-0.0018230238193206283
4100,LALPATHLAB,2025-01-21,2025-02-04,0.05185185185185183,2815.75,2855.05,0.0007237069263172463
4101,ALKEM,2025-01-21,2025-02-04,0.04814814814814812,5264.0,5048.5,-0.0019711105482382064
4102,DRREDDY,2025-01-21,2025-02-04,0.04444444444444441,1302.35,1207.0,-0.0032539469250030873
4103,AEGISLOG,2025-01-21,2025-02-04,0.0407407407407407,794.05,677.9,-0.005959369104007344
4104,VBL,2025-02-04,2025-02-18,0.09259259259259262,583.65,476.0,-0.017078030656373845
4105,ASTRAZEN,2025-02-04,2025-02-18,0.0888888888888889,7441.45,7084.9,-0.004259026578601396
4106,PGHH,2025-02-04,2025-02-18,0.0851851851851852,14655.1,13800.0,-0.004970409744856869
4107,HINDUNILVR,2025-02-04,2025-02-18,0.08148148148148149,2450.0,2329.4,-0.004010884353741495
4108,CRISIL,2025-02-04,2025-02-18,0.07777777777777778,5421.0,4995.15,-0.006109881325708669
4109,HONASA,2025-02-04,2025-02-18,0.07407407407407408,224.01,223.26,-0.0002480048013729546
4110,ZFCVINDIA,2025-02-04,2025-02-18,0.07037037037037037,10984.55,10931.3,-0.00034113570626217944
4111,RATNAMANI,2025-02-04,2025-02-18,0.06666666666666667,2782.95,2502.0,-0.006730268240536117
4112,GODREJCP,2025-02-04,2025-02-18,0.06296296296296296,1161.2,1039.9,-0.006577167936106961
4113,AAVAS,2025-02-04,2025-02-18,0.05925925925925925,1727.0,1681.0,-0.0015784168650410685
4114,BRITANNIA,2025-02-04,2025-02-18,0.05555555555555554,5118.0,4963.7,-0.0016749164170031712
4115,RAINBOW,2025-02-04,2025-02-18,0.05185185185185183,1410.35,1285.3,-0.004597492873452739
4116,ALKEM,2025-02-04,2025-02-18,0.04814814814814812,5048.5,4735.0,-0.0029898869851330964
4117,DRREDDY,2025-02-04,2025-02-18,0.04444444444444441,1207.0,1198.95,-0.00029641903709840553
4118,TORNTPHARM,2025-02-04,2025-02-18,0.0407407407407407,3170.0,3078.05,-0.0011817385208552366
4119,VBL,2025-02-18,2025-03-04,0.09259259259259262,476.0,456.95,-0.003705648926237165
4120,ASTRAZEN,2025-02-18,2025-03-04,0.0888888888888889,7084.9,6868.25,-0.002718143908562965
4121,PGHH,2025-02-18,2025-03-04,0.0851851851851852,13800.0,13599.85,-0.0012354938271604918
4122,CRISIL,2025-02-18,2025-03-04,0.08148148148148149,4995.15,4422.0,-0.009349291034525708
4123,HINDUNILVR,2025-02-18,2025-03-04,0.07777777777777778,2329.4,2179.95,-0.004990078513303387
4124,BRITANNIA,2025-02-18,2025-03-04,0.07407407407407408,4963.7,4530.05,-0.0064714270044970885
4125,GODREJCP,2025-02-18,2025-03-04,0.07037037037037037,1039.9,990.0,-0.0033767491888465123
4126,NYKAA,2025-02-18,2025-03-04,0.06666666666666667,173.4,158.95,-0.005555555555555562
4127,HAPPSTMNDS,2025-02-18,2025-03-04,0.06296296296296296,676.7,670.0,-0.0006233956729006276
4128,RRKABEL,2025-02-18,2025-03-04,0.05925925925925925,1127.45,872.35,-0.013408166248646977
4129,AAVAS,2025-02-18,2025-03-04,0.05555555555555554,1681.0,1676.0,-0.00016524555489457328
4130,LALPATHLAB,2025-02-18,2025-03-04,0.05185185185185183,2629.5,2325.0,-0.006004521349643994
4131,MARICO,2025-02-18,2025-03-04,0.04814814814814812,620.25,585.0,-0.0027363518294594457
4132,ZFCVINDIA,2025-02-18,2025-03-04,0.04444444444444441,10931.3,10450.0,-0.0019568679947591836
4133,TORNTPHARM,2025-02-18,2025-03-04,0.0407407407407407,3078.05,2945.5,-0.0017544176297282978
4134,VBL,2025-03-05,2025-03-19,0.09259259259259262,480.2,533.85,0.010344840884199494
4135,ASTRAZEN,2025-03-05,2025-03-19,0.0888888888888889,7180.8,8043.7,0.010681570608041193
4136,HINDUNILVR,2025-03-05,2025-03-19,0.0851851851851852,2152.0,2207.0,0.002177130662260774
4137,CRISIL,2025-03-05,2025-03-19,0.08148148148148149,4478.3,4434.8,-0.0007914709698868867
4138,HAPPSTMNDS,2025-03-05,2025-03-19,0.07777777777777778,673.65,645.05,-0.00330207740584049
4139,BRITANNIA,2025-03-05,2025-03-19,0.07407407407407408,4579.9,4797.0,0.0035113171644537023
4140,NYKAA,2025-03-05,2025-03-19,0.07037037037037037,162.2,167.4,0.0022560168059551616
4141,AAVAS,2025-03-05,2025-03-19,0.06666666666666667,1677.25,1872.0,0.007740845630247926
4142,GODREJCP,2025-03-05,2025-03-19,0.06296296296296296,990.25,1085.1,0.006030837704657441
4143,ABBOTINDIA,2025-03-05,2025-03-19,0.05925925925925925,31539.9,30000.0,-0.0028932664128083286
4144,ALKEM,2025-03-05,2025-03-19,0.05555555555555554,4610.0,4840.0,0.002771752229452879
4145,DRREDDY,2025-03-05,2025-03-19,0.05185185185185183,1120.5,1174.0,0.0024757466078304978
4146,PFIZER,2025-03-05,2025-03-19,0.04814814814814812,3970.0,4086.15,0.0014086668532512364
4147,STARHEALTH,2025-03-05,2025-03-19,0.04444444444444441,360.55,358.1,-0.00030200773509607074
4148,INDIACEM,2025-03-05,2025-03-19,0.0407407407407407,293.0,275.1,-0.0024889394513967836
4149,ASTRAZEN,2025-03-20,2025-04-03,0.09259259259259262,7979.95,8099.9,0.0013917983798747444
4150,HINDUNILVR,2025-03-20,2025-04-03,0.0888888888888889,2203.9,2225.45,0.000869166275945157
4151,CRISIL,2025-03-20,2025-04-03,0.0851851851851852,4409.75,4231.4,-0.003445269636096788
4152,HAPPSTMNDS,2025-03-20,2025-04-03,0.08148148148148149,647.0,600.0,-0.0059190566145743894
4153,ABBOTINDIA,2025-03-20,2025-04-03,0.07777777777777778,30348.9,29800.0,-0.0014067139903661198
4154,BRITANNIA,2025-03-20,2025-04-03,0.07407407407407408,4741.9,4990.05,0.0038763958500772954
4155,AAVAS,2025-03-20,2025-04-03,0.07037037037037037,1918.05,2067.85,0.00549593674903234
4156,HCLTECH,2025-03-20,2025-04-03,0.06666666666666667,1547.85,1500.0,-0.002060923216073905
4157,CHOLAHLDNG,2025-03-20,2025-04-03,0.06296296296296296,1646.1,1731.05,0.0032493188164168076
4158,GODREJCP,2025-03-20,2025-04-03,0.05925925925925925,1074.95,1148.95,0.004079431773743136
4159,LALPATHLAB,2025-03-20,2025-04-03,0.05555555555555554,2591.0,2485.0,-0.002272824735194476
4160,DRREDDY,2025-03-20,2025-04-03,0.05185185185185183,1178.95,1190.5,0.0005079849772160704
4161,STARHEALTH,2025-03-20,2025-04-03,0.04814814814814812,358.95,343.1,-0.002126056966563995
4162,NYKAA,2025-03-20,2025-04-03,0.04444444444444441,165.29,179.0,0.003686450077641317
4163,INFY,2025-03-20,2025-04-03,0.0407407407407407,1592.0,1534.65,-0.0014676391215335902
4164,HINDUNILVR,2025-04-08,2025-04-22,0.09259259259259262,2268.3,2370.0,0.004151420300077879
4165,CRISIL,2025-04-08,2025-04-22,0.0888888888888889,4160.15,4734.0,0.012261310022208078
4166,BRITANNIA,2025-04-08,2025-04-22,0.0851851851851852,5062.45,5440.0,0.006352984556226075
4167,ABBOTINDIA,2025-04-08,2025-04-22,0.08148148148148149,29498.9,30915.0,0.003911533173302253
4168,GODREJCP,2025-04-08,2025-04-22,0.07777777777777778,1178.5,1225.0,0.0030688728609814734
4169,NESTLEIND,2025-04-08,2025-04-22,0.07407407407407408,1127.5,1202.5,0.004927322000492733
4170,ZFCVINDIA,2025-04-08,2025-04-22,0.07037037037037037,13000.0,13045.0,0.0002435897435897436
4171,AAVAS,2025-04-08,2025-04-22,0.06666666666666667,2029.85,2166.4,0.0044847320409554135
4172,STARHEALTH,2025-04-08,2025-04-22,0.06296296296296296,350.0,394.9,0.008077248677248672
4173,ASTRAZEN,2025-04-08,2025-04-22,0.05925925925925925,7928.65,8791.0,0.006445261453364978
4174,DABUR,2025-04-08,2025-04-22,0.05555555555555554,454.9,476.0,0.0025768789233286946
4175,ITC,2025-04-08,2025-04-22,0.05185185185185183,411.9,425.95,0.0017686781221619783
4176,PIDILITIND,2025-04-08,2025-04-22,0.04814814814814812,2850.0,3019.3,0.002860168940870697
4177,BERGEPAINT,2025-04-08,2025-04-22,0.04444444444444441,520.0,554.9,0.0029829059829059785
4178,TORNTPHARM,2025-04-08,2025-04-22,0.0407407407407407,3241.2,3269.6,0.00035697798254875966
4179,HINDUNILVR,2025-04-22,2025-05-06,0.09259259259259262,2370.0,2340.2,-0.0011642444131895683
4180,BRITANNIA,2025-04-22,2025-05-06,0.0888888888888889,5440.0,5350.0,-0.001470588235294118
4181,GODREJCP,2025-04-22,2025-05-06,0.0851851851851852,1225.0,1267.5,0.002955404383975813
4182,NESTLEIND,2025-04-22,2025-05-06,0.08148148148148149,1202.5,1168.5,-0.002303842303842304
4183,ABBOTINDIA,2025-04-22,2025-05-06,0.07777777777777778,30915.0,30695.0,-0.0005534889571764875
4184,CRISIL,2025-04-22,2025-05-06,0.07407407407407408,4734.0,4620.6,-0.0017743979721165978
4185,AAVAS,2025-04-22,2025-05-06,0.07037037037037037,2166.4,1812.0,-0.011511844192789543
4186,MARICO,2025-04-22,2025-05-06,0.06666666666666667,698.9,722.65,0.0022654647779844516
4187,TORNTPHARM,2025-04-22,2025-05-06,0.06296296296296296,3269.6,3287.0,0.0003350732675420728
4188,BERGEPAINT,2025-04-22,2025-05-06,0.05925925925925925,554.9,554.0,-9.611341382831498e-05
4189,DABUR,2025-04-22,2025-05-06,0.05555555555555554,476.0,482.0,0.0007002801120448178
4190,ITC,2025-04-22,2025-05-06,0.05185185185185183,425.95,437.5,0.0014060074865333708
4191,ZFCVINDIA,2025-04-22,2025-05-06,0.04814814814814812,13045.0,12250.0,-0.0029342872961117482
4192,PIDILITIND,2025-04-22,2025-05-06,0.04444444444444441,3019.3,3027.0,0.00011334488862392404
4193,ANANDRATHI,2025-04-22,2025-05-06,0.0407407407407407,1750.0,1749.0,-2.328042328042326e-05
4194,HINDUNILVR,2025-05-06,2025-05-20,0.09259259259259262,2340.2,2394.6,0.002152395964890628
4195,BRITANNIA,2025-05-06,2025-05-20,0.0888888888888889,5350.0,5518.0,0.002791277258566979
4196,NESTLEIND,2025-05-06,2025-05-20,0.0851851851851852,1168.5,1209.9,0.0030181143916702393
4197,GODREJCP,2025-05-06,2025-05-20,0.08148148148148149,1267.5,1297.0,0.0018964131784644607
4198,ABBOTINDIA,2025-05-06,2025-05-20,0.07777777777777778,30695.0,30805.0,0.0002787279868237679
4199,CRISIL,2025-05-06,2025-05-20,0.07407407407407408,4620.6,5174.9,0.008886131510898846
4200,DABUR,2025-05-06,2025-05-20,0.07037037037037037,482.0,484.85,0.00041609036422314766
4201,AAVAS,2025-05-06,2025-05-20,0.06666666666666667,1812.0,1799.8,-0.0004488594554819737
4202,LALPATHLAB,2025-05-06,2025-05-20,0.06296296296296296,2757.9,2823.6,0.0014999335242998858
4203,TCS,2025-05-06,2025-05-20,0.05925925925925925,3460.0,3531.8,0.0012297152643973483
4204,MARICO,2025-05-06,2025-05-20,0.05555555555555554,722.65,721.8,-6.53459104991676e-05
4205,ITC,2025-05-06,2025-05-20,0.05185185185185183,437.5,437.0,-5.925925925925923e-05
4206,ANANDRATHI,2025-05-06,2025-05-20,0.04814814814814812,1749.0,1840.1,0.002507888105372378
4207,ITI,2025-05-06,2025-05-20,0.04444444444444441,258.0,283.05,0.0043152454780361746
4208,BERGEPAINT,2025-05-06,2025-05-20,0.0407407407407407,554.0,566.9,0.0009486562374648991
4209,HINDUNILVR,2025-05-21,2025-06-04,0.09259259259259262,2346.0,2359.5,0.0005328218243819268
4210,BRITANNIA,2025-05-21,2025-06-04,0.0888888888888889,5435.0,5580.0,0.002371460697127671
4211,ABBOTINDIA,2025-05-21,2025-06-04,0.0851851851851852,30845.0,31395.0,0.001518944783655434
4212,NESTLEIND,2025-05-21,2025-06-04,0.08148148148148149,1179.25,1194.2,0.0010329854976876421
4213,LALPATHLAB,2025-05-21,2025-06-04,0.07777777777777778,2835.0,2848.0,0.0003566529492455418
4214,CRISIL,2025-05-21,2025-06-04,0.07407407407407408,5040.0,5162.0,0.0017930629041740154
4215,PFIZER,2025-05-21,2025-06-04,0.07037037037037037,4946.9,5693.0,0.010613380770448839
4216,GODREJCP,2025-05-21,2025-06-04,0.06666666666666667,1260.0,1240.1,-0.0010529100529100576
4217,ANANDRATHI,2025-05-21,2025-06-04,0.06296296296296296,1831.5,1970.0,0.004761326983549205
4218,MARICO,2025-05-21,2025-06-04,0.05925925925925925,705.25,704.5,-6.301941785812752e-05
4219,ASTRAZEN,2025-05-21,2025-06-04,0.05555555555555554,7923.0,9250.0,0.009304836832288553
4220,DABUR,2025-05-21,2025-06-04,0.05185185185185183,477.8,487.0,0.0009984031750461203
4221,BERGEPAINT,2025-05-21,2025-06-04,0.04814814814814812,557.0,560.4,0.0002939025201143672
4222,ITC,2025-05-21,2025-06-04,0.04444444444444441,436.6,417.15,-0.0019799460477426607
4223,PIDILITIND,2025-05-21,2025-06-04,0.0407407407407407,3003.9,3096.1,0.0012504731503366574
4224,ABBOTINDIA,2025-06-05,2025-06-19,0.09259259259259262,31400.0,31895.0,0.0014596602972399154
4225,HINDUNILVR,2025-06-05,2025-06-19,0.0888888888888889,2364.5,2300.1,-0.002420995747280378
4226,BRITANNIA,2025-06-05,2025-06-19,0.0851851851851852,5542.0,5587.0,0.0006916877180319982
4227,PFIZER,2025-06-05,2025-06-19,0.08148148148148149,5773.5,5790.0,0.00023286471714634876
4228,NESTLEIND,2025-06-05,2025-06-19,0.07777777777777778,1202.5,1170.4,-0.00207623007623007
4229,LALPATHLAB,2025-06-05,2025-06-19,0.07407407407407408,2865.0,2926.9,0.0016004136772025104
4230,ANANDRATHI,2025-06-05,2025-06-19,0.07037037037037037,1989.0,2078.8,0.0031771036999795237
4231,GODREJCP,2025-06-05,2025-06-19,0.06666666666666667,1234.0,1194.5,-0.0021339816315505133
4232,BERGEPAINT,2025-06-05,2025-06-19,0.06296296296296296,569.35,555.95,-0.0014818717901180331
4233,MARICO,2025-06-05,2025-06-19,0.05925925925925925,707.05,694.0,-0.0010937463168564183
4234,CCL,2025-06-05,2025-06-19,0.05555555555555554,894.25,801.0,-0.0057931848538502135
4235,DABUR,2025-06-05,2025-06-19,0.05185185185185183,494.3,469.0,-0.0026539588344160463
4236,ASTRAZEN,2025-06-05,2025-06-19,0.04814814814814812,9495.0,9680.5,0.0009406510249058954
4237,PIDILITIND,2025-06-05,2025-06-19,0.04444444444444441,3095.4,2962.1,-0.001913951167682512
4238,TCS,2025-06-05,2025-06-19,0.0407407407407407,3409.0,3450.0,0.0004899883749986414
4239,HINDUNILVR,2025-06-24,2025-07-08,0.09259259259259262,2295.0,2405.4,0.004454127329944328
4240,PFIZER,2025-06-24,2025-07-08,0.0888888888888889,5750.5,5874.0,0.0019090127428532788
4241,BRITANNIA,2025-06-24,2025-07-08,0.0851851851851852,5600.0,5890.0,0.004411375661375662
4242,ABBOTINDIA,2025-06-24,2025-07-08,0.08148148148148149,31370.0,34695.0,0.008636465601719028
4243,BERGEPAINT,2025-06-24,2025-07-08,0.07777777777777778,560.45,585.9,0.0035318841010695675
4244,CCL,2025-06-24,2025-07-08,0.07407407407407408,834.0,898.95,0.0057687183586464215
4245,LALPATHLAB,2025-06-24,2025-07-08,0.07037037037037037,2807.5,2859.0,0.0012908545232677023
4246,GODREJCP,2025-06-24,2025-07-08,0.06666666666666667,1181.0,1252.5,0.004036127575500988
4247,NESTLEIND,2025-06-24,2025-07-08,0.06296296296296296,1187.5,1211.05,0.0012486549707602314
4248,MARICO,2025-06-24,2025-07-08,0.05925925925925925,699.15,730.0,0.002614815344558606
4249,ASTRAZEN,2025-06-24,2025-07-08,0.05555555555555554,8963.0,9150.0,0.0011590861194788447
4250,ANANDRATHI,2025-06-24,2025-07-08,0.05185185185185183,2134.0,2110.0,-0.000583151098615016
4251,PIDILITIND,2025-06-24,2025-07-08,0.04814814814814812,3004.0,3075.0,0.0011379888543670163
4252,NAVINFLUOR,2025-06-24,2025-07-08,0.04444444444444441,4695.0,4926.0,0.0021867234646787345
4253,DABUR,2025-06-24,2025-07-08,0.0407407407407407,468.0,512.5,0.0038738524849635924
4254,HINDUNILVR,2025-07-08,2025-07-22,0.09259259259259262,2405.4,2470.0,0.0024866889005909516
4255,PFIZER,2025-07-08,2025-07-22,0.0888888888888889,5874.0,5342.0,-0.008050542882003558
4256,BRITANNIA,2025-07-08,2025-07-22,0.0851851851851852,5890.0,5695.5,-0.0028129912595107843
4257,CCL,2025-07-08,2025-07-22,0.08148148148148149,898.95,877.5,-0.0019442435928336188
4258,ABBOTINDIA,2025-07-08,2025-07-22,0.07777777777777778,34695.0,34250.0,-0.000997582104369826
4259,BERGEPAINT,2025-07-08,2025-07-22,0.07407407407407408,585.9,569.35,-0.0020923808259531024
4260,NESTLEIND,2025-07-08,2025-07-22,0.07037037037037037,1211.05,1236.4,0.0014730101060145319
4261,ANANDRATHI,2025-07-08,2025-07-22,0.06666666666666667,2110.0,2630.0,0.016429699842022114
4262,ITC,2025-07-08,2025-07-22,0.06296296296296296,416.15,420.1,0.0005976299500269291
4263,MARICO,2025-07-08,2025-07-22,0.05925925925925925,730.0,720.0,-0.0008117706747843732
4264,PIDILITIND,2025-07-08,2025-07-22,0.05555555555555554,3075.0,2965.0,-0.0019873532068654014
4265,LALPATHLAB,2025-07-08,2025-07-22,0.05185185185185183,2859.0,2973.6,0.002078426800357543
4266,GODREJCP,2025-07-08,2025-07-22,0.04814814814814812,1252.5,1240.1,-0.00047667627707548185
4267,DABUR,2025-07-08,2025-07-22,0.04444444444444441,512.5,515.45,0.00025582655826558644
4268,NAVINFLUOR,2025-07-08,2025-07-22,0.0407407407407407,4926.0,5011.8,0.0007096133892723427
4269,PFIZER,2025-07-22,2025-08-05,0.09259259259259262,5342.0,5047.5,-0.005104552324694595
4270,HINDUNILVR,2025-07-22,2025-08-05,0.0888888888888889,2470.0,2537.5,0.0024291497975708507
4271,CCL,2025-07-22,2025-08-05,0.0851851851851852,877.5,936.75,0.005751820196264641
4272,BRITANNIA,2025-07-22,2025-08-05,0.08148148148148149,5695.5,5795.0,0.0014234759735593729
4273,ANANDRATHI,2025-07-22,2025-08-05,0.07777777777777778,2630.0,2650.0,0.0005914659907055344
4274,ABBOTINDIA,2025-07-22,2025-08-05,0.07407407407407408,34250.0,33855.0,-0.0008542849418761828
4275,JYOTHYLAB,2025-07-22,2025-08-05,0.07037037037037037,344.45,333.75,-0.00218598624753364
4276,BERGEPAINT,2025-07-22,2025-08-05,0.06666666666666667,569.35,568.35,-0.0001170925909663066
4277,PIDILITIND,2025-07-22,2025-08-05,0.06296296296296296,2965.0,2966.4,2.972956092686471e-05
4278,LALPATHLAB,2025-07-22,2025-08-05,0.05925925925925925,2973.6,3101.0,0.0025388854014089433
4279,NESTLEIND,2025-07-22,2025-08-05,0.05555555555555554,1236.4,1139.85,-0.004338311945073517
4280,ITC,2025-07-22,2025-08-05,0.05185185185185183,420.1,417.2,-0.0003579394676752489
4281,DABUR,2025-07-22,2025-08-05,0.04814814814814812,515.45,529.65,0.0013264209985521388
4282,ASIANPAINT,2025-07-22,2025-08-05,0.04444444444444441,2375.4,2461.9,0.001618440870777318
4283,BATAINDIA,2025-07-22,2025-08-05,0.0407407407407407,1214.2,1189.8,-0.0008187070285571379
4284,PFIZER,2025-08-06,2025-08-20,0.09259259259259262,5092.0,5650.0,0.010146635244828492
4285,CCL,2025-08-06,2025-08-20,0.0888888888888889,855.0,930.0,0.007797270955165693
4286,HINDUNILVR,2025-08-06,2025-08-20,0.0851851851851852,2538.7,2599.0,0.0020233452817058663
4287,LALPATHLAB,2025-08-06,2025-08-20,0.08148148148148149,3181.0,3392.3,0.005412460558641009
4288,ANANDRATHI,2025-08-06,2025-08-20,0.07777777777777778,2635.8,2820.6,0.005453119862407357
4289,JYOTHYLAB,2025-08-06,2025-08-20,0.07407407407407408,328.5,336.0,0.001691188905800778
4290,NAVINFLUOR,2025-08-06,2025-08-20,0.07037037037037037,5175.0,5065.5,-0.001488996242619431
4291,INDIACEM,2025-08-06,2025-08-20,0.06666666666666667,373.25,371.55,-0.0003036392051797256
4292,ITC,2025-08-06,2025-08-20,0.06296296296296296,414.15,409.1,-0.0007677483109089945
4293,BRITANNIA,2025-08-06,2025-08-20,0.05925925925925925,5599.5,5482.0,-0.001243497269928201
4294,EMAMILTD,2025-08-06,2025-08-20,0.05555555555555554,614.2,605.0,-0.0008321574586634866
4295,PIDILITIND,2025-08-06,2025-08-20,0.05185185185185183,3026.0,3092.8,0.001144647621845245
4296,DABUR,2025-08-06,2025-08-20,0.04814814814814812,524.15,522.0,-0.00019749788899841146
4297,ASIANPAINT,2025-08-06,2025-08-20,0.04444444444444441,2440.0,2578.0,0.00251366120218579
4298,NESTLEIND,2025-08-06,2025-08-20,0.0407407407407407,1135.0,1165.0,0.001076847772883014
4299,CCL,2025-08-21,2025-09-04,0.09259259259259262,901.2,950.0,0.005013890943762223
4300,PFIZER,2025-08-21,2025-09-04,0.0888888888888889,5691.0,5259.5,-0.006739686444483493
4301,LALPATHLAB,2025-08-21,2025-09-04,0.0851851851851852,3455.0,3399.0,-0.0013807150131318004
4302,JYOTHYLAB,2025-08-21,2025-09-04,0.08148148148148149,347.5,347.0,-0.00011723954169997336
4303,HINDUNILVR,2025-08-21,2025-09-04,0.07777777777777778,2667.1,2750.0,0.0024175238190460744
4304,AEGISLOG,2025-08-21,2025-09-04,0.07407407407407408,740.0,701.7,-0.0038338338338338297
4305,ANANDRATHI,2025-08-21,2025-09-04,0.07037037037037037,2799.0,2939.9,0.0035424027099625554
4306,NAVINFLUOR,2025-08-21,2025-09-04,0.06666666666666667,5027.0,4880.0,-0.001949472846628208
4307,ITC,2025-08-21,2025-09-04,0.06296296296296296,406.05,423.95,0.0027756114691221165
4308,EMAMILTD,2025-08-21,2025-09-04,0.05925925925925925,628.45,606.0,-0.0021169072644925974
4309,ASTERDM,2025-08-21,2025-09-04,0.05555555555555554,620.0,625.0,0.0004480286738351253
4310,MEDANTA,2025-08-21,2025-09-04,0.05185185185185183,1386.0,1449.8,0.002386831275720162
4311,GLENMARK,2025-08-21,2025-09-04,0.04814814814814812,1924.0,2025.0,0.0025275275275275263
4312,PIDILITIND,2025-08-21,2025-09-04,0.04444444444444441,3087.0,3125.0,0.000547097145736601
4313,ABBOTINDIA,2025-08-21,2025-09-04,0.0407407407407407,32895.0,32565.0,-0.00040870784144837914
4314,CCL,2025-09-09,2025-09-23,0.09259259259259262,902.25,900.15,-0.0002155106062005504
4315,LALPATHLAB,2025-09-09,2025-09-23,0.0888888888888889,3210.7,3405.8,0.005401383568138493
4316,HINDUNILVR,2025-09-09,2025-09-23,0.0851851851851852,2637.0,2568.9,-0.0021998904478995464
4317,PFIZER,2025-09-09,2025-09-23,0.08148148148148149,5141.0,5062.0,-0.0012520982371206065
4318,JYOTHYLAB,2025-09-09,2025-09-23,0.07777777777777778,327.4,322.6,-0.0011402972917939212
4319,ASTERDM,2025-09-09,2025-09-23,0.07407407407407408,636.7,644.0,0.0008492865411351302
4320,ITC,2025-09-09,2025-09-23,0.07037037037037037,408.5,407.1,-0.00024117140396209773
4321,MEDANTA,2025-09-09,2025-09-23,0.06666666666666667,1386.0,1335.6,-0.0024242424242424286
4322,NAVINFLUOR,2025-09-09,2025-09-23,0.06296296296296296,4712.0,4720.0,0.00010689806954662641
4323,ERIS,2025-09-09,2025-09-23,0.05925925925925925,1711.0,1644.1,-0.002317033573608679
4324,RAINBOW,2025-09-09,2025-09-23,0.05555555555555554,1481.5,1416.2,-0.00244871939100761
4325,GLENMARK,2025-09-09,2025-09-23,0.05185185185185183,2073.0,2020.5,-0.0013131800396633964
4326,BRITANNIA,2025-09-09,2025-09-23,0.04814814814814812,6116.0,6066.5,-0.0003896882494004794
4327,RADICO,2025-09-09,2025-09-23,0.04444444444444441,2755.0,3030.7,0.004447670901391403
4328,EMAMILTD,2025-09-09,2025-09-23,0.0407407407407407,604.55,585.9,-0.0012568270859561876
4329,CCL,2025-09-23,2025-10-07,0.09259259259259262,900.15,849.15,-0.005246039240373519
4330,JYOTHYLAB,2025-09-23,2025-10-07,0.0888888888888889,322.6,311.9,-0.002948267548391554
4331,HINDUNILVR,2025-09-23,2025-10-07,0.0851851851851852,2568.9,2540.0,-0.0009583291883108957
4332,RAINBOW,2025-09-23,2025-10-07,0.08148148148148149,1416.2,1332.1,-0.004838718113679285
4333,ERIS,2025-09-23,2025-10-07,0.07777777777777778,1644.1,1615.7,-0.0013435246571917028
4334,LALPATHLAB,2025-09-23,2025-10-07,0.07407407407407408,3405.8,3190.9,-0.004673944012719046
4335,PFIZER,2025-09-23,2025-10-07,0.07037037037037037,5062.0,5175.0,0.0015708913180268378
4336,MEDANTA,2025-09-23,2025-10-07,0.06666666666666667,1335.6,1379.8,0.0022062493760606995
4337,ASTERDM,2025-09-23,2025-10-07,0.06296296296296296,644.0,675.0,0.0030308258569128133
4338,ITC,2025-09-23,2025-10-07,0.05925925925925925,407.1,402.5,-0.0006695961498221416
4339,JKCEMENT,2025-09-23,2025-10-07,0.05555555555555554,6859.5,6383.0,-0.003859205805411796
4340,GODREJCP,2025-09-23,2025-10-07,0.05185185185185183,1231.5,1147.6,-0.0035325784574668073
4341,GLENMARK,2025-09-23,2025-10-07,0.04814814814814812,2020.5,1970.0,-0.0012034058309732642
4342,NAVINFLUOR,2025-09-23,2025-10-07,0.04444444444444441,4720.0,4590.0,-0.001224105461393596
4343,BRITANNIA,2025-09-23,2025-10-07,0.0407407407407407,6066.5,6012.0,-0.00036600517108223326
4344,ERIS,2025-10-07,2025-10-21,0.09259259259259262,1615.7,1585.0,-0.0017593566829192284
4345,CCL,2025-10-07,2025-10-21,0.0888888888888889,849.15,848.2,-9.944585107983089e-05
4346,GLENMARK,2025-10-07,2025-10-21,0.0851851851851852,1970.0,1852.8,-0.005067869900357212
4347,LALPATHLAB,2025-10-07,2025-10-21,0.08148148148148149,3190.9,3147.3,-0.001113351277881659
4348,KPRMILL,2025-10-07,2025-10-21,0.07777777777777778,1065.5,1021.0,-0.003248344543511132
4349,IPCALAB,2025-10-07,2025-10-21,0.07407407407407408,1321.0,1278.5,-0.002383155297614041
4350,PFIZER,2025-10-07,2025-10-21,0.07037037037037037,5175.0,5356.0,0.0024612631955627127
4351,RADICO,2025-10-07,2025-10-21,0.06666666666666667,2950.0,3280.0,0.007457627118644068
4352,MEDANTA,2025-10-07,2025-10-21,0.06296296296296296,1379.8,1395.0,0.000693605621856095
4353,RAINBOW,2025-10-07,2025-10-21,0.05925925925925925,1332.1,1363.9,0.0014146418770696306
4354,JYOTHYLAB,2025-10-07,2025-10-21,0.05555555555555554,311.9,319.9,0.0014249581418545826
4355,NAVINFLUOR,2025-10-07,2025-10-21,0.05185185185185183,4590.0,5165.1,0.006496732026143793
4356,CONCORDBIO,2025-10-07,2025-10-21,0.04814814814814812,1629.9,1508.8,-0.0035773610287384155
4357,HINDUNILVR,2025-10-07,2025-10-21,0.04444444444444441,2540.0,2594.0,0.0009448818897637788
4358,JKCEMENT,2025-10-07,2025-10-21,0.0407407407407407,6383.0,6400.0,0.0001085058111534689
4359,KPRMILL,2025-10-23,2025-11-06,0.09259259259259262,1059.1,1062.0,0.0002535346223383316
4360,SKFINDIA,2025-10-23,2025-11-06,0.0888888888888889,2266.0,2130.0,-0.005334902422281064
4361,ERIS,2025-10-23,2025-11-06,0.0851851851851852,1610.0,1602.0,-0.00042328042328042335
4362,IPCALAB,2025-10-23,2025-11-06,0.08148148148148149,1287.4,1289.0,0.00010126640544536506
4363,CCL,2025-10-23,2025-11-06,0.07777777777777778,848.65,922.0,0.006722441524774645
4364,GODFRYPHLP,2025-10-23,2025-11-06,0.07407407407407408,3413.0,3022.0,-0.008486071773502187
4365,CONCORDBIO,2025-10-23,2025-11-06,0.07037037037037037,1533.7,1455.0,-0.0036109722554268447
4366,PFIZER,2025-10-23,2025-11-06,0.06666666666666667,5351.5,5100.0,-0.003133077953221838
4367,LALPATHLAB,2025-10-23,2025-11-06,0.06296296296296296,3116.0,3138.0,0.00044453953311462935
4368,3MINDIA,2025-10-23,2025-11-06,0.05925925925925925,30000.0,35700.0,0.011259259259259257
4369,NAVINFLUOR,2025-10-23,2025-11-06,0.05555555555555554,5189.9,6023.0,0.008917962452712641
4370,UBL,2025-10-23,2025-11-06,0.05185185185185183,1809.8,1814.8,0.00014325298887128918
4371,RAINBOW,2025-10-23,2025-11-06,0.04814814814814812,1377.4,1399.9,0.0007865059774454282
4372,VIJAYA,2025-10-23,2025-11-06,0.04444444444444441,1004.0,1018.45,0.0006396635679504221
4373,GLENMARK,2025-10-23,2025-11-06,0.0407407407407407,1869.0,1859.9,-0.00019836315716465313
4374,ERIS,2025-11-07,2025-11-21,0.09259259259259262,1591.3,1667.5,0.004433831179259449
4375,SKFINDIA,2025-11-07,2025-11-21,0.0888888888888889,2100.1,1990.0,-0.004660095551005505
4376,CCL,2025-11-07,2025-11-21,0.0851851851851852,970.0,1014.85,0.00393871706758305
4377,IPCALAB,2025-11-07,2025-11-21,0.08148148148148149,1304.9,1427.0,0.007624253880671992
4378,GLENMARK,2025-11-07,2025-11-21,0.07777777777777778,1801.4,1878.4,0.0033245747134944426
4379,KPRMILL,2025-11-07,2025-11-21,0.07407407407407408,1083.0,1089.0,0.00041038268185082595
4380,GODFRYPHLP,2025-11-07,2025-11-21,0.07037037037037037,3009.1,2944.8,-0.0015037103502092972
4381,NAVINFLUOR,2025-11-07,2025-11-21,0.06666666666666667,6039.5,5980.0,-0.0006567872616386566
4382,3MINDIA,2025-11-07,2025-11-21,0.06296296296296296,35500.0,35755.0,0.0004522691705790297
4383,SUVENPHAR,2025-11-07,2025-11-21,0.05925925925925925,723.85,584.05,-0.011444974020093177
4384,VIJAYA,2025-11-07,2025-11-21,0.05555555555555554,1018.05,1011.4,-0.0003628942040611395
4385,UBL,2025-11-07,2025-11-21,0.05185185185185183,1800.1,1740.2,-0.0017254185467062482
4386,PFIZER,2025-11-07,2025-11-21,0.04814814814814812,5129.5,5038.0,-0.0008588664695497716
4387,MEDANTA,2025-11-07,2025-11-21,0.04444444444444441,1283.9,1213.1,-0.0024508658514422244
4388,JYOTHYLAB,2025-11-07,2025-11-21,0.0407407407407407,310.1,310.85,9.853452291375532e-05
