Date,Mean Return,Index Return,Strategy Wealth,Index Wealth
2013-07-09,0.006271387427329491,-0.005411148718959793,1.0062713874273295,0.9945888512810402
2013-07-16,0.0012114938279402195,0.01245608431810927,1.0074904790024304,1.0069775338744482
2013-07-23,0.005233046612817844,0.013978026759490917,1.0127627236410204,1.0210530927891515
2013-07-30,-0.03061485679067349,-0.05801641366732814,0.9817571378938181,0.9618152541815913
2013-08-06,-0.021707097682019623,-0.04013347455214293,0.960446039801537,0.9232142661540316
2013-08-13,0.014819816808538187,0.03476383137762064,0.9746796741658819,0.9553087312280241
2013-08-20,-0.01993383636642515,-0.050967172325226746,0.9552505690313785,0.9066193464997316
2013-08-27,-0.0035660103396024747,-0.018775372124492515,0.9518441356253015,0.8895972308939349
2013-09-03,-0.0004903248454424654,0.007929667298741663,0.9513774227966157,0.8966514409648058
2013-09-10,0.022781155156765237,0.09055926115956903,0.9730508994779888,0.9778515329762414
2013-09-17,-0.0005881929281525377,-0.004267903350472198,0.9724785578201834,0.9736781571423877
2013-09-24,0.014599411928867342,0.008909888626392252,0.9866761728777911,0.9823535210804772
2013-10-01,0.022272287131133005,-0.01364822372382434,1.0086517079055726,0.9689461404488843
2013-10-08,0.011536248366688776,0.025673200841077163,1.020287764523456,0.993822089316815
2013-10-15,0.009741733429142294,0.022716000396786073,1.030227135946459,1.0163977522920706
2013-10-22,0.01114214283527451,0.021306175234400336,1.0417060738479502,1.0380533009102562
2013-10-29,0.007629691471991261,0.0005803708041828906,1.0496539697959095,1.0386557567392902
2013-11-05,0.01738342655936924,0.01415283373056874,1.067900552492607,1.0533556789677194
2013-11-12,-0.0027518260393747784,-0.03553304771016169,1.0649618759447952,1.0159267413711897
2013-11-19,0.00990632332127986,0.028982069500900216,1.0755117326127412,1.0453704007974325
2013-11-26,0.0039085693700868646,-0.01940587834651865,1.0797154448280004,1.0250840699725061
2013-12-03,0.01875273832447276,0.02495111291580736,1.0999630660297517,1.0506610583505855
2013-12-10,0.004343205031321939,0.01624304093079517,1.1047404311524003,1.0677269889257668
2013-12-17,-5.804042455375243e-05,-0.02570889244531991,1.1046763115487546,1.0402769106065088
2013-12-24,0.01484310800805537,0.026871643676950694,1.121073141355013,1.0682308610736861
2013-12-31,0.009987889323095432,0.007946924796456183,1.1322702958139617,1.0767200113918922
2014-01-07,0.0018985111476619901,-0.01924778986133867,1.134419923592731,1.0559955308731228
2014-01-14,-0.002055302658364205,0.006327472641460505,1.1320883473080696,1.0626773137042271
2014-01-21,0.012161918701609164,0.007411225068288372,1.1458567137510693,1.070553054451053
2014-01-28,-0.013210737830147595,-0.033990218347760136,1.1307191011147895,1.0341647223774002
2014-02-04,0.008877901368343872,-0.014426132271321519,1.140757513769789,1.0192457253020493
2014-02-11,-0.0014946064682098662,0.01012358946802802,1.1390525302110497,1.0295641505920496
2014-02-18,-0.0008117909899716597,0.0067878117286576806,1.1381278576299199,1.036552638208844
2014-02-25,0.030435712589242395,0.013188206699778006,1.1727675899945544,1.0502229086567423
2014-03-04,0.004094760171275774,0.01654185527441127,1.1775697920122272,1.0675955440176133
2014-03-11,-0.02576280676481515,0.03155011081014528,1.1472322890085327,1.1012783017317862
2014-03-18,0.005534407890203708,0.0016809397348292341,1.1535815404407181,1.1031294841882724
2014-03-25,0.005322095612166579,0.013375302855781143,1.1597210116953742,1.117884175128432
2014-03-28,0.00718804742960019,0.019479692322767063,1.1680571413325445,1.1396602149124242
2014-04-09,0.016096716811155917,0.013557964589113654,1.1868590263558227,1.1551116877498286
2014-04-16,-0.007659576127537657,-0.015972908141667776,1.1777681892907952,1.1366611948680339
2014-04-23,0.014189726715063931,0.02525643599376704,1.1944803980305272,1.165369205582817
2014-04-30,-0.007341929756044304,-0.019916269615567545,1.1857106068532153,1.1421593982827498
2014-05-07,0.008904592637787584,-0.004338188425789251,1.196268876793547,1.1372044956007132
2014-05-14,0.012413742370294339,0.06702848352236353,1.2111190504356635,1.2134295883956434
2014-05-21,0.04315290607153948,0.03737731929221287,1.2633823570605658,1.2587843335597257
2014-05-28,0.015733179143998334,0.011903734267907362,1.2832593780115664,1.2737685677670256
2014-06-04,0.024719090395303758,0.019040307101727508,1.3149803825772557,1.2980215124738375
2014-06-11,0.03410096656071623,0.030086139782515852,1.3598224846315203,1.337073969138838
2014-06-18,0.00324756961016042,-0.011003567626431288,1.3642386028078224,1.322361385297878
2014-06-25,0.028047051455539564,0.004979580433371286,1.4025014730984067,1.328946190177953
2014-07-02,0.037754187371241,0.026450700309886103,1.4554517765022055,1.3640977475823148
2014-07-09,-0.01588733028406083,-0.02754544440727105,1.4323285334163918,1.3265230689102026
2014-07-16,0.0006645309931091571,0.007192005242463898,1.4332803601191617,1.336063429776054
2014-07-23,0.02615991463825173,0.018412791359651383,1.4707748519925616,1.360664086951781
2014-07-30,-0.011721470506813287,-0.004551915797543563,1.4535352079427681,1.354470458599235
2014-08-06,0.017354086380179348,-0.009466354330455989,1.478759983498039,1.3416485613079996
2014-08-13,-0.021300423044386174,-0.001036672281974949,1.4472617702684212,1.3402577114323402
2014-08-20,0.02914260105641284,0.0250437799974056,1.4894387426635516,1.3738228306972782
2014-08-27,0.030602483276283916,0.005299249404823108,1.5350192668769622,1.3811030605151833
2014-09-03,0.02385390705427023,0.025577681093286578,1.5716354737955593,1.4164284741540027
2014-09-10,0.0123753832495551,0.003459809441981095,1.5910850651123754,1.4213290467627717
2014-09-17,-0.003989094212648995,-0.014945911853522419,1.5847380768873032,1.4000859881150043
2014-09-24,-0.008056469994672254,-0.0008149010477299185,1.571970682121446,1.3989450565763772
2014-10-01,0.018138461776222463,-0.006089556875995156,1.600483812252448,1.3904261010879633
2014-10-08,-0.0020394953224851845,-0.012722626425239025,1.5972196330036459,1.3727362292319194
2014-10-16,-0.018268452821677092,-0.014461779582531795,1.5680409014922623,1.3528840204598116
2014-10-23,0.03178478781813556,0.03822305752333218,1.617880748836352,1.404595384196244
2014-10-30,0.005419619233270507,0.016562874714733326,1.6266490464598835,1.427859521569579
2014-11-07,0.012585558416304888,0.022928937795838794,1.647121333056931,1.460598823720844
2014-11-14,0.022102670476480072,0.00964149413401382,1.683527113116269,1.4746811787118959
2014-11-21,-0.0024499637992506317,0.009070478576428571,1.6794025326340771,1.4880572427504646
2014-11-28,0.005807507507450815,0.010332539833218933,1.6891556754503816,1.5034326534852938
2014-12-05,0.03334583747809106,0.002818713365760583,1.745481986079145,1.5076703992001939
2014-12-12,-0.025544855432511112,-0.03704477805565365,1.700893901084701,1.4518190838807439
2014-12-19,-0.011723451051454307,-0.0015567580513581286,1.6809535546916174,1.4495589528327972
2014-12-26,0.020230504767325748,0.0006971357465724977,1.7149600935934592,1.4505694921955814
2015-01-02,0.024802427720949,0.029121047938070965,1.757495267359123,1.4928115959153123
2015-01-09,-0.009641507631245329,-0.012153296099148734,1.7405503633270025,1.4746690145699108
2015-01-16,0.028873910482535185,0.02630841810408371,1.7908068587080506,1.5134652235703534
2015-01-23,0.011549569672766118,0.02999375130181215,1.8114899072931665,1.5588597230900643
2015-01-30,0.0011828896515433227,-0.0004951012865660447,1.8136326999583787,1.5580879296355863
2015-02-06,-0.005392166915571336,-0.019151073715936204,1.8038532897166648,1.5282488728392247
2015-02-13,0.01787383444833395,0.02087645548371494,1.8360950647861431,1.5601532924010901
2015-02-20,0.010150743700275694,0.004626403946378281,1.8547327951981283,1.5673711917500097
2015-02-27,-0.006986162870875231,0.0001248370183372466,1.8417753298089203,1.5675668576962156
2015-03-09,0.024401374660190205,-0.005381190796499478,1.886717179671483,1.5591314813486832
2015-03-16,-0.012679123716236732,-0.01290524994770971,1.8627952591328791,1.5390104998805356
2015-03-23,0.0006066201247768516,-0.011491817289287175,1.863925268225408,1.521324472409614
2015-03-30,0.004153503254192505,-0.003951354750200147,1.871667087892554,1.5153131797289625
2015-04-06,0.023792942673403455,0.022496574580879374,1.9161995556184774,1.5494025356901246
2015-04-13,0.0256462926889713,0.022373452134563415,1.9653429702723457,1.5840680191595586
2015-04-20,-0.04821317483425641,-0.04504405588647029,1.8705875460373282,1.5127151707765651
2015-04-27,-0.03445814206822766,-0.03364472549583219,1.8061305746249168,1.4618202841024066
2015-05-04,0.029732083927929677,0.02223412007912075,1.8598306004544645,1.4943225718332338
2015-05-11,-0.011258747587503167,-0.005004801117350894,1.8388912371684334,1.48684378455604
2015-05-18,0.01793724696136046,0.010505921918409176,1.8718758834246054,1.5024644492614578
2015-05-25,0.0008171164366447525,4.3410000216944714e-05,1.8734054239763107,1.502529671243526
2015-06-01,0.008559969505487533,0.006699319216049454,1.8894417172769626,1.5125955971427723
2015-06-08,-0.034214408565237886,-0.04687780724259601,1.8247955864018441,1.4416884323039139
2015-06-15,0.00861065988852575,-0.0046220198151192896,1.8405082805624335,1.4350249198025768
2015-06-22,0.014162560877232102,0.043791141781491245,1.8665745911309486,1.4978662995256247
2015-06-29,-0.018742321686375428,-0.006640347184928226,1.8315906496923575,1.4879199472601707
2015-07-06,0.029917868473690493,0.029142527341666703,1.8863879378474948,1.5312816950054116
2015-07-13,0.0021039568200036784,-0.003812079393474665,1.8903568166145017,1.5254443276102765
2015-07-20,0.015198261468260471,0.01880553833436658,1.9190869537817172,1.5541311293900937
2015-07-27,-0.01136474101807877,-0.027019654472966306,1.8972770275608144,1.5121390432682924
2015-08-03,0.021398972837467306,0.024966392776783287,1.9378768071387389,1.549891700555638
2015-08-10,-0.0037459387051965018,0.004004769252349584,1.9306176394009753,1.556098659182495
2015-08-17,0.0029578742815931603,-0.008222087166698153,1.9363281636641496,1.5433042803667145
2015-08-24,-0.06376455887019336,-0.0852057418964035,1.8128590524801735,1.4118058941861735
2015-08-31,0.04077545937980059,0.027025570347328626,1.8867792131358827,1.449960753696275
2015-09-07,-0.032962814455569193,-0.05187162167227701,1.82458566001466,1.3747489380408924
2015-09-14,0.010180827969538094,0.04100642059651456,1.8431614527349554,1.431122471208809
2015-09-21,0.01208425411085166,0.009790815318942048,1.865434684097131,1.4451343270232027
2015-09-29,-0.00912495555655126,-0.019153331437210874,1.8484126755110954,1.4174551902864365
2015-10-06,0.011310748871243675,0.040641907102031985,1.869319607094225,1.475063272451351
2015-10-13,0.010665020087601906,-0.0030944541808128377,1.8892559382540333,1.4704987567409504
2015-10-20,0.014791095793408754,0.016116100653912096,1.917200103815015,1.4941974627160401
2015-10-27,-0.0064776756831292,-0.005320612123756714,1.9047811033228397,1.4862474175806266
2015-11-03,0.00023768435528895716,-0.01676770470208952,1.9052338399913495,1.4613264597683915
2015-11-10,-0.02375158939494131,-0.03237529884606557,1.8599815081225277,1.4140155789217268
2015-11-17,0.006103304680995579,0.006785028570554409,1.8713335419676171,1.4236097150239198
2015-11-24,0.01300780351273679,0.004300389010454683,1.8956754809883256,1.4297317905975853
2015-12-01,0.005663558395499163,0.015645095398768308,1.9064117497738189,1.4521000808561364
2015-12-08,-0.0185607196046801,-0.02940037243947864,1.8710273758351994,1.409407797659569
2015-12-15,0.0019034091478756646,-0.0020567446643591685,1.8745887064582898,1.4065090056918264
2015-12-22,0.010806462125934719,0.014473026492867361,1.8948463783163363,1.4268654477936609
2015-12-29,0.007657785520487476,0.01658618676895315,1.9093567054757554,1.4505317046049326
2016-01-05,0.006893649105546006,-0.009805749226352484,1.9225191406206266,1.4363081544647032
2016-01-12,-0.02054858904272376,-0.03525114842985167,1.8830140848732428,1.3856766425206617
2016-01-19,-0.046689897270842357,-0.028140099446565037,1.7950963506909619,1.346683563999348
2016-01-27,-0.0015969313862332015,0.002762963438925628,1.7922297049872309,1.3504044014504804
2016-02-03,-0.012724273983886755,-0.012206843521722386,1.7694248831789128,1.333920226230929
2016-02-10,-0.0049624874307224775,-0.018528429178424313,1.7606441344365298,1.3092047797895416
2016-02-17,-0.01746450405587984,-0.020125744594717436,1.729895357809702,1.282856058769314
2016-02-24,-0.00516209712517951,-0.011871537819448014,1.720965469956291,1.2676265845507262
2016-03-02,0.022471298198778702,0.04733990357950418,1.7596377982214801,1.3276359048381736
2016-03-09,0.003911321255699679,0.022477860244576185,1.7665203069439963,1.3574783191628075
2016-03-16,-0.01121615893321763,-0.005840544373794927,1.7467067344225562,1.3495499068032726
2016-03-23,0.02295801907359786,0.029694876131090255,1.786807660947411,1.3896246241185202
2016-03-30,-0.005892891475033993,0.0020237557793794853,1.7762781973146886,1.392436884982748
2016-04-06,0.009697080152891882,-0.009119579908959532,1.7935029093678836,1.3797384455419652
2016-04-13,0.02894148097981756,0.030942301661963056,1.8454095397066017,1.4224307287385327
2016-04-20,0.012800932561453099,0.010334050658900258,1.8690325027726482,1.4371301999480932
2016-04-27,-0.008314311436894838,0.006171631568648112,1.8534927844589173,1.4459996380583506
2016-05-04,-0.011726448113439139,-0.029913379112248076,1.831757897493326,1.4027449026889376
2016-05-11,0.008537541956284674,0.016755727250996572,1.8473966073969312,1.4262489136811192
2016-05-18,0.004689283572306726,0.004330350371606276,1.8560595739595327,1.4324250711944813
2016-05-25,0.0016606481216127603,0.0008004168208350283,1.85914183580463,1.4335716083160512
2016-06-01,0.012185611572044407,0.028459977213909995,1.881796616073083,1.4743710236232344
2016-06-08,0.00670655551960171,0.012669743010366207,1.894416989555376,1.4930509255944713
2016-06-15,0.0023105693377575374,-0.005324697904894375,1.8987941713643697,1.4851008804590577
2016-06-17,0.0020183777715255717,-0.0033066037392298405,1.9026266553125537,1.4801902403345983
2016-06-28,0.009332445809427261,-0.009975892798969058,1.92038281546883,1.46542402117494
2016-07-05,0.028826440964290684,0.031187159518847575,1.9757406173277805,1.511126433886074
2016-07-12,0.00366693399227516,0.020032619486597646,1.9829855277573787,1.541398254732253
2016-07-19,-0.009039132514780989,-0.0019534916055476636,1.965061058797087,1.5383871461808276
2016-07-26,0.011722442776805089,0.012788721406480758,1.9880963746117637,1.5580611508086453
2016-08-02,0.004330596560235099,0.00562585969738647,1.9967060179330733,1.566826584243043
2016-08-09,0.004643329614463914,0.007871807848554922,2.0059773821175204,1.579160342046212
2016-08-16,0.0008622899870748536,-0.003962841574550933,2.0077071163284193,1.5729023797898691
2016-08-23,0.005428316526370895,0.0027932009401505603,2.018605586048097,1.5772958121958633
2016-08-30,0.023728378220089705,0.013886341248004324,2.066503822871032,1.5991986800930633
2016-09-06,0.006570573755369418,0.020510724408499145,2.080081938654959,1.631999403494888
2016-09-14,-0.011748095910647583,-0.020971766250820725,2.0556449365376346,1.5977734934833143
2016-09-21,-0.0037745258610694292,0.004882432631818925,2.047885851563497,1.6055745149261524
2016-09-28,0.008459947821980864,0.0031034344674773415,2.065210859013097,1.6105573102158777
2016-10-05,0.05986455859032218,0.0067265916606231825,2.188843795483856,1.6213908715877314
2016-10-13,-0.0130777643774266,-0.019450135483444535,2.160218612067526,1.5898545994637299
2016-10-20,0.008888349198576742,0.016236764240026395,2.179419389436847,1.615668693771144
2016-10-27,-0.015254191045295601,-0.011493871703719497,2.1461741097025557,1.5970984050892223
2016-11-03,0.003096053917371689,-0.014499171380071426,2.152818780462262,1.573941801602995
2016-11-10,-0.005709557155725973,-0.00024509470186955267,2.140527138589292,1.573556036806371
2016-11-17,-0.051777692870179366,-0.05977009928768919,2.0296955818271316,1.4795044362517116
2016-11-24,-0.0023140887178767,-0.009553194417284085,2.024998686180501,1.4653704427309646
2016-12-01,0.030845831992655302,0.029652650822669106,2.0874614554397724,1.508822560795126
2016-12-08,-0.003081417038149179,0.00695998011434253,2.0810291161445007,1.5193239358143313
2016-12-15,-0.0014411255859461828,-0.014105864513171352,2.0780300918401258,1.4978925582241163
2016-12-22,-0.02604009824819698,-0.024737990485388224,2.023917984085899,1.4608377063706341
2016-12-29,0.00784596801673664,0.014538572696531055,2.039797579857535,1.4820762015625373
2017-01-05,0.026575564515165906,0.027684387856177085,2.0940063520389183,1.5231065739590042
2017-01-12,0.011870075539700856,0.017581505297668568,2.1188623656182335,1.5498850802579784
2017-01-19,0.012965464783748683,0.007729695721011862,2.1463344010012673,1.5618652203309085
2017-01-27,0.007604245768603594,0.02297005248533493,2.1626556552880896,1.5977413464169286
2017-02-03,0.0016920759370034062,0.01539204442566548,2.166315032882427,1.6223338522017003
2017-02-10,0.0038119246548014786,0.008104466373399961,2.1745728625663383,1.6354820023532974
2017-02-17,-0.002569315626351748,0.0008845208845208846,2.168985698529906,1.636928620340637
2017-02-27,0.011618020586277346,0.008968316313170988,2.1941850190267673,1.6516091139899345
2017-03-06,0.002171838969990852,0.005047687017452752,2.19895043555846,1.6599459198725282
2017-03-14,0.0069102728309291695,0.011652077362047151,2.2141457830098594,1.6792877381476974
2017-03-17,0.018957327335621017,0.012436747430015473,2.256120069387162,1.7001726156093624
2017-03-23,0.013681810403409126,-0.0009881548109204005,2.286987876423843,1.6984925818598529
2017-03-30,0.010211878175625988,0.011565238342823062,2.310342318007017,1.718136053392579
2017-04-06,0.010540511634540197,0.014441700409933776,2.3346945080897408,1.7429488595391804
2017-04-13,-0.002923559796595745,-0.005832849322178511,2.3278688890885566,1.7327825014652254
2017-04-20,0.0016230696709461246,0.0022623028253925754,2.331647182480375,1.736702580214081
2017-04-27,-0.0014210432560531915,0.0197318649154792,2.3283338109762157,1.7709709609252293
2017-05-04,-0.0033207134760769334,0.005302717034370186,2.3206020815133015,1.7803619188071025
2017-05-11,0.004649775871036823,0.007887923733939936,2.3313923610782,1.7944052778414639
2017-05-18,0.0015408409755883919,-0.006223742647941467,2.334984665958323,1.7832373611860708
2017-05-25,-0.04210373724316138,-0.005465536921060737,2.236673085116003,1.7734910115494933
2017-06-01,0.008758880069405842,0.01618309670994304,2.2562638364230017,1.8021915881036135
2017-06-08,0.012300136364155516,0.007409930502022792,2.284016189284517,1.8155457025227912
2017-06-15,-0.007599394846019624,-0.0034345100039741743,2.266659048427443,1.8093101926448043
2017-06-22,-0.014089141872465728,0.0028154091569247914,2.234723767517641,1.8144041411288938
2017-06-29,-0.0007082245643390567,-0.014571721956112704,2.2331410812509724,1.787965148468344
2017-07-06,0.029631125486793794,0.021762176097143707,2.2993115648592344,1.8268751608848681
2017-07-13,0.008890449661029158,0.01940047749579972,2.3197534785816374,1.8623174113312504
2017-07-20,-0.009620958838916399,-0.0005435851173332997,2.2974352258477704,1.8613050833027
2017-07-27,-0.010021495508447147,0.011051194223291982,2.2744114890509888,1.881874727287079
2017-08-03,-0.011746884828930411,-0.0008927447322339325,2.2476942392355106,1.8801946935375695
2017-08-10,-0.03610488686015157,-0.026525609155373202,2.166541493031698,1.8303213839607853
2017-08-17,0.0045405441012247956,0.017128063310876324,2.176378770227942,1.8616712445045165
2017-08-24,-0.01130497719807417,-0.004344405493272162,2.151774857856142,1.8535833897232241
2017-08-31,0.007442834793823075,0.010365162827179586,2.167790162636668,1.8727960833714605
2017-09-07,-0.0026999774002060706,0.007153577651395224,2.16193717818916,1.886193275579087
2017-09-14,0.010153499509361941,0.014593789075212952,2.183888406267175,1.9137199823979731
2017-09-21,-0.005704059412980716,0.0029544341836476285,2.1714313770465075,1.9193739421318992
2017-09-28,-0.018967849924003643,-0.03973651135649523,2.1302439925664167,1.843104717683014
2017-10-05,0.00998594869110224,0.017453342838111084,2.1515164997757137,1.8752730562072757
2017-10-12,0.029590596021834562,0.02108781420670865,2.2151811553548884,1.9148184660034213
2017-10-19,0.010722333123190523,0.005354300594484887,2.2389330656308175,1.9250709796542742
2017-10-26,0.015879472813326263,0.018919962182452923,2.2744861423773592,1.9614932497878708
2017-11-02,0.0251012023191136,0.014384934252065775,2.331578479209193,1.9897092012219404
2017-11-09,0.01754843256165271,-0.009791345295120643,2.372494026913796,1.9702272713958977
2017-11-16,0.0046311155062409405,-0.008997190427776424,2.3834813207903003,1.9525007614491503
2017-11-23,0.014738229317782613,0.01570876999448424,2.4186096150707592,1.9831721468248102
2017-11-30,0.0171026269546256,-0.0057453787171188,2.4599741930661847,1.9717780717800601
2017-12-07,0.008626753063146711,-0.005620186793380384,2.4811957829714806,1.960696310701565
2017-12-11,0.009200458690782412,0.014154596536325777,2.504023922276453,1.9884491759098077
2017-12-19,0.012119061403990978,0.013348273006284524,2.5343703419475836,2.0149915383689736
2017-12-26,0.024080463001074543,0.011740888525658449,2.5953991531978726,2.038649329401109
2018-01-02,0.01939343554316844,-0.005543617712122572,2.6457328593842093,2.027347836869834
2018-01-09,0.021261652232596594,0.023667822273661147,2.70198551134079,2.0753307451597607
2018-01-16,0.005414444569706578,-0.0029198973108938244,2.716615262120095,2.0692709924977533
2018-01-23,0.011854308601827715,0.02752637163722618,2.7488188577897015,2.1262305148553784
2018-01-30,-0.0028522712318806995,-0.013581784311343442,2.740978480839977,2.0973525106064157
2018-02-06,-0.04867942171084912,-0.0567070886426735,2.607549233470805,1.978417755872524
2018-02-14,0.05137110036970048,0.01481412973108263,2.741501906862369,2.007726293170297
2018-02-21,-0.020201648486877954,-0.01705855232826191,2.68611904901383,1.973477389137424
2018-02-28,0.006148105490741766,0.010286225402504392,2.702633592287858,1.9937770223888376
2018-03-07,-0.03138089401693826,-0.035095390794545316,2.6178225339616557,1.9238046386309164
2018-03-14,0.00955997542258713,0.02402412483145615,2.6428488530470235,1.97002236142072
2018-03-21,-0.023857478843864886,-0.022121935628390703,2.5797971424479216,1.9264416535548805
2018-03-28,-0.014933227117324914,-0.0041344939714608175,2.541272445803121,1.9184767921518868
2018-04-04,0.012142250495311285,0.00712514446651182,2.5721292124168946,1.9321462164516194
2018-04-11,0.006576664977092056,0.028438210258924193,2.589045244524752,1.9870929968060556
2018-04-18,0.010380785933421333,0.008747840123065589,2.615921568980106,2.0044757686517785
2018-04-25,0.031573137774570936,0.0041185188367198295,2.6985144210849863,2.0127312398627195
2018-05-02,-0.004242598802250591,0.010112353541997472,2.687065707034235,2.0330846897452344
2018-05-09,-0.0031228154474008956,-0.0027105722907512695,2.6786744967361273,2.0275738667204606
2018-05-16,0.0003200602243236976,-0.009576489823652327,2.679531833896443,2.0081568262191087
2018-05-23,-0.0073411953773119135,-0.027753063127767152,2.659860867184082,1.9524243230505933
2018-05-30,-0.0015747821603961736,0.020419413879027182,2.6556721657413047,1.992291683370443
2018-06-06,-0.03368632983489725,-0.00530524041058891,2.5662123172327873,1.9817220970221459
2018-06-13,0.028799304938874646,0.019606991168707025,2.6401174482946703,2.020577704677291
2018-06-20,-0.014830571591649942,-0.011719082928492287,2.6009629974673723,1.9968983869927153
2018-06-27,-0.015872103537492726,-0.01586283472036562,2.5596802434743826,1.9652219179264852
2018-07-04,0.01968884571075896,0.00715283292712975,2.6100773928570273,1.9792788219701467
2018-07-11,0.020392885337548638,0.016281384080787067,2.6633044018516885,2.0115042206736105
2018-07-18,-0.02491809760591538,-0.007994221045027769,2.596939922812084,1.9954238113005394
2018-07-25,0.009276301665204984,0.01945617640554292,2.6210299209425028,2.0342471289770234
2018-08-01,0.014420044226791986,0.02135472333040573,2.6588252883222383,2.077687913602
2018-08-08,0.018410902986251858,0.00964078866935351,2.707776662762932,2.0977184636979067
2018-08-16,0.012559043120442856,-0.006064804125298275,2.7417837466311004,2.0849962121055574
2018-08-23,0.013303122802861089,0.0192965882516919,2.7782580325114226,2.125229525516896
2018-08-30,0.0053841350831926055,0.010397516345827721,2.793216549054429,2.147326634247093
2018-09-06,0.0059022951533155175,-0.016014716496912343,2.8097029375540736,2.112937806973357
2018-09-18,-0.011516790303560323,-0.018079194342383982,2.777344178006966,2.0747375937277153
2018-09-25,-0.018424365321708953,-0.030320243896083555,2.726173374247244,2.0118310438655174
2018-10-03,-0.022930594671709967,-0.026511955370914737,2.6636605975975725,1.958493469016734
2018-10-10,-0.028646571491355004,-0.034030055097331334,2.5873558538597883,1.8918458283583308
2018-10-17,-0.010177562346181578,0.0011544836257644582,2.5610228783453723,1.8940299333896413
2018-10-24,-0.035741255411033214,-0.023171511428767236,2.469488705536931,1.850142397141676
2018-10-31,0.02281335747338092,0.02311922530725323,2.5258260341528214,1.892916256071696
2018-11-07,0.007658626867936351,0.020569032781360408,2.5451703932817176,1.9318517125952046
2018-11-14,-0.0055018692907716224,-0.001348855431801564,2.53116719845514,1.9292459239192354
2018-11-21,-0.011106927429817276,0.0021128852372650797,2.5030537080691646,1.9333221991509384
2018-11-28,0.008431339822648225,0.005922620046307253,2.5241578044762356,1.9447725319636004
2018-12-05,0.012491212129526464,0.004025241153087118,2.555687595060348,1.952600710392654
2018-12-12,0.0022411679124864367,-0.0008693774260891154,2.561415320092737,1.9509031634128728
2018-12-19,0.015139424484083897,0.024962312671809758,2.6001936739036564,1.9996022181704076
2018-12-26,-0.022897245031853683,-0.022180646277631024,2.540656402222009,1.9552497486732034
2019-01-02,0.014080569133129894,0.006823937976265404,2.576430290337025,1.9685922516862577
2019-01-09,-0.0006213614142907226,0.002641870070523221,2.5748293959679995,1.9737930166370516
2019-01-16,0.002197903409307476,0.0034292162652218602,2.5804886222757824,1.9805615797538847
2019-01-23,-0.010439308681051723,-0.009815749965879583,2.5535501049999034,1.9611208824949933
2019-01-30,0.0034001935800409226,-0.020283718442801538,2.562232669673237,1.9213420586821663
2019-02-06,0.014831208533069625,0.026314308545960122,2.6002336767074046,1.971900846436659
2019-02-13,-0.009238490456539026,-0.025310625418096994,2.5762114427003717,1.9219908027508723
2019-02-20,-0.013671317907605446,-0.004759279469840938,2.540991237070004,1.9128435113821172
2019-02-27,0.012489136091800601,0.011372885954598937,2.5727260224378443,1.9345980624860606
2019-03-06,0.028748102434868732,0.031773266861907845,2.64668701366774,1.9960665629959602
2019-03-13,0.00857929771507901,0.023812490181952046,2.6693937295166283,2.0435978784298245
2019-03-20,-0.003713095731437281,0.010872728234702785,2.6594820150540346,2.065817362783007
2019-03-27,-0.008546222590990922,-0.005359572909033887,2.6367534897766456,2.0547454640104235
2019-04-03,0.012182572110274808,0.01648108779389172,2.6688759293028683,2.08860990439688
2019-04-10,0.0076412476676835355,-0.0036703801871944535,2.6892694712729903,2.0809439119850035
2019-04-18,0.008813538910301727,0.01202853594791618,2.712971452398341,2.1059746206359127
2019-04-25,-0.008252570559733066,-0.011284873751116828,2.690582464060882,2.08220896291898
2019-05-02,-0.003959871774773885,0.0009035393818545123,2.679928102503746,2.084090320718228
2019-05-09,-0.023359620347529794,-0.03504539559014267,2.6173259994705824,2.0110525509830706
2019-05-16,-0.016056178977812117,-0.008398075217075767,2.575301744779802,1.9941635803944227
2019-05-23,0.020235824112067008,0.03590463745642053,2.627415097922665,2.0657633007772818
2019-05-30,0.026126622192101167,0.027484232289131327,2.6960605795279133,2.122539219190207
2019-06-06,0.004790305659748618,-0.009454626959950209,2.708975533781051,2.1024714026648996
2019-06-14,-0.005910394738629414,-0.006789200959321136,2.6929644190391158,2.088197301800982
2019-06-21,-0.006812717861500806,-0.009136551895304563,2.6746180122411416,2.069118378785442
2019-06-28,0.003318127362984031,0.007968397762377928,2.683492735453089,2.085605937045051
2019-07-05,-0.008481951651791173,-3.1062492558057494e-05,2.660731479813043,2.0855411529261527
2019-07-12,-0.021288932269553407,-0.02069861715841842,2.6040873475518342,2.0423733350336075
2019-07-19,-0.030618330241086428,-0.016187782506410127,2.5243545411678574,2.009311839689192
2019-07-26,-0.008658014626319875,-0.012042365913817207,2.5024986426284093,1.9851149712806893
2019-08-02,-0.030284394402242534,-0.027048930661619088,2.426711986743974,1.931419734067176
2019-08-09,0.013209422886300977,0.01147144158900693,2.4587674516001305,1.9535759027303827
2019-08-16,-0.01473310587430744,-0.006383649015370501,2.422542170415405,1.9411049598424663
2019-08-23,0.0030450520279137806,-0.022055224279102885,2.429918937364135,1.8982934546038617
2019-08-30,0.0003494202982993747,0.021272844133757275,2.4307680003640724,1.9386755553837813
2019-09-06,0.009500562250681192,-0.006365879332334506,2.453861663068495,1.9263341807336618
2019-09-13,0.014438416813558352,0.01462378368683027,2.4892915405626894,1.9545044751012586
2019-09-20,0.018027418475572654,0.019848964461901326,2.534167040872116,1.9932993649681705
2019-09-27,0.011308294252477168,0.017886355018688085,2.562824147455227,2.0289522250685166
2019-10-04,-0.017545885375333387,-0.03235024905274817,2.517857128726841,1.9633151152714226
2019-10-11,-5.53587737156633e-06,0.00767187474220851,2.517843190178537,1.9783774229152693
2019-10-18,0.019417150442689744,0.034689021328618015,2.5667325301933355,2.047005399534833
2019-10-25,-0.008184057144962197,-0.005074267870706427,2.5457262444904,2.036618345804811
2019-11-01,0.02465244227867789,0.0289361792367804,2.608484613790015,2.095550299295934
2019-11-08,-0.0063162695163881885,-0.0021331409727947987,2.5920087219399655,2.0910801950919535
2019-11-15,0.0021867574522809194,-0.0016523292679148638,2.5976768163290447,2.087625042084046
2019-11-22,-0.00024085892332406411,0.0012412979839251913,2.5970511426879197,2.0902164068399767
2019-11-29,0.01288456460681898,0.013880135960245097,2.6305130159230954,2.1192288947532507
2019-12-06,-0.01308356785188757,-0.014698914267372487,2.596096520393992,2.0880785309163343
2019-12-13,-0.009203820027050056,0.011810453595879861,2.572202515247435,2.1127396855102747
2019-12-20,0.009841929518848812,0.012444294533709472,2.5975179511107056,2.1390312404298215
2019-12-27,0.013329716258200626,0.00033820107315747183,2.632142128374594,2.139754663090852
2020-01-03,0.012088006908626357,0.003325360541746032,2.6639594806068727,2.146870118816511
2020-01-10,0.004422262779340197,0.0036563347130506873,2.675740209463631,2.1547197945563514
2020-01-17,0.020609375299710173,0.014101022248947758,2.730885543644992,2.1851035463196387
2020-01-24,0.023866084497690274,-0.003458942354254993,2.7960610887831443,2.1775453991148406
2020-01-31,0.000828497609612236,-0.022040520840564473,2.798377618711531,2.1295511643643747
2020-02-07,0.015605283479798497,0.014125711736103642,2.8420470947350474,2.1596325902394695
2020-02-14,-0.00926190401609023,-0.003969702272329648,2.815724327334403,2.151059491838599
2020-02-24,-0.011592896448686649,-0.020364319022592853,2.7830819267795674,2.107254630110221
2020-03-02,-0.018760510389013232,-0.05937570453567271,2.730869889378744,1.9821349018113683
2020-03-11,-0.05295725827602977,-0.0684599087705645,2.586250507328681,1.8464381272624102
2020-03-18,-0.16224369317281964,-0.1865271146024912,2.166647673549597,1.5020273510921254
2020-03-25,-0.06709912395203756,-0.04087411116103589,2.021267512741699,1.4406333181766695
2020-04-01,0.03230154633374094,0.005643961927424126,2.08655757895741,1.4487641977758374
2020-04-08,0.041977513653304675,0.059080590658020245,2.174146078216501,1.5343580423046268
2020-04-15,0.017542511275790613,0.025539520627805897,2.21228606030883,1.5735448111765058
2020-04-22,-0.0030541101976805317,0.02579533927440819,2.2055294948918545,1.6141349334442883
2020-04-29,0.027434619036019074,0.03496243595529475,2.266037356356916,1.670569022678038
2020-05-06,-0.020503707371804028,-0.028433283742882037,2.219575189508597,1.6230692596441643
2020-05-13,0.0026181393983400036,0.012078410665962642,2.2253863467598274,1.6426733567014464
2020-05-20,-0.023124727727571414,-0.03132255119342633,2.1739248934023516,1.591220636392088
2020-05-27,0.009371388355708759,0.02271487912102706,2.194297587834568,1.6273650208026178
2020-06-03,0.08087875599926712,0.07997445872912426,2.3717696470308205,1.7575126574960171
2020-06-10,0.01702327991577689,0.01101426307448499,2.4121449456279693,1.7768703642624155
2020-06-17,-0.013769158578215488,-0.01843645812608904,2.3789317393579767,1.744111168196203
2020-06-24,0.02392650042313328,0.043707657439085085,2.4358512506263303,1.8203421816714052
2020-07-01,-0.021717025965547945,0.006885390613505959,2.382951805768266,1.8328759486424546
2020-07-08,0.015833029861338915,0.026914871854817498,2.4206811528671266,1.8822075699259435
2020-07-15,-0.008379327493559042,-0.010830961866818398,2.400397472729767,1.8618214515106386
2020-07-22,0.022482297546349846,0.04105364304332065,2.4543639229411838,1.9382560047913533
2020-07-29,0.014180958367020803,0.0054716689142882404,2.4891691555499302,1.9488614999207026
2020-08-05,0.03844923915569167,-0.0008080386099537564,2.5848758157106406,1.9472867445833144
2020-08-12,0.02079330888921525,0.021570623022967875,2.638623936986974,1.9892909328683437
2020-08-19,0.03811953239734245,0.013759047044632088,2.7392070476373522,2.0166616803991393
2020-08-26,0.030192941263377043,0.01642487954911266,2.821911765134895,2.049785105591006
2020-09-02,-0.027912096357091996,-0.00509556137407692,2.743146292035238,2.039340299781798
2020-09-09,-0.025902659680852803,-0.02397461758278691,2.672091507177856,1.9904478959733636
2020-09-16,0.06425752792343103,0.03684527781963782,2.8437935018143,2.0637865016860157
2020-09-23,-0.04231460717015717,-0.045486633791850466,2.7234594969119823,1.9699118008592598
2020-09-30,0.026009486457638373,0.016031584614464276,2.794295279814841,2.0014926085777667
2020-10-07,0.009683059341915587,0.03347873792383654,2.8213526068281225,2.068500055076838
2020-10-14,-0.0034832134835865356,0.01127971412294781,2.811525233386067,2.091832144361406
2020-10-21,-0.010632943685180344,-0.0006964786857036763,2.7816304439100095,2.0903752278587886
2020-10-28,-0.0014496788523551997,-0.012734969149088822,2.7775979730804057,2.0637543638219875
2020-11-04,0.010338563272699244,0.013729775184664178,2.8063143454712187,2.0920892472736328
2020-11-11,0.013431629368663323,0.06061692235217005,2.844007719651551,2.2189052587294285
2020-11-18,0.05308761936642397,0.02238690677352391,2.9949893189475842,2.268579683895886
2020-11-25,0.0074661280781670655,-0.0012655418455188613,3.0173502927955895,2.2657087013760218
2020-11-27,0.007562921849550937,0.013626541969465437,3.0401702772527224,2.2965824760859053
2020-12-09,0.020022092759636893,0.029932066781807782,3.1010408485489673,2.365323936130038
2020-12-16,0.008299730674809384,0.012422637999499126,3.126778652403506,2.394707499140132
2020-12-23,0.003324303522943103,-0.008352399713783543,3.1371730136931544,2.3747059449097185
2020-12-30,0.020098093527805918,0.025308336785280043,3.2002242103352683,2.4348058027295
2021-01-06,0.010827648681619468,0.019831185135951137,3.2348751137871914,2.483090887373517
2021-01-13,0.010309323285636347,0.025830855604494905,3.2682244871238835,2.5472312495380995
2021-01-20,-0.020277823533521415,0.0030935711853568196,3.201952007706052,2.555111290734111
2021-01-27,-0.027766552393700374,-0.04404575128225296,3.113044839521968,2.44256949432396
2021-02-03,0.009294075614020184,0.054363500153728136,3.141977713650321,2.5753561214041323
2021-02-10,0.018128354268788952,0.022868314160037248,3.198936598748013,2.6342501742623767
2021-02-17,0.0012787116533938903,0.011644294897791197,3.2030271162553006,2.664924160126046
2021-02-24,-0.0011373680656500988,-0.01129196781888398,3.1993840954998602,2.634831922270136
2021-03-03,0.030614703860481925,0.024857087802684703,3.297332292119524,2.7003261707073216
2021-03-10,-0.0018234554216624182,-0.005754105038856771,3.2913197536744363,2.684788210281898
2021-03-17,-0.029311787527774885,-0.029267965976826793,3.194845288368763,2.6062099202883817
2021-03-24,0.002487693134898521,-0.009959496424483877,3.2027930830597007,2.580253381905815
2021-03-31,0.009563776715059789,0.009551372446135178,3.2334238809706215,2.604898342961797
2021-04-07,0.024847680986515217,0.013610856200816857,3.3137669660591595,2.640353239725596
2021-04-15,-0.008000686980806497,-0.019525209713731655,3.2872545538363833,2.588799789001623
2021-04-22,0.015388204415234408,-0.008625057200758408,3.337839498875728,2.5664712427401724
2021-04-29,0.012505826810983781,0.03303233995903413,3.379581941571529,2.651247793325451
2021-05-06,0.014531369978411151,-0.002465530448104146,3.428691897136862,2.644711061165538
2021-05-14,0.024995701106565172,-0.0023796382949791634,3.514394454984197,2.6384176054452335
2021-05-21,0.00174598736976958,0.0357356189590408,3.5205305433149876,2.7327030916482493
2021-05-28,0.006521445075785078,0.015420522765011121,3.54348948989084,2.774842801883027
2021-06-04,0.02418011938322767,0.021106117610285878,3.6291714887896127,2.833408960409625
2021-06-11,0.028062786337319706,0.012688611980080538,3.731016152861008,2.8693609872891463
2021-06-18,-0.011243305096007237,-0.013071509932651946,3.6890671999362605,2.831854106643432
2021-06-25,0.004657695051161901,0.011418177200249532,3.7062497499768075,2.8641887186383412
2021-07-02,0.028060004379399595,-0.003319940322318486,3.8102471341923048,2.854679783020604
2021-07-09,0.009169799678297133,0.002482502065664032,3.845186337137654,2.8617665314787617
2021-07-16,0.013420585399345797,0.015848668867049304,3.8967909887516075,2.9071217216109733
2021-07-23,0.0026670667083070775,-0.004027695408718331,3.907183990266938,2.8954127208002554
2021-07-30,0.007142736947857873,-0.001662161174837437,3.9350919777162963,2.890600078190611
2021-08-06,0.0010246973286438875,0.02125253855864754,3.93912425595383,2.9520326678099864
2021-08-13,-0.00792596322181952,0.00792925655605835,3.907902901974963,2.975440092194917
2021-08-20,-0.006952659230955958,-0.008627615479228922,3.8807325847898673,2.9497691391979775
2021-08-27,0.01252082179157395,0.017824934828366373,3.9293225459047756,3.0023485818629077
2021-08-30,0.006176845627486982,0.014472432622864163,3.953593364691433,3.0457998694242705
2021-09-02,0.03598910081890091,0.04096707534496628,4.095879634890251,3.170577382160663
2021-09-09,0.01594381254137349,0.010357966134013448,4.16118357198097,3.203418115310352
2021-09-16,0.005915238392372444,0.018093951046240772,4.185797964803662,3.2613806058694186
2021-09-23,-0.009144293852649003,0.006656780250117584,4.147521798205677,3.283090899874687
2021-09-30,-0.019922223075641034,-0.01004902847334351,4.064893943730739,3.250099025941271
2021-10-07,0.0009833276465172035,0.01577795271928863,4.0688910663257705,3.301378934705579
2021-10-14,0.007472252798323736,0.03133389796699185,4.099294848982198,3.40482400539602
2021-10-21,-0.024274367072411644,-0.01785753919812295,3.999787061079958,3.344022227256951
2021-10-28,-0.018903512949903768,-0.01916365620349112,3.9241770345739755,3.279938534956966
2021-11-04,0.018136417354503245,0.012247504254205609,3.9953475470459665,3.3201095961173843
2021-11-11,0.0027205100761170022,0.0022241153938700733,4.006216930305294,3.3274939029794446
2021-11-18,-0.013953770127275654,-0.0070436244005944474,3.9503151001798145,3.304056285731589
2021-11-25,-0.0039206068034600364,-0.009929717596086856,3.9348274679222386,3.271247939892699
2021-12-02,0.009451951638056745,-0.011659604240096077,3.9720192668531364,3.2331064835423207
2021-12-09,-0.006456964235353527,0.010194370890780296,3.9463720805049305,3.2660659701649375
2021-12-16,-0.018740622456089172,-0.01257057104702971,3.8724146112729363,3.225009655842693
2021-12-23,-0.0025536467832167785,-0.012385807872687284,3.8625258321575773,3.185065305857864
2021-12-30,0.02965425497284878,0.006141769114222571,3.9770661580235926,3.2046272415801638
2022-01-06,0.0064956792394901715,0.030187878359121626,4.002899904100345,3.301368138935313
2022-01-13,0.004291753634392338,0.0281849039574626,4.020079364311876,3.3944168828594323
2022-01-20,-0.027665076788069558,-0.022896053380658348,3.908863560004054,3.3166981327132747
2022-01-27,-0.045329081830302716,-0.04435880242951349,3.731678363829142,3.16957337552591
2022-02-03,0.024984728566273894,0.031076929365041445,3.82491333484605,3.2680739834344448
2022-02-10,-0.02891123284694976,-0.001565813727627621,3.7143303748029126,3.2629567883282804
2022-02-17,-0.022832954706784515,-0.022508304548642912,3.629521237589004,3.1895131632075255
2022-02-24,-0.049048256208716584,-0.0674483230154243,3.4514995500127608,2.9743858491135566
2022-03-03,0.03009833343819038,0.026151121177145263,3.5553839343308087,3.0521693738813114
2022-03-10,0.007084855371642324,0.00375284292884449,3.580573315296203,3.0636236861337176
2022-03-17,0.0215562062178788,0.03754316724222995,3.6577568920589623,3.178641822549493
2022-03-24,-0.014518619232673826,-0.0015181670595108148,3.6046513124974697,3.1738161132405147
2022-03-31,0.005881916583484338,0.013276097242395047,3.625853570830127,3.215952004589376
2022-04-07,0.034534119092219824,0.020594850448152003,3.7510692298561255,3.2821840551723285
2022-04-18,-0.0017850744310104701,-0.018103774360661178,3.744373292084959,3.222764135627329
2022-04-25,-0.010350420297191392,-0.016953581155094568,3.7056174547623013,3.168126742310243
2022-05-02,-0.00916918442886498,0.004314046207319517,3.6716399648967646,3.1817941874672138
2022-05-09,-0.0448985756662703,-0.05052489430861202,3.506788560113545,3.0210343724336766
2022-05-16,-0.02325464112540299,-0.030056997873746976,3.425239450645436,2.9302311487249213
2022-05-23,0.003300176095626438,0.019497170478660585,3.4365433440022524,2.987362364973493
2022-05-31,0.023438386860550706,0.01887350673435304,3.517090376362028,3.043744368686773
2022-06-07,0.0011115552574762714,-0.013031530638261707,3.5209998166608925,3.0040797206911947
2022-06-14,-0.025501048308203576,-0.03927351531329839,3.431210630243047,2.88609894977826
2022-06-21,-0.02037796190199205,-0.010934920789047127,3.3612895507422444,2.8545396863730828
2022-06-28,0.017264963292300782,0.01679139700496155,3.4193220914506033,2.9024713955133916
2022-07-05,-0.0015662812799929601,-0.00017824980968116576,3.413966471268498,2.901954030539536
2022-07-12,0.01633234117587496,0.023559169059230316,3.4697245364402525,2.970321656147132
2022-07-19,0.024464445612203567,0.01978735757311849,3.5546094236513235,3.0290964728644925
2022-07-26,-0.006684598647475738,0.006390708564474713,3.5308482863056794,3.0484545456362477
2022-08-02,0.027387747808565472,0.05198547532254469,3.627550268721325,3.2069299041903196
2022-08-10,0.0009562243983556046,0.007340386916365225,3.631019020794538,3.230470010500739
2022-08-17,0.006145710430199581,0.026241508628168,3.6533342122628882,3.315242417154332
2022-08-24,0.0009443634970676027,-0.01551786358715263,3.6567842877355377,3.263796937566589
2022-09-01,0.01779655196064139,0.004676230482682168,3.72186243932108,3.2790592042953226
2022-09-08,0.020503466092543308,0.01508756705585358,3.7981735196468107,3.3285322299202424
2022-09-15,0.009280947955856707,0.009044279080611606,3.8334241704099656,3.3586364043364516
2022-09-22,-0.009433111708126385,-0.01572814474642746,3.797263051985857,3.3058112848184273
2022-09-29,-0.016506735214622734,-0.047785175379679516,3.734582636246456,3.147842512801255
2022-10-06,0.01730249170240304,0.030854305769559956,3.7992002213220486,3.2449670082056454
2022-10-13,-0.01836608076079033,-0.021440837571123462,3.7294238032308353,3.1753921976590536
2022-10-20,0.0013014489448937836,0.025919363488863166,3.7342774579046116,3.257696342249879
2022-10-27,0.004829101738184089,0.008744648328160853,3.7523106636674406,3.2861837511227896
2022-11-03,0.006715571161008504,0.015773160371943568,3.7775095729475106,3.3380172544409246
2022-11-10,-0.008888055411361482,-0.002886720440176479,3.7439348585462047,3.328381331802868
2022-11-17,-0.006803159621368578,0.01018458549222798,3.718464272091509,3.36227951602735
2022-11-24,0.000616349785344109,0.005356713523217187,3.7207561467474224,3.3802902841796896
2022-12-01,0.016240627487983324,0.020608004693638174,3.781183561300372,3.449951322221924
2022-12-08,0.0017973528995284087,-0.005801692707112954,3.787979682537924,3.429935764795894
2022-12-15,-0.007083414777253924,-0.008000703911106152,3.761147851278697,3.4024938643076488
2022-12-22,-0.015909162216046737,-0.0223203537804584,3.7013111399941687,3.326548997520463
2022-12-29,-0.004740517094929861,0.0034798950199268204,3.683765011261372,3.3381250388104773
2023-01-05,0.001176101377699205,-0.006393201250226022,3.6880974923662366,3.3167837336389434
2023-01-12,-0.007694119296943158,-0.0069282863865022136,3.6597208302812136,3.293804106050201
2023-01-19,0.0028654629418307783,0.009169088196026097,3.670207624697831,3.3240052863990077
2023-01-27,-0.014467493761787738,-0.03534115449716925,3.617108918783049,3.206531102022973
2023-02-03,0.007998333978755968,0.005889174607976629,3.646039763953013,3.225414923568694
2023-02-10,0.009915126484024112,0.0035756415268991836,3.6821907093783883,3.236947851110887
2023-02-17,-0.0004688958532476187,-0.0007924959293013473,3.680464145423894,3.234382583115521
2023-02-28,-0.006600457521671658,-0.03092043785876385,3.656171398171988,3.1343740574428294
2023-03-08,0.00793245642552307,0.027770985794231647,3.6851738184722307,3.2214187148658824
2023-03-15,-0.022766665912976693,-0.04031979734552129,3.6012746973158247,3.0915317651174203
2023-03-22,-0.007195604779630517,0.009755382219646287,3.5753613478910564,3.1216908391303186
2023-03-29,-0.010114445021159416,-0.00791147994467494,3.5391985521070337,3.0969936446630637
2023-04-05,0.021090888705141857,0.02535969217042154,3.613843394874922,3.1755324501454707
2023-04-12,0.025712757890423064,0.015782424843977298,3.706765275141245,3.225650052379503
2023-04-19,0.0062624869372097,-0.005665409545863692,3.7299788442561197,3.2073754237811363
2023-04-26,-0.013779613661684514,0.009254958975290942,3.6785811768160137,3.2370595517465874
2023-05-03,0.013284305372801964,0.0188070212879475,3.727448572507479,3.297938999646639
2023-05-10,0.012814099925123964,0.012414574114320105,3.775212470981351,3.3388815077822587
2023-05-17,0.007451273251493986,-0.002566912689406727,3.803342610685081,3.330310890471507
2023-05-24,-0.0005674821782624153,0.005808243686938282,3.8011842815356913,3.3496541476766297
2023-05-31,0.01644822265387617,0.016141454438819338,3.863707006946805,3.4037224374871546
2023-06-07,0.03130983724121132,0.015241272579663151,3.984679044482037,3.4555994989424117
2023-06-14,0.006689681860447853,0.004832351452829037,4.011335279605615,3.472298170201521
2023-06-21,0.037775081076705956,0.009755005735495814,4.162863795018568,3.5061704587671887
2023-06-28,0.004909217802005139,0.002232012289921464,4.183300200068396,3.513996274321717
2023-07-05,0.006426465357905165,0.019659400879758187,4.210184033885853,3.583079335768584
2023-07-12,0.013071475162752946,0.0026420119056225475,4.265217349915411,3.5925458740324747
2023-07-19,0.013988721740681614,0.0187758584945061,4.324882288586905,3.6599990069983304
2023-07-26,-0.003535364745610973,0.0012681747131860679,4.309592252214918,3.6646405251892915
2023-08-02,0.014351781855927595,-0.0068365243004417835,4.371442580106701,3.6395871211864512
2023-08-09,0.03161085504146703,0.008594841315740174,4.509627617828551,3.6708687949478604
2023-08-16,-0.011557584553388662,-0.00886857976281838,4.457507215331201,3.638313402241024
2023-08-23,0.009818324416894028,0.005767502024856078,4.50127246726197,3.65929738215551
2023-08-30,0.008924912251108204,0.0011032285659503976,4.541445929050612,3.6633344235588114
2023-09-06,0.016059990567947956,0.01860162237498477,4.61438150783601,3.731478387139135
2023-09-13,0.0026612411696502773,0.014009580782893528,4.6266614898771365,3.783754835043382
2023-09-20,0.00480719802941591,-0.0044161068081647456,4.648902767874048,3.767045369555921
2023-09-27,-0.004013525208743487,-0.00617501511517621,4.630244279422189,3.7437838074593586
2023-10-04,0.00795319165997115,-0.012599760114406977,4.667069499608918,3.6966130295651696
2023-10-11,-0.004817715818828391,0.016600381940186065,4.644584885053081,3.75797821774102
2023-10-18,0.003007927764242182,-0.00363926732098789,4.658555460882211,3.7443019304202108
2023-10-25,-0.03985715396358524,-0.03362546125461259,4.472878698629928,3.6183980509332945
2023-11-01,0.007375484951429851,-0.0016616151973651943,4.505868348161243,3.6123856657417472
2023-11-09,0.03501672372088416,0.029041501946757788,4.663649095231483,3.717294771085826
2023-11-16,0.013509634522667246,0.02173193409567377,4.726653290050028,3.7980787760652563
2023-11-23,0.004473865556324021,0.006924266901091039,4.747799701401069,3.824377687222101
2023-11-30,0.015008406078313415,0.019759742394865994,4.819056607298191,3.8999464051422827
2023-12-07,0.01953571035248048,0.03979886535152687,4.913200301350575,4.055159846998712
2023-12-14,-0.008494487753688806,0.014435530652780044,4.871465181559333,4.113698231271985
2023-12-21,-0.012454263567999502,-0.0016891669323832155,4.81079467022586,4.1067495082499175
2023-12-28,0.009750891233544738,0.024150291946911102,4.857704205802149,4.205928707826987
2024-01-04,0.015231642635788904,0.007319870613554648,4.931695020295296,4.236715561778116
2024-01-11,0.012232822928589715,0.002205590737542304,4.992023572216376,4.246060022378774
2024-01-18,-0.012014631801734546,-0.0086574228912371,4.932046247050617,4.209300085143465
2024-01-25,0.0022546067199723297,-0.0011228547293816713,4.943166071662431,4.204573652635475
2024-02-01,0.008414981989823688,0.019819006858144618,4.984762725128178,4.287904126692632
2024-02-08,0.0039013123411735504,0.010628319769837757,5.004209841465542,4.333477342893528
2024-02-15,-0.0024756266925512055,0.002474040089956034,4.991821286006883,4.3441985395687635
2024-02-22,0.013677755300716365,0.012324699306283412,5.060098196061793,4.397739480295743
2024-02-29,-0.008513266967457632,-0.00955928209249192,5.017020229237168,4.355700248034307
2024-03-07,-0.0017287403292326232,0.017160236037242316,5.00834710403431,4.430445092398051
2024-03-14,-0.04464233233463506,-0.025370935854522714,4.784762808168803,4.318040554151835
2024-03-21,0.011059794743221715,-0.0009514795632732449,4.83768130272215,4.313932026811175
2024-03-28,0.013212772474763792,0.017979736045915545,4.901600485080436,4.391495385973261
2024-04-04,0.03558241278284752,0.020217080594317986,5.076011256837174,4.480278602121058
2024-04-12,0.006683562241666192,0.003912478556375189,5.109937094011643,4.497807596078443
2024-04-19,0.00734156718306394,-0.01736762189390467,5.14745204048856,4.419691374398221
2024-04-26,0.005418144652012,0.022278417675568443,5.175341680233222,4.518155104834172
2024-05-03,-0.003280049730714803,0.005767934220597127,5.158366302148616,4.544215526277311
2024-05-10,-0.009306277404605328,-0.0233998344430105,5.1103611143862535,4.437881635289064
2024-05-17,0.025852311188463782,0.029090189602864844,5.242475760200792,4.566980453494694
2024-05-24,-0.005027085532727278,0.019900733697135745,5.216121386151014,4.657866715299717
2024-05-31,-0.016654669177431955,-0.01770873334497007,5.129248610075341,4.575381795682063
2024-06-07,0.034682544835461515,0.0313150076054457,5.307144004966507,4.718659911411665
2024-06-14,0.033315249724880966,0.02068309582501489,5.483952832817871,4.816256406525048
2024-06-21,0.02483552913871316,0.0009858514560441452,5.620149703192649,4.821004519916103
2024-06-28,-0.014456837400777127,0.014548349088423382,5.538900112765567,4.891142176628709
2024-07-05,0.016547090914384714,0.01896966714982915,5.630552796497194,4.983925515701847
2024-07-12,0.008138678817613442,0.004689474565690676,5.6763780572735,5.007297507645028
2024-07-19,-0.014946134948468533,-0.010471759589010051,5.591538144810965,4.95486229195432
2024-07-26,0.028317416136535708,0.01918516119998603,5.749876057300889,5.049922123749195
2024-08-02,0.0024930045802487185,-0.0013996191833693704,5.764210524647602,5.042854155870274
2024-08-09,-0.005312961465652472,-0.014443591744430788,5.733585496250241,4.970017229216178
2024-08-12,0.0036391216430904823,-0.0003337186729775756,5.754450711322154,4.968358641661768
2024-08-20,0.005445220692711217,0.014275009040330671,5.785784965410632,5.039282006187095
2024-08-27,0.02164212641286028,0.013938793875521632,5.911001655029676,5.109523519351962
2024-09-03,0.010434990171686875,0.00777806255917755,5.972682899204735,5.14926571293307
2024-09-10,0.023223906791332592,-0.0060869875927182845,6.111391930150053,5.117922196426837
2024-09-17,-0.038072887408659314,0.013798630922044607,5.878713593283261,5.1885425159030705
2024-09-24,0.010934350113792521,0.01751363167973163,5.942993505930932,5.279412738481224
2024-10-01,-0.0001855150158694527,-0.004854508255534158,5.941890991396368,5.2537837857578955
2024-10-08,-0.030292623043168165,-0.03126120150136169,5.761895527430401,5.0895441921867315
2024-10-15,0.00018228438304634817,0.009490676255871926,5.762945831001796,5.137847408404729
2024-10-22,-0.04661159585142523,-0.03881284310131995,5.494325729013484,4.938432943063793
2024-10-29,-0.012615722718382892,-0.0008503382724545827,5.425010839091773,4.934233604526355
2024-11-05,0.004178271466538715,-0.005053728770061954,5.447678007086414,4.909297326200954
2024-11-12,-0.01833569897784221,-0.015379290427405793,5.347791023020266,4.8337958168268225
2024-11-19,-0.012017157932162596,-0.014629853947754392,5.28352577370843,4.76307809001338
2024-11-26,0.02952910020335531,0.025363166828377217,5.439543535707276,4.883884834226977
2024-12-03,0.019321412658593575,0.02031694253062047,5.544643201035062,4.983110441730136
2024-12-10,-0.007473478858910134,0.012773203422115296,5.503205427291927,5.046760725077222
2024-12-17,-0.01303565670283204,-0.009399568516270773,5.431467530576587,4.999323351856635
2024-12-24,-0.014743979643811958,-0.030007685396663857,5.35138608386974,4.849305229517926
2024-12-31,0.005530681534868407,-0.0012186031148030939,5.38098289606975,4.843395851060604
2025-01-07,0.021390597255158066,-0.001508352923299695,5.496085334036472,4.83609030076996
2025-01-14,-0.030723101566451295,-0.03851998397611645,5.3272285461009865,4.649804179877249
2025-01-21,0.002152286525162401,-0.0022275447429245102,5.33869426831722,4.639446533020735
2025-01-28,-0.033915674350000605,-0.023722542597465646,5.1576288520587585,4.529387065012486
2025-02-04,0.04479109785943483,0.03836127074397547,5.388644710693967,4.70314010851769
2025-02-11,-0.04420287546633627,-0.03576121450055114,5.1504511196148295,4.534950106270844
2025-02-18,-0.02675913167142927,-0.016183423267757936,5.0126295199377955,4.4615590892029
2025-02-25,-0.013987153953951939,-0.009346769263611469,4.942517099128302,4.419857925840152
2025-03-04,-0.02801135816209427,-0.02453137434955624,4.804070482442344,4.311432736489514
2025-03-11,0.012285360395305471,0.019311823314263413,4.863090219683597,4.394694363727931
2025-03-18,0.01156870688369094,0.017470754833148663,4.919349884984061,4.4714729915232425
2025-03-25,0.026964216245414688,0.037785856747284206,5.051996299069627,4.64043142943029
2025-04-01,-0.008755288585003226,-0.01711933388531912,5.007764613540904,4.560990334417944
2025-04-08,0.004951689525036461,-0.02799852876618064,5.032561509121623,4.433289315337472
2025-04-15,0.04050523976454445,0.038992617475879954,5.236406619678412,4.606154869770331
2025-04-22,0.02734060840593351,0.0378652593588165,5.379573162521278,4.78056811856106
2025-04-29,-0.009465895462409104,0.0012338607616430043,5.32865068533247,4.7864666739809145
2025-05-06,-0.015766779136792648,-0.0070458204446375294,5.244635026879714,4.752742089231804
2025-05-09,0.002336682649535112,-0.012800251405044465,5.256890074550167,4.6919057956263
