,Ticker,Buy Date,Sell Date,Weight,Buy Price,Sell Price,Returns
0,TATASTLBSL,2014-01-02,2014-04-01,0.06666666666666667,483.9,458.7,-0.003471791692498449
1,SETFGOLD,2014-01-02,2014-04-01,0.06666666666666667,2781.05,2760.0,-0.0005046055746330865
2,NESTLEIND,2014-01-02,2014-04-01,0.06666666666666667,266.29,253.45,-0.0032145405385106537
3,SBBJ,2014-01-02,2014-04-01,0.06666666666666667,335.0,330.0,-0.0009950248756218905
4,SBT,2014-01-02,2014-04-01,0.06666666666666667,437.1,428.0,-0.0013879356363913707
5,MARICO,2014-01-02,2014-04-01,0.06666666666666667,110.5,105.0,-0.0033182503770739064
6,CAIRN,2014-01-02,2014-04-01,0.06666666666666667,323.0,332.95,0.002053663570691432
7,BAYERCROP,2014-01-02,2014-04-01,0.06666666666666667,1756.25,1505.0,-0.009537366548042705
8,INSECTICID,2014-01-02,2014-04-01,0.06666666666666667,176.433333333333,144.7,-0.011990679513823188
9,TAJGVK,2014-01-02,2014-04-01,0.06666666666666667,68.2,66.0,-0.0021505376344086048
10,SOLARINDS,2014-01-02,2014-04-01,0.06666666666666667,180.6,177.0,-0.0013289036544850477
11,WABAG,2014-01-02,2014-04-01,0.06666666666666667,282.475,394.175,0.026362214945275388
12,DHANUKA,2014-01-02,2014-04-01,0.06666666666666667,202.25,257.45,0.018195302843016067
13,JAYSREETEA,2014-01-02,2014-04-01,0.06666666666666667,93.75,85.45,-0.00590222222222222
14,SELAN,2014-01-02,2014-04-01,0.06666666666666667,311.0,523.95,0.04564844587352627
15,TATASTLBSL,2014-04-02,2014-06-30,0.06666666666666667,444.1,393.0,-0.007670944982361333
16,GOLD1,2014-04-02,2014-06-30,0.06666666666666667,2660.1,2581.05,-0.0019811285290026624
17,SETFGOLD,2014-04-02,2014-06-30,0.06666666666666667,2769.0,2670.0,-0.0023835319609967496
18,TIDEWATER,2014-04-02,2014-06-30,0.06666666666666667,1688.0,2250.0,0.022195892575039497
19,ABBOTINDIA,2014-04-02,2014-06-30,0.06666666666666667,1800.0,2121.15,0.011894444444444449
20,SBBJ,2014-04-02,2014-06-30,0.06666666666666667,325.0,528.5,0.04174358974358974
21,MARICO,2014-04-02,2014-06-30,0.06666666666666667,104.45,122.825,0.011728099569171853
22,SBT,2014-04-02,2014-06-30,0.06666666666666667,420.0,584.05,0.026039682539682533
23,NESTLEIND,2014-04-02,2014-06-30,0.06666666666666667,245.0,246.5,0.00040816326530612246
24,CAIRN,2014-04-02,2014-06-30,0.06666666666666667,346.0,362.8,0.0032369942196531815
25,BAYERCROP,2014-04-02,2014-06-30,0.06666666666666667,1500.0,1825.55,0.014468888888888887
26,CERA,2014-04-02,2014-06-30,0.06666666666666667,872.0,1275.0,0.03081039755351682
27,MYSOREBANK,2014-04-02,2014-06-30,0.06666666666666667,420.0,552.15,0.020976190476190475
28,HIKAL,2014-04-02,2014-06-30,0.06666666666666667,470.0,589.2,0.016907801418439724
29,REPCOHOME,2014-04-02,2014-06-30,0.06666666666666667,334.15,461.5,0.025407751010025445
30,SETFGOLD,2014-07-02,2014-09-29,0.06666666666666667,2668.0,2545.7,-0.003055972013993008
31,TATASTLBSL,2014-07-02,2014-09-29,0.06666666666666667,400.0,111.7,-0.048049999999999995
32,RAINBOWPAP,2014-07-02,2014-09-29,0.06666666666666667,84.0,81.0,-0.002380952380952381
33,ABBOTINDIA,2014-07-02,2014-09-29,0.06666666666666667,2200.15,3119.95,0.027870826989068915
34,NESTLEIND,2014-07-02,2014-09-29,0.06666666666666667,246.75,302.5,0.015062478892266126
35,CAIRN,2014-07-02,2014-09-29,0.06666666666666667,366.75,311.45,-0.010052260849806864
36,TIDEWATER,2014-07-02,2014-09-29,0.06666666666666667,2251.05,2940.0,0.020403811554607843
37,BAYERCROP,2014-07-02,2014-09-29,0.06666666666666667,1819.25,2389.95,0.020913380055883828
38,STYRENIX,2014-07-02,2014-09-29,0.06666666666666667,609.0,591.0,-0.0019704433497536944
39,FOSECOIND,2014-07-02,2014-09-29,0.06666666666666667,775.4,974.0,0.017075058034562808
40,REPCOHOME,2014-07-02,2014-09-29,0.06666666666666667,460.0,425.0,-0.0050724637681159425
41,HIKAL,2014-07-02,2014-09-29,0.06666666666666667,614.0,734.9,0.01312703583061889
42,SBBJ,2014-07-02,2014-09-29,0.06666666666666667,555.05,581.05,0.0031228417860252834
43,HMVL,2014-07-02,2014-09-29,0.06666666666666667,170.0,155.55,-0.005666666666666663
44,GICHSGFIN,2014-07-02,2014-09-29,0.06666666666666667,174.9,156.65,-0.0069563560129597855
45,SETFGOLD,2014-10-01,2014-12-29,0.06666666666666667,2520.0,2528.0,0.00021164021164021165
46,NESTLEIND,2014-10-01,2014-12-29,0.06666666666666667,301.35,306.1,0.0010508268347989601
47,CAIRN,2014-10-01,2014-12-29,0.06666666666666667,313.0,242.1,-0.015101171458998934
48,STYRENIX,2014-10-01,2014-12-29,0.06666666666666667,588.85,651.7,0.007115564235374036
49,REPCOHOME,2014-10-01,2014-12-29,0.06666666666666667,432.9,641.0,0.03204743204743205
50,UNITDSPR,2014-10-01,2014-12-29,0.06666666666666667,482.0,550.0,0.009405255878284923
51,HMVL,2014-10-01,2014-12-29,0.06666666666666667,163.8,205.0,0.016768416768416762
52,ABBOTINDIA,2014-10-01,2014-12-29,0.06666666666666667,3199.95,3580.0,0.00791783204945911
53,BAYERCROP,2014-10-01,2014-12-29,0.06666666666666667,2406.05,3136.65,0.020243414171221157
54,FIEMIND,2014-10-01,2014-12-29,0.06666666666666667,323.25,408.23,0.01752616653776747
55,VGUARD,2014-10-01,2014-12-29,0.06666666666666667,63.3571428571429,77.5035714285714,0.014885381435550469
56,LUMAXIND,2014-10-01,2014-12-29,0.06666666666666667,374.75,401.0,0.004669779853235491
57,GICHSGFIN,2014-10-01,2014-12-29,0.06666666666666667,157.45,184.6,0.011495712924738015
58,SBBJ,2014-10-01,2014-12-29,0.06666666666666667,555.05,582.0,0.003236945620514674
59,NESTLEIND,2014-12-31,2015-03-30,0.06666666666666667,310.13,342.0,0.006850890486785113
60,FIEMIND,2014-12-31,2015-03-30,0.06666666666666667,410.53,320.55,-0.014612005618752989
61,CAIRN,2014-12-31,2015-03-30,0.06666666666666667,235.0,216.0,-0.005390070921985815
62,REPCOHOME,2014-12-31,2015-03-30,0.06666666666666667,643.0,637.35,-0.0005857957490927919
63,STYRENIX,2014-12-31,2015-03-30,0.06666666666666667,654.0,635.35,-0.0019011213047910272
64,UNITDSPR,2014-12-31,2015-03-30,0.06666666666666667,554.2,722.68,0.020267051605918428
65,ABBOTINDIA,2014-12-31,2015-03-30,0.06666666666666667,3796.45,4089.85,0.0051521816433773675
66,RSWM,2014-12-31,2015-03-30,0.06666666666666667,205.0,208.0,0.0009756097560975611
67,BIL,2014-12-31,2015-03-30,0.06666666666666667,401.0,398.3,-0.0004488778054862824
68,GICHSGFIN,2014-12-31,2015-03-30,0.06666666666666667,215.1,212.95,-0.0006663567333023417
69,ARCOTECH,2014-12-31,2015-03-30,0.06666666666666667,352.2,340.1,-0.0022903653227332892
70,VGUARD,2014-12-31,2015-03-30,0.06666666666666667,80.0035714285714,66.2107142857143,-0.011493534514828176
71,LUMAXIND,2014-12-31,2015-03-30,0.06666666666666667,418.0,323.95,-0.015000000000000001
72,DISHTV,2014-12-31,2015-03-30,0.06666666666666667,66.4,80.9,0.014558232931726907
73,TATAMTRDVR,2014-12-31,2015-03-30,0.06666666666666667,329.4,319.8,-0.0019429265330904606
74,NESTLEIND,2015-04-01,2015-06-29,0.06666666666666667,352.55,291.27,-0.011587954427268005
75,PGIL,2015-04-01,2015-06-29,0.06666666666666667,247.0,217.0,-0.008097165991902834
76,FIEMIND,2015-04-01,2015-06-29,0.06666666666666667,316.0,267.5,-0.010232067510548523
77,CAIRN,2015-04-01,2015-06-29,0.06666666666666667,213.85,179.8,-0.010614916997895716
78,ARCOTECH,2015-04-01,2015-06-29,0.06666666666666667,342.5,340.6,-0.00036982968369829244
79,REPCOHOME,2015-04-01,2015-06-29,0.06666666666666667,646.3,610.2,-0.003723760895353026
80,STYRENIX,2015-04-01,2015-06-29,0.06666666666666667,665.0,565.55,-0.009969924812030078
81,ABBOTINDIA,2015-04-01,2015-06-29,0.06666666666666667,3979.25,4040.0,0.001017779732361626
82,TUBEINVEST,2015-04-01,2015-06-29,0.06666666666666667,367.0,349.45,-0.0031880108991825637
83,HGS,2015-04-01,2015-06-29,0.06666666666666667,286.925,246.0,-0.00950887281809997
84,TIDEWATER,2015-04-01,2015-06-29,0.06666666666666667,2700.2,2910.01,0.005180110115300111
85,DISHTV,2015-04-01,2015-06-29,0.06666666666666667,82.2,99.7,0.014193025141930252
86,VIMALOIL,2015-04-01,2015-06-29,0.06666666666666667,240.0,137.0,-0.028611111111111108
87,NDLVENTURE,2015-04-01,2015-06-29,0.06666666666666667,68.29166666666667,66.01666666666667,-0.0022208663819402127
88,SOLARINDS,2015-04-01,2015-06-29,0.06666666666666667,683.99,736.0,0.005069274891933116
89,SETFGOLD,2015-07-01,2015-09-28,0.06666666666666667,2485.0,2468.8,-0.0004346076458752466
90,ARCOTECH,2015-07-01,2015-09-28,0.06666666666666667,332.6,376.0,0.008699138103828417
91,FIEMIND,2015-07-01,2015-09-28,0.06666666666666667,261.8,265.0,0.0008148714031066943
92,BIL,2015-07-01,2015-09-28,0.06666666666666667,504.0,489.05,-0.001977513227513226
93,NESTLEIND,2015-07-01,2015-09-28,0.06666666666666667,320.0,312.25,-0.001614583333333333
94,TUBEINVEST,2015-07-01,2015-09-28,0.06666666666666667,345.9,402.0,0.010812373518357912
95,SOLARINDS,2015-07-01,2015-09-28,0.06666666666666667,749.0,724.8,-0.002153983088562532
96,STYRENIX,2015-07-01,2015-09-28,0.06666666666666667,570.4,762.95,0.02250467508181394
97,REPCOHOME,2015-07-01,2015-09-28,0.06666666666666667,650.25,699.0,0.004998077662437524
98,SBT,2015-07-01,2015-09-28,0.06666666666666667,423.95,412.0,-0.0018791524157722984
99,IDFC,2015-07-01,2015-09-28,0.06666666666666667,63.175965665236,60.7081545064378,-0.00260416666666658
100,CIGNITITEC,2015-07-01,2015-09-28,0.06666666666666667,415.0,395.0,-0.0032128514056224897
101,CAIRN,2015-07-01,2015-09-28,0.06666666666666667,181.6,149.2,-0.011894273127753305
102,NESCO,2015-07-01,2015-09-28,0.06666666666666667,300.51,271.6,-0.0064135414240235975
103,ACCELYA,2015-07-01,2015-09-28,0.06666666666666667,1019.0,970.0,-0.0032057572783774943
104,ARCOTECH,2015-09-30,2015-12-28,0.06666666666666667,378.0,350.0,-0.0049382716049382715
105,ABBOTINDIA,2015-09-30,2015-12-28,0.06666666666666667,5734.0,5622.35,-0.0012981048715265625
106,TUBEINVEST,2015-09-30,2015-12-28,0.06666666666666667,405.0,445.0,0.006584362139917695
107,IDFC,2015-09-30,2015-12-28,0.06666666666666667,60.2145922746781,48.2,-0.013301971964837237
108,NESTLEIND,2015-09-30,2015-12-28,0.06666666666666667,312.5,288.8,-0.005055999999999997
109,BIL,2015-09-30,2015-12-28,0.06666666666666667,506.0,530.0,0.0031620553359683794
110,SBT,2015-09-30,2015-12-28,0.06666666666666667,426.0,406.9,-0.002989045383411584
111,WONDERLA,2015-09-30,2015-12-28,0.06666666666666667,292.6,406.0,0.025837320574162673
112,GRINDWELL,2015-09-30,2015-12-28,0.06666666666666667,726.0,753.9,0.002561983471074378
113,TIMKEN,2015-09-30,2015-12-28,0.06666666666666667,592.1,558.0,-0.0038394415357766165
114,SBBJ,2015-09-30,2015-12-28,0.06666666666666667,478.0,531.0,0.007391910739191074
115,TIDEWATER,2015-09-30,2015-12-28,0.06666666666666667,3600.0,4745.0,0.021203703703703704
116,REPCOHOME,2015-09-30,2015-12-28,0.06666666666666667,712.5,657.0,-0.005192982456140351
117,FIEMIND,2015-09-30,2015-12-28,0.06666666666666667,272.75,389.5,0.028536510846318364
118,CIGNITITEC,2015-09-30,2015-12-28,0.06666666666666667,388.75,478.9,0.015459807073954978
119,SETFGOLD,2015-12-30,2016-03-28,0.06666666666666667,2341.3,2599.0,0.007337803784222436
120,ABBOTINDIA,2015-12-30,2016-03-28,0.06666666666666667,5708.0,4740.0,-0.011305769679981313
121,SOLARINDS,2015-12-30,2016-03-28,0.06666666666666667,679.01,662.6,-0.0016111692022208772
122,VGUARD,2015-12-30,2016-03-28,0.06666666666666667,60.9142857142857,61.4285714285714,0.0005628517823639678
123,MANDHANA,2015-12-30,2016-03-28,0.06666666666666667,292.1,280.2,-0.002715964852219567
124,TIMKEN,2015-12-30,2016-03-28,0.06666666666666667,545.25,443.0,-0.01250191043863671
125,NESTLEIND,2015-12-30,2016-03-28,0.06666666666666667,292.5,264.95,-0.006279202279202281
126,PGIL,2015-12-30,2016-03-28,0.06666666666666667,235.0,224.05,-0.003106382978723401
127,TUBEINVEST,2015-12-30,2016-03-28,0.06666666666666667,433.7,379.9,-0.008269925447698103
128,WONDERLA,2015-12-30,2016-03-28,0.06666666666666667,398.65,377.0,-0.0036205526986914133
129,TRITURBINE,2015-12-30,2016-03-28,0.06666666666666667,110.6,98.6,-0.007233273056057867
130,REPCOHOME,2015-12-30,2016-03-28,0.06666666666666667,673.55,588.55,-0.008413134387449584
131,BIL,2015-12-30,2016-03-28,0.06666666666666667,519.0,471.0,-0.006165703275529865
132,SEAMECLTD,2015-12-30,2016-03-28,0.06666666666666667,101.85,80.45,-0.01400752740958926
133,MFSL,2015-12-30,2016-03-28,0.06666666666666667,506.5,329.8,-0.023257650542941755
134,VGUARD,2016-03-30,2016-06-27,0.06666666666666667,61.8571428571429,96.7857142857143,0.037644341801385636
135,ABBOTINDIA,2016-03-30,2016-06-27,0.06666666666666667,4650.0,4488.0,-0.0023225806451612906
136,MANDHANA,2016-03-30,2016-06-27,0.06666666666666667,292.0,123.35,-0.038504566210045665
137,NESTLEIND,2016-03-30,2016-06-27,0.06666666666666667,267.74,320.0,0.013012624187644728
138,TIMKEN,2016-03-30,2016-06-27,0.06666666666666667,421.5,535.4,0.01801502570185844
139,MPSLTD,2016-03-30,2016-06-27,0.06666666666666667,687.95,711.0,0.0022336894638660706
140,TUBEINVEST,2016-03-30,2016-06-27,0.06666666666666667,384.9,451.0,0.01144886117606305
141,WONDERLA,2016-03-30,2016-06-27,0.06666666666666667,376.6,394.5,0.003168702425207997
142,BAYERCROP,2016-03-30,2016-06-27,0.06666666666666667,3817.6,3926.5,0.0019017183570829857
143,GRINDWELL,2016-03-30,2016-06-27,0.06666666666666667,720.0,679.95,-0.003708333333333329
144,REPCOHOME,2016-03-30,2016-06-27,0.06666666666666667,573.05,777.0,0.02372684175319199
145,MCX,2016-03-30,2016-06-27,0.06666666666666667,830.0,959.95,0.010437751004016067
146,IIFL,2016-03-30,2016-06-27,0.06666666666666667,103.2,110.0,0.004392764857881135
147,NDLVENTURE,2016-03-30,2016-06-27,0.06666666666666667,66.35833333333333,66.20833333333333,-0.00015069697350245453
148,SFCL,2016-03-30,2016-06-27,0.06666666666666667,117.25,107.25,-0.005685856432125089
149,SETFGOLD,2016-06-29,2016-09-26,0.06666666666666667,2836.5,2905.0,0.0016099653328632705
150,BAYERCROP,2016-06-29,2016-09-26,0.06666666666666667,3956.0,4354.95,0.006723120997640711
151,GALLISPAT,2016-06-29,2016-09-26,0.06666666666666667,58.43,54.98,-0.003936334074961495
152,ABBOTINDIA,2016-06-29,2016-09-26,0.06666666666666667,4491.0,4777.7,0.004255919245899203
153,NESTLEIND,2016-06-29,2016-09-26,0.06666666666666667,324.2,325.45,0.00025704297758585235
154,CARBORUNIV,2016-06-29,2016-09-26,0.06666666666666667,230.0,277.1,0.013652173913043485
155,MPSLTD,2016-06-29,2016-09-26,0.06666666666666667,717.9,634.55,-0.007740168082834195
156,LINDEINDIA,2016-06-29,2016-09-26,0.06666666666666667,310.9,370.2,0.012715771416318218
157,RHIM,2016-06-29,2016-09-26,0.06666666666666667,88.8,116.4,0.020720720720720728
158,TUBEINVEST,2016-06-29,2016-09-26,0.06666666666666667,466.0,595.1,0.018469241773962804
159,MCX,2016-06-29,2016-09-26,0.06666666666666667,1003.0,1060.0,0.003788634097706879
160,CIGNITITEC,2016-06-29,2016-09-26,0.06666666666666667,441.0,427.0,-0.0021164021164021165
161,REPCOHOME,2016-06-29,2016-09-26,0.06666666666666667,774.95,837.5,0.005380992322085292
162,GUJALKALI,2016-06-29,2016-09-26,0.06666666666666667,231.0,321.0,0.025974025974025976
163,KIRLOSBROS,2016-06-29,2016-09-26,0.06666666666666667,125.1,174.9,0.026538768984812156
164,SETFGOLD,2016-09-28,2016-12-26,0.06666666666666667,2875.0,2590.0,-0.006608695652173913
165,VOLTAMP,2016-09-28,2016-12-26,0.06666666666666667,811.5,909.0,0.008009858287122612
166,ABBOTINDIA,2016-09-28,2016-12-26,0.06666666666666667,4704.55,4672.55,-0.0004534617196827185
167,BAYERCROP,2016-09-28,2016-12-26,0.06666666666666667,4478.5,4060.05,-0.006229020133229129
168,NESTLEIND,2016-09-28,2016-12-26,0.06666666666666667,324.55,290.5,-0.006994299799722696
169,GALLISPAT,2016-09-28,2016-12-26,0.06666666666666667,55.505,48.93,-0.007897186439660094
170,TATAINVEST,2016-09-28,2016-12-26,0.06666666666666667,616.0,554.0,-0.006709956709956709
171,CIGNITITEC,2016-09-28,2016-12-26,0.06666666666666667,429.5,362.0,-0.010477299185098952
172,ACCELYA,2016-09-28,2016-12-26,0.06666666666666667,1399.0,1420.0,0.0010007147962830592
173,TUBEINVEST,2016-09-28,2016-12-26,0.06666666666666667,592.9,566.4,-0.002979704278405577
174,CARBORUNIV,2016-09-28,2016-12-26,0.06666666666666667,269.2,243.15,-0.006451213472015846
175,NH,2016-09-28,2016-12-26,0.06666666666666667,334.9,334.0,-0.00017915795759927886
176,SANGAMIND,2016-09-28,2016-12-26,0.06666666666666667,261.45,249.95,-0.0029323643781475105
177,MCX,2016-09-28,2016-12-26,0.06666666666666667,1160.0,1241.3,0.004672413793103446
178,REPCOHOME,2016-09-28,2016-12-26,0.06666666666666667,820.0,522.8,-0.024162601626016262
179,BAYERCROP,2016-12-28,2017-03-27,0.06666666666666667,4045.85,3830.65,-0.0035460204077429106
180,NESTLEIND,2016-12-28,2017-03-27,0.06666666666666667,293.5,319.15,0.005826235093696758
181,CIGNITITEC,2016-12-28,2017-03-27,0.06666666666666667,351.9,363.5,0.0021975940134507954
182,HCG,2016-12-28,2017-03-27,0.06666666666666667,232.0,225.9,-0.001752873563218389
183,HEUBACHIND,2016-12-28,2017-03-27,0.06666666666666667,700.0,664.85,-0.0033476190476190455
184,TUBEINVEST,2016-12-28,2017-03-27,0.06666666666666667,579.0,611.65,0.003759355210132409
185,THYROCARE,2016-12-28,2017-03-27,0.06666666666666667,666.1,702.15,0.0036080668568282993
186,ACCELYA,2016-12-28,2017-03-27,0.06666666666666667,1411.05,1406.0,-0.0002385930099334989
187,GIPCL,2016-12-28,2017-03-27,0.06666666666666667,93.8,102.85,0.006432125088841505
188,RATNAMANI,2016-12-28,2017-03-27,0.06666666666666667,404.0,501.333333333333,0.016061606160616002
189,HEXAWARE,2016-12-28,2017-03-27,0.06666666666666667,199.0,221.95,0.007688442211055272
190,MONTECARLO,2016-12-28,2017-03-27,0.06666666666666667,406.85,389.5,-0.002842980623489414
191,HONDAPOWER,2016-12-28,2017-03-27,0.06666666666666667,1436.05,1390.0,-0.002137808572124924
192,VINDHYATEL,2016-12-28,2017-03-27,0.06666666666666667,580.0,656.95,0.0088448275862069
193,ELGIEQUIP,2016-12-28,2017-03-27,0.06666666666666667,88.5,108.45,0.015028248587570622
194,GOLD1,2017-03-29,2017-06-27,0.06666666666666667,256.0,253.5,-0.0006510416666666666
195,LTIM,2017-03-29,2017-06-27,0.06666666666666667,690.45,796.4,0.010230043208535489
196,KKCL,2017-03-29,2017-06-27,0.06666666666666667,360.0,340.6,-0.0035925925925925886
197,ABBOTINDIA,2017-03-29,2017-06-27,0.06666666666666667,4600.0,4310.0,-0.004202898550724638
198,BAYERCROP,2017-03-29,2017-06-27,0.06666666666666667,3745.0,4615.05,0.015488206497552295
199,NESTLEIND,2017-03-29,2017-06-27,0.06666666666666667,325.5,332.55,0.0014439324116743495
200,TUBEINVEST,2017-03-29,2017-06-27,0.06666666666666667,605.0,665.0,0.006611570247933884
201,STYRENIX,2017-03-29,2017-06-27,0.06666666666666667,685.0,820.0,0.013138686131386862
202,THYROCARE,2017-03-29,2017-06-27,0.06666666666666667,695.0,721.0,0.0024940047961630697
203,HCG,2017-03-29,2017-06-27,0.06666666666666667,229.0,243.3,0.0041630276564774416
204,HATSUN,2017-03-29,2017-06-27,0.06666666666666667,510.25,610.0,0.013032827045565899
205,CIGNITITEC,2017-03-29,2017-06-27,0.06666666666666667,361.0,300.0,-0.01126500461680517
206,HEUBACHIND,2017-03-29,2017-06-27,0.06666666666666667,690.0,624.8,-0.006299516908212564
207,INFINITE,2017-03-29,2017-06-27,0.06666666666666667,225.95,211.95,-0.004130707383639448
208,SADBHAV,2017-03-29,2017-06-27,0.06666666666666667,303.0,300.5,-0.00055005500550055
209,SETFGOLD,2017-06-28,2017-09-25,0.06666666666666667,2625.55,2710.0,0.002144312620212903
210,NESTLEIND,2017-06-28,2017-09-25,0.06666666666666667,331.5,356.5,0.005027652086475616
211,ABBOTINDIA,2017-06-28,2017-09-25,0.06666666666666667,4300.0,4224.05,-0.0011775193798449584
212,HEUBACHIND,2017-06-28,2017-09-25,0.06666666666666667,622.05,574.0,-0.0051496396323982485
213,KIRLOSENG,2017-06-28,2017-09-25,0.06666666666666667,400.0,361.3,-0.006449999999999998
214,MPSLTD,2017-06-28,2017-09-25,0.06666666666666667,593.0,575.0,-0.002023608768971332
215,MAYURUNIQ,2017-06-28,2017-09-25,0.06666666666666667,364.8,371.0,0.0011330409356725124
216,HATSUN,2017-06-28,2017-09-25,0.06666666666666667,613.0,689.95,0.008368678629690053
217,VSTTILLERS,2017-06-28,2017-09-25,0.06666666666666667,2185.0,2008.2,-0.00539435545385202
218,BAYERCROP,2017-06-28,2017-09-25,0.06666666666666667,4610.7,4000.0,-0.008830184859854973
219,JSWHL,2017-06-28,2017-09-25,0.06666666666666667,1685.05,1861.4,0.006977043213356681
220,SADBHAV,2017-06-28,2017-09-25,0.06666666666666667,300.0,290.0,-0.0022222222222222222
221,HCG,2017-06-28,2017-09-25,0.06666666666666667,244.9,276.0,0.008466040560773103
222,SASKEN,2017-06-28,2017-09-25,0.06666666666666667,414.0,505.05,0.014661835748792271
223,SETFGOLD,2017-09-27,2017-12-26,0.06666666666666667,2749.0,2616.0,-0.003225415302534255
224,KIRLOSENG,2017-09-27,2017-12-26,0.06666666666666667,360.1,408.25,0.008914190502638152
225,NESTLEIND,2017-09-27,2017-12-26,0.06666666666666667,353.94,394.23,0.007588856868395777
226,MPSLTD,2017-09-27,2017-12-26,0.06666666666666667,578.0,656.8,0.009088811995386385
227,BSE,2017-09-27,2017-12-26,0.06666666666666667,109.33,100.67,-0.005280648800268299
228,HATSUN,2017-09-27,2017-12-26,0.06666666666666667,695.0,848.0,0.014676258992805754
229,SADBHAV,2017-09-27,2017-12-26,0.06666666666666667,289.95,418.8,0.029625797551301954
230,MAYURUNIQ,2017-09-27,2017-12-26,0.06666666666666667,365.0,518.95,0.02811872146118722
231,BAYERCROP,2017-09-27,2017-12-26,0.06666666666666667,3940.1,4315.0,0.0063433246195105045
232,VESUVIUS,2017-09-27,2017-12-26,0.06666666666666667,133.43,129.9,-0.0017637213020560098
233,INGERRAND,2017-09-27,2017-12-26,0.06666666666666667,782.1,806.7,0.002096918552614757
234,ACCELYA,2017-09-27,2017-12-26,0.06666666666666667,1524.7,1498.0,-0.0011674427756279942
235,KSB,2017-09-27,2017-12-26,0.06666666666666667,146.2,180.0,0.015412676698586416
236,ENIL,2017-09-27,2017-12-26,0.06666666666666667,795.1,760.0,-0.002943026034461076
237,NESCO,2017-09-27,2017-12-26,0.06666666666666667,528.45,528.0,-5.676979846722117e-05
238,SETFGOLD,2017-12-27,2018-03-26,0.06666666666666667,2637.0,2796.0,0.004019719378081153
239,ZYDUSWELL,2017-12-27,2018-03-26,0.06666666666666667,974.0,1151.45,0.012145790554414788
240,NESTLEIND,2017-12-27,2018-03-26,0.06666666666666667,393.2,391.35,-0.00031366564937266293
241,HMVL,2017-12-27,2018-03-26,0.06666666666666667,251.35,221.5,-0.007917246866918637
242,HEUBACHIND,2017-12-27,2018-03-26,0.06666666666666667,566.0,531.1,-0.004110718492343931
243,RADIOCITY,2017-12-27,2018-03-26,0.06666666666666667,75.77,74.55,-0.0010734239584708099
244,MPSLTD,2017-12-27,2018-03-26,0.06666666666666667,662.0,517.05,-0.014597180261832833
245,KIRLOSENG,2017-12-27,2018-03-26,0.06666666666666667,416.0,335.1,-0.012964743589743586
246,BAYERCROP,2017-12-27,2018-03-26,0.06666666666666667,4320.0,4125.0,-0.0030092592592592593
247,INDRAMEDCO,2017-12-27,2018-03-26,0.06666666666666667,53.35,47.45,-0.007372696032489846
248,JSWHL,2017-12-27,2018-03-26,0.06666666666666667,1785.85,1646.95,-0.005185205924349744
249,SUNDARMFIN,2017-12-27,2018-03-26,0.06666666666666667,1860.1,1615.4,-0.00877013780621113
250,FOSECOIND,2017-12-27,2018-03-26,0.06666666666666667,1840.0,1472.35,-0.013320652173913046
251,ABBOTINDIA,2017-12-27,2018-03-26,0.06666666666666667,5468.7,5380.0,-0.0010813051243135155
252,GRINDWELL,2017-12-27,2018-03-26,0.06666666666666667,544.2,488.0,-0.0068847237535219945
253,SETFGOLD,2018-03-28,2018-06-25,0.06666666666666667,2798.95,2762.0,-0.0008800919392391152
254,GOLD1,2018-03-28,2018-06-25,0.06666666666666667,271.0,267.75,-0.0007995079950799508
255,NESTLEIND,2018-03-28,2018-06-25,0.06666666666666667,407.75,492.5,0.013856529736358064
256,MPSLTD,2018-03-28,2018-06-25,0.06666666666666667,502.05,570.95,0.009149155130631083
257,HMVL,2018-03-28,2018-06-25,0.06666666666666667,222.5,202.65,-0.005947565543071159
258,WONDERLA,2018-03-28,2018-06-25,0.06666666666666667,339.9,331.95,-0.0015592821418064116
259,HEUBACHIND,2018-03-28,2018-06-25,0.06666666666666667,529.9,427.25,-0.012914386362206704
260,SUNDARMFIN,2018-03-28,2018-06-25,0.06666666666666667,1613.3,1741.2,0.005285233165974508
261,BAYERCROP,2018-03-28,2018-06-25,0.06666666666666667,4179.95,4633.2,0.007228954094347221
262,ABBOTINDIA,2018-03-28,2018-06-25,0.06666666666666667,5365.0,7451.0,0.025921093507300402
263,BIL,2018-03-28,2018-06-25,0.06666666666666667,405.0,380.15,-0.004090534979423872
264,FIEMIND,2018-03-28,2018-06-25,0.06666666666666667,447.9,411.35,-0.005440202426136779
265,NESCO,2018-03-28,2018-06-25,0.06666666666666667,552.5,531.0,-0.002594268476621418
266,GRINDWELL,2018-03-28,2018-06-25,0.06666666666666667,502.55,516.0,0.001784233741252942
267,TVSHLTD,2018-03-28,2018-06-25,0.06666666666666667,4900.0,4400.0,-0.006802721088435375
268,GOLD1,2018-06-28,2018-09-25,0.06666666666666667,268.3,269.0,0.0001739346502671111
269,MONSANTO,2018-06-28,2018-09-25,0.06666666666666667,2852.2,2870.0,0.0004160531052053428
270,NESTLEIND,2018-06-28,2018-09-25,0.06666666666666667,501.4,481.25,-0.0026791650046536332
271,BAYERCROP,2018-06-28,2018-09-25,0.06666666666666667,4566.0,4163.05,-0.005883340633669146
272,WONDERLA,2018-06-28,2018-09-25,0.06666666666666667,325.05,290.1,-0.007168127980310719
273,KHADIM,2018-06-28,2018-09-25,0.06666666666666667,774.05,731.0,-0.0037077708158387663
274,IGARASHI,2018-06-28,2018-09-25,0.06666666666666667,685.1,720.0,0.0033960978932515914
275,DHANUKA,2018-06-28,2018-09-25,0.06666666666666667,576.2,455.45,-0.013970843457132946
276,SUNDARMFIN,2018-06-28,2018-09-25,0.06666666666666667,1617.4,1491.25,-0.005199703227402006
277,CESC,2018-06-28,2018-09-25,0.06666666666666667,92.35,89.02,-0.0024038982133188945
278,GRINDWELL,2018-06-28,2018-09-25,0.06666666666666667,506.4,501.45,-0.0006516587677725103
279,ZENSARTECH,2018-06-28,2018-09-25,0.06666666666666667,248.01,274.0,0.006986277435049665
280,VESUVIUS,2018-06-28,2018-09-25,0.06666666666666667,126.89,115.64,-0.005910631255418079
281,MAHSEAMLES,2018-06-28,2018-09-25,0.06666666666666667,216.0,220.5,0.001388888888888889
282,GARFIBRES,2018-06-28,2018-09-25,0.06666666666666667,209.92,242.35,0.010299161585365856
283,SETFGOLD,2018-09-26,2018-12-24,0.06666666666666667,2776.0,2814.0,0.0009125840537944284
284,NIF100BEES,2018-09-26,2018-12-24,0.06666666666666667,113.0,112.85,-8.849557522124229e-05
285,MONSANTO,2018-09-26,2018-12-24,0.06666666666666667,2900.3,2672.65,-0.005232792010021954
286,TIDEWATER,2018-09-26,2018-12-24,0.06666666666666667,1062.21,1087.88,0.001611106403943983
287,BAYERCROP,2018-09-26,2018-12-24,0.06666666666666667,4361.05,4230.95,-0.0019888176776999477
288,NESTLEIND,2018-09-26,2018-12-24,0.06666666666666667,490.0,552.8,0.008544217687074824
289,ACCELYA,2018-09-26,2018-12-24,0.06666666666666667,1049.4,951.0,-0.006251191156851539
290,KHADIM,2018-09-26,2018-12-24,0.06666666666666667,723.3,539.35,-0.016954698373196915
291,RATNAMANI,2018-09-26,2018-12-24,0.06666666666666667,562.0,612.666666666667,0.006010280743376864
292,WONDERLA,2018-09-26,2018-12-24,0.06666666666666667,284.25,281.0,-0.0007622398123717385
293,APARINDS,2018-09-26,2018-12-24,0.06666666666666667,582.5,634.0,0.005894134477825465
294,TATACOMM,2018-09-26,2018-12-24,0.06666666666666667,336.0,345.333333333333,0.0018518518518517806
295,SUNDARMFIN,2018-09-26,2018-12-24,0.06666666666666667,1502.45,1399.0,-0.004590280319921907
296,MAHSEAMLES,2018-09-26,2018-12-24,0.06666666666666667,224.0,251.5,0.00818452380952381
297,TVSHLTD,2018-09-26,2018-12-24,0.06666666666666667,3889.7,3507.2,-0.0065557755096794105
298,SETFGOLD,2018-12-27,2019-03-26,0.06666666666666667,2835.0,2885.0,0.0011757789535567313
299,KHADIM,2018-12-27,2019-03-26,0.06666666666666667,520.0,442.0,-0.01
300,TFCILTD,2018-12-27,2019-03-26,0.06666666666666667,124.4,117.5,-0.0036977491961414817
301,BAYERCROP,2018-12-27,2019-03-26,0.06666666666666667,4221.1,4282.95,0.0009768385807806723
302,NESTLEIND,2018-12-27,2019-03-26,0.06666666666666667,542.45,528.26,-0.0017439395335975732
303,VESUVIUS,2018-12-27,2019-03-26,0.06666666666666667,120.0,116.16,-0.002133333333333335
304,MAHSEAMLES,2018-12-27,2019-03-26,0.06666666666666667,246.925,246.6,-8.774594175019865e-05
305,ABBOTINDIA,2018-12-27,2019-03-26,0.06666666666666667,7507.0,7341.2,-0.0014724035344789324
306,FIEMIND,2018-12-27,2019-03-26,0.06666666666666667,279.48,247.45,-0.007640379752874392
307,TATACOMM,2018-12-27,2019-03-26,0.06666666666666667,340.0,396.366666666667,0.011052287581699414
308,CIEINDIA,2018-12-27,2019-03-26,0.06666666666666667,247.0,227.55,-0.005249662618083668
309,VSTTILLERS,2018-12-27,2019-03-26,0.06666666666666667,1550.2,1351.2,-0.008558035522298198
310,FMGOETZE,2018-12-27,2019-03-26,0.06666666666666667,480.8,556.7,0.010524126455906826
311,BANCOINDIA,2018-12-27,2019-03-26,0.06666666666666667,93.35,77.0,-0.011676486341724688
312,HEUBACHIND,2018-12-27,2019-03-26,0.06666666666666667,416.5,347.0,-0.011124449779911963
313,AMBIKCO,2019-03-27,2019-06-24,0.06666666666666667,1128.95,1075.05,-0.0031828985635620173
314,RATNAMANI,2019-03-27,2019-06-24,0.06666666666666667,591.766666666667,645.266666666667,0.006027150340787469
315,ICRA,2019-03-27,2019-06-24,0.06666666666666667,2900.1,3061.15,0.003702171189499217
316,BAYERCROP,2019-03-27,2019-06-24,0.06666666666666667,4352.2,3322.0,-0.015780524792059186
317,TIDEWATER,2019-03-27,2019-06-24,0.06666666666666667,1056.23,983.77,-0.004573498827591215
318,ENIL,2019-03-27,2019-06-24,0.06666666666666667,509.95,421.0,-0.01162859103833709
319,VESUVIUS,2019-03-27,2019-06-24,0.06666666666666667,116.3,110.12,-0.0035425623387790152
320,BHARATFIN,2019-03-27,2019-06-24,0.06666666666666667,1096.8,931.0,-0.010077802090931192
321,RADIOCITY,2019-03-27,2019-06-24,0.06666666666666667,58.5,58.45,-5.698005698005374e-05
322,ABBOTINDIA,2019-03-27,2019-06-24,0.06666666666666667,7399.0,8545.0,0.010325719691850251
323,NESTLEIND,2019-03-27,2019-06-24,0.06666666666666667,534.55,580.0,0.005668319146946035
324,KPRMILL,2019-03-27,2019-06-24,0.06666666666666667,109.98,125.0,0.009104685700430378
325,GIPCL,2019-03-27,2019-06-24,0.06666666666666667,70.95,71.45,0.00046981442330279536
326,TATACOMM,2019-03-27,2019-06-24,0.06666666666666667,401.3,321.5,-0.013256915026164964
327,PILANIINVS,2019-03-27,2019-06-24,0.06666666666666667,2150.0,2250.0,0.0031007751937984496
328,SETFGOLD,2019-06-26,2019-09-23,0.06666666666666667,3050.0,3365.5,0.006896174863387977
329,GOLD1,2019-06-26,2019-09-23,0.06666666666666667,298.95,328.0,0.006478229358309642
330,RATNAMANI,2019-06-26,2019-09-23,0.06666666666666667,643.333333333333,635.933333333333,-0.0007668393782383399
331,BAYERCROP,2019-06-26,2019-09-23,0.06666666666666667,3341.45,3559.85,0.004357389755944277
332,TVSSRICHAK,2019-06-26,2019-09-23,0.06666666666666667,1919.85,1823.2,-0.0033561649781666926
333,MAYURUNIQ,2019-06-26,2019-09-23,0.06666666666666667,266.0,213.0,-0.013283208020050124
334,SSWL,2019-06-26,2019-09-23,0.06666666666666667,394.9,394.85,-8.440955516156753e-06
335,ABBOTINDIA,2019-06-26,2019-09-23,0.06666666666666667,8501.0,10400.0,0.014892365604046581
336,NESTLEIND,2019-06-26,2019-09-23,0.06666666666666667,585.3,685.0,0.011355999772196599
337,UNICHEMLAB,2019-06-26,2019-09-23,0.06666666666666667,171.0,196.0,0.009746588693957116
338,MAHLIFE,2019-06-26,2019-09-23,0.06666666666666667,133.0,129.0,-0.0020050125313283208
339,INGERRAND,2019-06-26,2019-09-23,0.06666666666666667,645.0,610.0,-0.003617571059431525
340,TATACOMM,2019-06-26,2019-09-23,0.06666666666666667,322.3,338.15,0.003278518978177674
341,KPRMILL,2019-06-26,2019-09-23,0.06666666666666667,122.35,111.6,-0.005857512600463153
342,CIEINDIA,2019-06-26,2019-09-23,0.06666666666666667,231.65,165.0,-0.01918123606014821
343,SETFGOLD,2019-09-25,2019-12-23,0.06666666666666667,3395.55,3448.5,0.0010395959417472832
344,GOLD1,2019-09-25,2019-12-23,0.06666666666666667,335.1,336.15,0.00020889286780064747
345,LOWVOLIETF,2019-09-25,2019-12-23,0.06666666666666667,95.5,93.8,-0.0011867364746945919
346,SSWL,2019-09-25,2019-12-23,0.06666666666666667,387.575,378.05,-0.0016383925691801548
347,RATNAMANI,2019-09-25,2019-12-23,0.06666666666666667,649.666666666667,683.333333333333,0.0034547631263895377
348,HDFCSENSEX,2019-09-25,2019-12-23,0.06666666666666667,4025.0,4396.95,0.006160662525879913
349,BAYERCROP,2019-09-25,2019-12-23,0.06666666666666667,3400.0,3528.2,0.0025137254901960748
350,NESTLEIND,2019-09-25,2019-12-23,0.06666666666666667,671.2,739.3,0.006764004767580443
351,INGERRAND,2019-09-25,2019-12-23,0.06666666666666667,636.0,666.0,0.0031446540880503146
352,ABBOTINDIA,2019-09-25,2019-12-23,0.06666666666666667,10807.45,13000.0,0.01352492956247773
353,MAYURUNIQ,2019-09-25,2019-12-23,0.06666666666666667,222.5,214.0,-0.002546816479400749
354,TVSSRICHAK,2019-09-25,2019-12-23,0.06666666666666667,2000.0,1640.0,-0.012
355,MAHLIFE,2019-09-25,2019-12-23,0.06666666666666667,137.95,128.9,-0.004373565301437711
356,SEINV,2019-09-25,2019-12-23,0.06666666666666667,408.5,445.05,0.005964912280701756
357,GOLD1,2019-12-26,2020-03-23,0.06666666666666667,340.35,365.0,0.004828362959698345
358,GSKCONS,2019-12-26,2020-03-23,0.06666666666666667,8373.6,8110.0,-0.002098659278366934
359,BSE500IETF,2019-12-26,2020-03-23,0.06666666666666667,162.25,90.9,-0.029316897791474058
360,PILANIINVS,2019-12-26,2020-03-23,0.06666666666666667,1765.0,1101.0,-0.025080264400377715
361,INGERRAND,2019-12-26,2020-03-23,0.06666666666666667,685.0,601.0,-0.008175182481751824
362,MAHLIFE,2019-12-26,2020-03-23,0.06666666666666667,131.3,73.3333333333333,-0.02943217398662945
363,SEINV,2019-12-26,2020-03-23,0.06666666666666667,441.0,170.1,-0.04095238095238095
364,HEXAWARE,2019-12-26,2020-03-23,0.06666666666666667,332.0,217.9,-0.02291164658634538
365,VSTTILLERS,2019-12-26,2020-03-23,0.06666666666666667,1087.5,719.95,-0.02253180076628352
366,TATAMETALI,2019-12-26,2020-03-23,0.06666666666666667,627.0,339.9,-0.030526315789473686
367,BBL,2019-12-26,2020-03-23,0.06666666666666667,386.78,230.08,-0.027009324853060304
368,TCI,2019-12-26,2020-03-23,0.06666666666666667,269.9,148.0,-0.03010991725330369
369,ASAHIINDIA,2019-12-26,2020-03-23,0.06666666666666667,197.0,150.0,-0.015905245346869712
370,UNICHEMLAB,2019-12-26,2020-03-23,0.06666666666666667,160.2,86.1,-0.03083645443196005
371,ABB,2019-12-26,2020-03-23,0.06666666666666667,1260.15,825.0,-0.023021068920366625
372,SETFGOLD,2020-03-25,2020-06-22,0.06666666666666667,3917.85,4389.0,0.008017152264634942
373,QGOLDHALF,2020-03-25,2020-06-22,0.06666666666666667,1820.0,2100.1,0.010260073260073258
374,GOLD1,2020-03-25,2020-06-22,0.06666666666666667,373.95,425.1,0.009118866158577356
375,TIDEWATER,2020-03-25,2020-06-22,0.06666666666666667,540.06,806.0,0.03282845115974769
376,INGERRAND,2020-03-25,2020-06-22,0.06666666666666667,609.0,638.9,0.003273125342090857
377,DIAMONDYD,2020-03-25,2020-06-22,0.06666666666666667,502.3,604.0,0.013497909615767469
378,NUCLEUS,2020-03-25,2020-06-22,0.06666666666666667,183.5,250.0,0.024159854677565852
379,MAHLIFE,2020-03-25,2020-06-22,0.06666666666666667,65.0,71.2,0.006358974358974361
380,ABB,2020-03-25,2020-06-22,0.06666666666666667,801.0,825.0,0.0019975031210986267
381,ACCELYA,2020-03-25,2020-06-22,0.06666666666666667,880.45,945.55,0.004929297518314491
382,TATAMETALI,2020-03-25,2020-06-22,0.06666666666666667,317.0,495.95,0.037634069400630916
383,TNPL,2020-03-25,2020-06-22,0.06666666666666667,90.0,112.45,0.01662962962962963
384,MOLDTKPAC,2020-03-25,2020-06-22,0.06666666666666667,152.0,192.4,0.017719298245614037
385,GOLD1,2020-06-24,2020-09-21,0.06666666666666667,427.05,459.95,0.005136010615462666
386,SETFGOLD,2020-06-24,2020-09-21,0.06666666666666667,4325.0,4621.0,0.0045626204238921
387,INGERRAND,2020-06-24,2020-09-21,0.06666666666666667,635.3,620.0,-0.001605540689438056
388,MITTAL,2020-06-24,2020-09-21,0.06666666666666667,160.5,26.9,-0.0554932502596054
389,TIDEWATER,2020-06-24,2020-09-21,0.06666666666666667,822.4,864.03,0.003374675745784695
390,UTINIFTETF,2020-06-24,2020-09-21,0.06666666666666667,1110.0,1228.12,0.007094294294294288
391,BSE500IETF,2020-06-24,2020-09-21,0.06666666666666667,141.13,156.0,0.007024256595573823
392,ACCELYA,2020-06-24,2020-09-21,0.06666666666666667,929.0,1023.0,0.006745604592752063
393,MAHLIFE,2020-06-24,2020-09-21,0.06666666666666667,73.2833333333333,80.0,0.006110226669699067
394,DIAMONDYD,2020-06-24,2020-09-21,0.06666666666666667,658.0,635.0,-0.0023302938196555216
395,ABB,2020-06-24,2020-09-21,0.06666666666666667,861.0,904.0,0.003329461866047232
396,GIPCL,2020-06-24,2020-09-21,0.06666666666666667,74.3,73.95,-0.00031404217137729414
397,INDOSTAR,2020-06-24,2020-09-21,0.06666666666666667,286.8,296.2,0.0021850302185030166
398,SSWL,2020-06-24,2020-09-21,0.06666666666666667,217.9,229.0,0.003396053235429094
399,WONDERLA,2020-06-24,2020-09-21,0.06666666666666667,140.15,162.25,0.010512546081579257
400,GOLD1,2020-09-23,2020-12-21,0.06666666666666667,447.0,440.15,-0.001021625652498139
401,SETFGOLD,2020-09-23,2020-12-21,0.06666666666666667,4537.5,4529.8,-0.00011313131313131046
402,BSLNIFTY,2020-09-23,2020-12-21,0.06666666666666667,123.17,152.9,0.016091580742063814
403,VISHAL,2020-09-23,2020-12-21,0.06666666666666667,69.4777777777778,21.6833333333333,-0.04586065355296128
404,ACCELYA,2020-09-23,2020-12-21,0.06666666666666667,1023.5,997.0,-0.001726103240514574
405,PDSMFL,2020-09-23,2020-12-21,0.06666666666666667,310.25,414.05,0.022304593070104756
406,PRABHAT,2020-09-23,2020-12-21,0.06666666666666667,66.2,70.2,0.004028197381671702
407,AMBIKCO,2020-09-23,2020-12-21,0.06666666666666667,639.9,839.0,0.02074282439964578
408,SOTL,2020-09-23,2020-12-21,0.06666666666666667,141.19,147.7,0.0030738720872583
409,MAHLIFE,2020-09-23,2020-12-21,0.06666666666666667,78.0,111.716666666667,0.028817663817664096
410,RESPONIND,2020-09-23,2020-12-21,0.06666666666666667,93.95,195.0,0.07170480752173142
411,KIRLOSENG,2020-09-23,2020-12-21,0.06666666666666667,106.5,121.15,0.009170579029733963
412,THEJO,2020-09-23,2020-12-21,0.06666666666666667,1111.0,1085.0,-0.0015601560156015602
413,GIPCL,2020-09-23,2020-12-21,0.06666666666666667,70.1,88.95,0.017926771279125068
414,TNPL,2020-09-23,2020-12-21,0.06666666666666667,104.2,125.9,0.013883557261676263
415,GOLD1,2020-12-23,2021-03-22,0.06666666666666667,438.75,395.0,-0.006647673314339981
416,SETFGOLD,2020-12-23,2021-03-22,0.06666666666666667,4499.95,3993.0,-0.007510453819857255
417,ACCELYA,2020-12-23,2021-03-22,0.06666666666666667,930.55,899.65,-0.0022137445596690114
418,TIDEWATER,2020-12-23,2021-03-22,0.06666666666666667,860.0,875.8,0.0012248062015503842
419,LOWVOLIETF,2020-12-23,2021-03-22,0.06666666666666667,112.7,119.47,0.004004732327713692
420,MIDSELIETF,2020-12-23,2021-03-22,0.06666666666666667,74.27,85.8,0.01034962524123693
421,PDSMFL,2020-12-23,2021-03-22,0.06666666666666667,437.4,663.2,0.03441548544429204
422,SOTL,2020-12-23,2021-03-22,0.06666666666666667,143.2,200.82,0.02682495344506518
423,AMBIKCO,2020-12-23,2021-03-22,0.06666666666666667,838.0,996.05,0.012573587907716783
424,KIRLOSENG,2020-12-23,2021-03-22,0.06666666666666667,110.7,170.0,0.035712134899126766
425,VESUVIUS,2020-12-23,2021-03-22,0.06666666666666667,104.7,97.3,-0.0047118751989812194
426,MAHLIFE,2020-12-23,2021-03-22,0.06666666666666667,109.383333333333,172.566666666667,0.03850881202702069
427,PVTBANIETF,2020-12-23,2021-03-22,0.06666666666666667,161.69,179.95,0.007528810274805694
428,TNPL,2020-12-23,2021-03-22,0.06666666666666667,124.4,145.75,0.011441586280814573
429,HONDAPOWER,2020-12-23,2021-03-22,0.06666666666666667,1057.5,1028.0,-0.00185973207249803
430,QGOLDHALF,2021-03-24,2021-06-21,0.06666666666666667,1935.0,2032.0,0.0033419465977605513
431,GOLD1,2021-03-24,2021-06-21,0.06666666666666667,394.85,411.9,0.0028787303195306154
432,SETFGOLD,2021-03-24,2021-06-21,0.06666666666666667,4024.0,4197.5,0.002874420145791915
433,TIDEWATER,2021-03-24,2021-06-21,0.06666666666666667,880.49,2320.0,0.10899309853982819
434,PDSMFL,2021-03-24,2021-06-21,0.06666666666666667,697.95,979.2,0.026864388566516226
435,HONDAPOWER,2021-03-24,2021-06-21,0.06666666666666667,1004.25,1169.8,0.0109899593394739
436,PVTBANIETF,2021-03-24,2021-06-21,0.06666666666666667,179.04,178.0,-0.00038725052129877575
437,SOTL,2021-03-24,2021-06-21,0.06666666666666667,203.09,252.0,0.01605527926863295
438,VADILALIND,2021-03-24,2021-06-21,0.06666666666666667,950.0,982.0,0.002245614035087719
439,TNPL,2021-03-24,2021-06-21,0.06666666666666667,148.0,165.0,0.0076576576576576575
440,CANTABIL,2021-03-24,2021-06-21,0.06666666666666667,75.6,80.01,0.0038888888888888983
441,VOLTAMP,2021-03-24,2021-06-21,0.06666666666666667,1042.0,1360.0,0.020345489443378117
442,MAHLIFE,2021-03-24,2021-06-21,0.06666666666666667,173.666666666667,193.366666666667,0.007562380038387697
443,SREEL,2021-03-24,2021-06-21,0.06666666666666667,149.35,202.9,0.023903582189487786
444,AMBIKCO,2021-03-24,2021-06-21,0.06666666666666667,940.0,1150.0,0.014893617021276596
445,LOWVOLIETF,2021-06-23,2021-09-20,0.06666666666666667,126.26,146.1,0.010475737895348218
446,SETFGOLD,2021-06-23,2021-09-20,0.06666666666666667,4190.0,4128.35,-0.0009809069212410443
447,GOLD1,2021-06-23,2021-09-20,0.06666666666666667,412.65,40.56,-0.06011389797649339
448,NV20IETF,2021-06-23,2021-09-20,0.06666666666666667,97.2,90.2,-0.004801097393689986
449,SWARAJENG,2021-06-23,2021-09-20,0.06666666666666667,1775.0,1630.0,-0.005446009389671361
450,CANTABIL,2021-06-23,2021-09-20,0.06666666666666667,79.1,96.08,0.014310998735777502
451,PSPPROJECT,2021-06-23,2021-09-20,0.06666666666666667,434.65,431.25,-0.000521492388511826
452,VADILALIND,2021-06-23,2021-09-20,0.06666666666666667,990.75,1027.25,0.0024560518125998822
453,HONDAPOWER,2021-06-23,2021-09-20,0.06666666666666667,1296.65,1196.0,-0.005174873713029735
454,ACCELYA,2021-06-23,2021-09-20,0.06666666666666667,1230.05,1277.0,0.002544612007641968
455,PDSMFL,2021-06-23,2021-09-20,0.06666666666666667,989.65,1310.0,0.021580019872345445
456,HCG,2021-06-23,2021-09-20,0.06666666666666667,203.85,249.2,0.014831166707546398
457,VESUVIUS,2021-06-23,2021-09-20,0.06666666666666667,107.19,114.38,0.004471810181298005
458,DIAMONDYD,2021-06-23,2021-09-20,0.06666666666666667,659.8,687.0,0.0027483075679498887
459,ESABINDIA,2021-06-23,2021-09-20,0.06666666666666667,1838.75,2273.3,0.01575526852481306
460,SETFGOLD,2021-09-22,2021-12-20,0.06666666666666667,4169.9,4320.0,0.0023997378034645175
461,LOWVOLIETF,2021-09-22,2021-12-20,0.06666666666666667,146.35,136.47,-0.004500626352351667
462,ALPL30IETF,2021-09-22,2021-12-20,0.06666666666666667,187.7,173.9,-0.004901438465636648
463,MIDCAPIETF,2021-09-22,2021-12-20,0.06666666666666667,113.87,117.7,0.00224232311700477
464,SWARAJENG,2021-09-22,2021-12-20,0.06666666666666667,1628.7,1612.0,-0.0006835717648021959
465,MAXIND,2021-09-22,2021-12-20,0.06666666666666667,71.15,76.4,0.004919184820801123
466,ABSLBANETF,2021-09-22,2021-12-20,0.06666666666666667,376.0,35.5,-0.06037234042553191
467,INDIGOPNTS,2021-09-22,2021-12-20,0.06666666666666667,2556.0,2026.8,-0.01380281690140845
468,PSPPROJECT,2021-09-22,2021-12-20,0.06666666666666667,424.8,470.0,0.007093534212178279
469,HONDAPOWER,2021-09-22,2021-12-20,0.06666666666666667,1175.0,1310.0,0.007659574468085106
470,ASALCBR,2021-09-22,2021-12-20,0.06666666666666667,426.05,477.05,0.007980284004224856
471,GIPCL,2021-09-22,2021-12-20,0.06666666666666667,80.05,79.75,-0.0002498438475952506
472,VADILALIND,2021-09-22,2021-12-20,0.06666666666666667,1040.5,910.0,-0.008361364728495914
473,MUTHOOTCAP,2021-09-22,2021-12-20,0.06666666666666667,394.5,349.05,-0.00768060836501901
474,NAVNETEDUL,2021-09-22,2021-12-20,0.06666666666666667,99.75,93.0,-0.004511278195488722
475,SETFGOLD,2021-12-22,2022-03-21,0.06666666666666667,4272.05,45.49,-0.06595678109260582
476,LOWVOLIETF,2021-12-22,2022-03-21,0.06666666666666667,146.92,122.3,-0.011171612669026224
477,NEXT50,2021-12-22,2022-03-21,0.06666666666666667,411.38,412.99,0.00026091043155557935
478,VSTIND,2021-12-22,2022-03-21,0.06666666666666667,304.74,307.75,0.0006584848285970534
479,MAFANG,2021-12-22,2022-03-21,0.06666666666666667,55.8,47.0,-0.010513739545997608
480,UTINIFTETF,2021-12-22,2022-03-21,0.06666666666666667,1823.3,1825.0,6.215835755681258e-05
481,LICNFNHGP,2021-12-22,2022-03-21,0.06666666666666667,181.35,189.9,0.0031430934656741147
482,AKZOINDIA,2021-12-22,2022-03-21,0.06666666666666667,1978.4,1940.0,-0.001293974929235749
483,PVTBANIETF,2021-12-22,2022-03-21,0.06666666666666667,179.7,183.0,0.0012242626599888746
484,MAXIND,2021-12-22,2022-03-21,0.06666666666666667,75.4,75.4,0.0
485,SWARAJENG,2021-12-22,2022-03-21,0.06666666666666667,1612.0,1385.95,-0.009348635235732008
486,GOODYEAR,2021-12-22,2022-03-21,0.06666666666666667,948.0,921.0,-0.00189873417721519
487,GULFOILLUB,2021-12-22,2022-03-21,0.06666666666666667,437.35,457.8,0.0031172592507907456
488,MASFIN,2021-12-22,2022-03-21,0.06666666666666667,226.67,190.0,-0.010785135512713045
489,GIPCL,2021-12-22,2022-03-21,0.06666666666666667,78.65,76.95,-0.0014409832591650797
490,LOWVOLIETF,2022-03-23,2022-06-20,0.06666666666666667,122.3,146.0,0.012919051512673753
491,ALPL30IETF,2022-03-23,2022-06-20,0.06666666666666667,171.98,149.8,-0.008597898980501601
492,HDFCSENSEX,2022-03-23,2022-06-20,0.06666666666666667,625.0,568.0,-0.0060799999999999995
493,CONSUMBEES,2022-03-23,2022-06-20,0.06666666666666667,75.0,71.86,-0.002791111111111112
494,HEALTHIETF,2022-03-23,2022-06-20,0.06666666666666667,84.79,78.45,-0.004984864567362506
495,AKZOINDIA,2022-03-23,2022-06-20,0.06666666666666667,1947.0,1701.6,-0.008402670775552136
496,VSTIND,2022-03-23,2022-06-20,0.06666666666666667,308.31,303.25,-0.0010941368535997325
497,MON100,2022-03-23,2022-06-20,0.06666666666666667,111.17,99.9,-0.006758418038439624
498,GOODYEAR,2022-03-23,2022-06-20,0.06666666666666667,914.4,1020.0,0.007699037620297465
499,LUMAXIND,2022-03-23,2022-06-20,0.06666666666666667,922.0,1154.55,0.016814895155459142
500,ALIVUS,2022-03-23,2022-06-20,0.06666666666666667,462.55,459.95,-0.00037473426296256583
501,SWARAJENG,2022-03-23,2022-06-20,0.06666666666666667,1368.0,1550.0,0.008869395711500975
502,GULFOILLUB,2022-03-23,2022-06-20,0.06666666666666667,439.5,395.05,-0.006742510428517252
503,BECTORFOOD,2022-03-23,2022-06-20,0.06666666666666667,303.4,260.75,-0.009371566688639855
504,TVSSRICHAK,2022-03-23,2022-06-20,0.06666666666666667,1715.35,1592.0,-0.00479396818919365
505,LOWVOLIETF,2022-06-22,2022-09-19,0.06666666666666667,133.7,142.9,0.0045873846920967435
506,GILLETTE,2022-06-22,2022-09-19,0.06666666666666667,4903.5,5418.8,0.007005880153631763
507,VSTIND,2022-06-22,2022-09-19,0.06666666666666667,299.5,322.35,0.005086254869226493
508,MON100,2022-06-22,2022-09-19,0.06666666666666667,96.9,94.89,-0.0013828689370485071
509,GOODYEAR,2022-06-22,2022-09-19,0.06666666666666667,1015.0,1123.6,0.007133004926108369
510,HEIDELBERG,2022-06-22,2022-09-19,0.06666666666666667,166.0,191.0,0.010040160642570281
511,SWARAJENG,2022-06-22,2022-09-19,0.06666666666666667,1567.7,1715.0,0.006263953562543852
512,BALMLAWRIE,2022-06-22,2022-09-19,0.06666666666666667,107.85,121.5,0.008437644877144185
513,ATFL,2022-06-22,2022-09-19,0.06666666666666667,815.35,764.15,-0.0041863412440465275
514,GULFOILLUB,2022-06-22,2022-09-19,0.06666666666666667,394.95,433.0,0.006422753935097272
515,MIDHANI,2022-06-22,2022-09-19,0.06666666666666667,162.0,219.5,0.023662551440329218
516,HEUBACHIND,2022-06-22,2022-09-19,0.06666666666666667,404.9,442.5,0.006190829011278509
517,DHANUKA,2022-06-22,2022-09-19,0.06666666666666667,676.6,690.0,0.001320327125825202
518,BAJAJCON,2022-06-22,2022-09-19,0.06666666666666667,132.9,160.0,0.013594181088537743
519,VESUVIUS,2022-06-22,2022-09-19,0.06666666666666667,103.29,146.57,0.027934295026946776
520,LOWVOLIETF,2022-09-21,2022-12-19,0.06666666666666667,138.01,145.98,0.0038499625630992918
521,GILLETTE,2022-09-21,2022-12-19,0.06666666666666667,5410.0,5032.1,-0.00465680837954405
522,MIDCAPIETF,2022-09-21,2022-12-19,0.06666666666666667,123.98,123.97,-5.377211378182027e-06
523,AKZOINDIA,2022-09-21,2022-12-19,0.06666666666666667,2142.0,2276.65,0.004190787426081546
524,VSTIND,2022-09-21,2022-12-19,0.06666666666666667,323.05,345.24,0.004579270494763451
525,SILVERIETF,2022-09-21,2022-12-19,0.06666666666666667,57.97,68.0,0.011534701857282503
526,SILVERBEES,2022-09-21,2022-12-19,0.06666666666666667,55.99,65.61,0.011454426385664103
527,PVTBANIETF,2022-09-21,2022-12-19,0.06666666666666667,209.54,218.98,0.0030034042823963597
528,AUTOBEES,2022-09-21,2022-12-19,0.06666666666666667,135.08,130.89,-0.002067910374099312
529,MON100,2022-09-21,2022-12-19,0.06666666666666667,94.9,94.89,-7.02493853179144e-06
530,GOODYEAR,2022-09-21,2022-12-19,0.06666666666666667,1121.0,1140.0,0.0011299435028248588
531,HEUBACHIND,2022-09-21,2022-12-19,0.06666666666666667,436.5,388.0,-0.007407407407407408
532,BALMLAWRIE,2022-09-21,2022-12-19,0.06666666666666667,117.75,125.25,0.004246284501061571
533,FMGOETZE,2022-09-21,2022-12-19,0.06666666666666667,300.5,312.15,0.00258458125346644
534,JCHAC,2022-09-21,2022-12-19,0.06666666666666667,1484.05,1165.35,-0.014316678458722193
535,LOWVOLIETF,2022-12-21,2023-03-20,0.06666666666666667,145.0,143.2,-0.0008275862068965569
536,ALPL30IETF,2022-12-21,2023-03-20,0.06666666666666667,179.37,174.05,-0.001977290888480048
537,NIF100BEES,2022-12-21,2023-03-20,0.06666666666666667,193.63,177.97,-0.005391726488663946
538,UTINIFTETF,2022-12-21,2023-03-20,0.06666666666666667,1958.37,1838.0,-0.004097625406162605
539,GILLETTE,2022-12-21,2023-03-20,0.06666666666666667,5015.0,4270.0,-0.009903622465935527
540,AKZOINDIA,2022-12-21,2023-03-20,0.06666666666666667,2282.0,2317.9,0.0010487876132047938
541,VSTIND,2022-12-21,2023-03-20,0.06666666666666667,349.0,318.5,-0.005826170009551098
542,SILVERIETF,2022-12-21,2023-03-20,0.06666666666666667,69.84,68.49,-0.001288659793814441
543,HEUBACHIND,2022-12-21,2023-03-20,0.06666666666666667,381.95,297.1,-0.014809966400488714
544,SILVER,2022-12-21,2023-03-20,0.06666666666666667,69.66,69.1,-0.0005359364532491169
545,SILVERBEES,2022-12-21,2023-03-20,0.06666666666666667,67.45,66.82,-0.0006226834692364809
546,MON100,2022-12-21,2023-03-20,0.06666666666666667,91.25,101.5,0.007488584474885845
547,ICRA,2022-12-21,2023-03-20,0.06666666666666667,4506.2,4697.9,0.00283609249478496
548,PILANIINVS,2022-12-21,2023-03-20,0.06666666666666667,1974.95,1712.0,-0.008876174080356465
549,ERIS,2022-12-21,2023-03-20,0.06666666666666667,667.9,568.85,-0.009886709587263558
550,SETFGOLD,2023-03-22,2023-06-19,0.06666666666666667,51.79,52.31,0.0006693698912273966
551,GOLD1,2023-03-22,2023-06-19,0.06666666666666667,50.5,50.84,0.00044884488448845335
552,LOWVOLIETF,2023-03-22,2023-06-19,0.06666666666666667,142.65,155.48,0.005996027573314632
553,BSLGOLDETF,2023-03-22,2023-06-19,0.06666666666666667,52.8,53.63,0.001047979797979805
554,NIF100BEES,2023-03-22,2023-06-19,0.06666666666666667,177.01,197.58,0.007747208255654115
555,GILLETTE,2023-03-22,2023-06-19,0.06666666666666667,4346.6,4573.9,0.0034862497891071835
556,HDFCNIFBAN,2023-03-22,2023-06-19,0.06666666666666667,406.47,443.23,0.006029145242371308
557,AUTOIETF,2023-03-22,2023-06-19,0.06666666666666667,123.6,150.45,0.014482200647249189
558,AKZOINDIA,2023-03-22,2023-06-19,0.06666666666666667,2263.0,2473.95,0.0062144645750478655
559,ERIS,2023-03-22,2023-06-19,0.06666666666666667,570.8,659.55,0.01036556879233824
560,SILVER,2023-03-22,2023-06-19,0.06666666666666667,69.59,74.11,0.004330124059970298
561,SILVERIETF,2023-03-22,2023-06-19,0.06666666666666667,69.59,74.26,0.004473822867270203
562,SILVERBEES,2023-03-22,2023-06-19,0.06666666666666667,67.27,71.79,0.004479460879044656
563,MON100,2023-03-22,2023-06-19,0.06666666666666667,101.24,117.55,0.010740155406295275
564,HEUBACHIND,2023-03-22,2023-06-19,0.06666666666666667,288.0,375.1,0.020162037037037044
565,SDL24BEES,2023-06-21,2023-09-18,0.06666666666666667,114.01,115.94,0.0011285559746221049
566,LOWVOLIETF,2023-06-21,2023-09-18,0.06666666666666667,159.65,167.98,0.0034784424261405087
567,SETFGOLD,2023-06-21,2023-09-18,0.06666666666666667,51.78,53.1,0.0016994978756276558
568,GOLD1,2023-06-21,2023-09-18,0.06666666666666667,50.49,50.22,-0.0003565062388591841
569,HDFCNIFBAN,2023-06-21,2023-09-18,0.06666666666666667,442.36,469.89,0.0041489586159086074
570,AUTOBEES,2023-06-21,2023-09-18,0.06666666666666667,149.99,166.96,0.007542725070560259
571,GILLETTE,2023-06-21,2023-09-18,0.06666666666666667,4535.0,6348.95,0.02666593164277839
572,ANANDRATHI,2023-06-21,2023-09-18,0.06666666666666667,431.38,707.5,0.04267235384116093
573,TATACOFFEE,2023-06-21,2023-09-18,0.06666666666666667,249.55,258.45,0.002377613036799566
574,MON100,2023-06-21,2023-09-18,0.06666666666666667,120.92,126.43,0.003037821148969018
575,PNBGILTS,2023-06-21,2023-09-18,0.06666666666666667,62.8,67.4,0.004883227176220816
576,VSTIND,2023-06-21,2023-09-18,0.06666666666666667,345.5,358.9,0.0025856246985045783
577,AKZOINDIA,2023-06-21,2023-09-18,0.06666666666666667,2442.0,2630.9,0.00515697515697516
578,GULFOILLUB,2023-06-21,2023-09-18,0.06666666666666667,463.0,551.75,0.012778977681785458
579,SILVERIETF,2023-06-21,2023-09-18,0.06666666666666667,73.5,73.49,-9.070294784585139e-06
580,LOWVOLIETF,2023-09-21,2023-12-19,0.06666666666666667,160.8,186.85,0.010800165837479262
581,ALPL30IETF,2023-09-21,2023-12-19,0.06666666666666667,205.98,233.58,0.008932906107389074
582,UTINIFTETF,2023-09-21,2023-12-19,0.06666666666666667,2130.0,230.67,-0.059446948356807514
583,SETFGOLD,2023-09-21,2023-12-19,0.06666666666666667,51.96,54.07,0.0027072106748781107
584,GOLD1,2023-09-21,2023-12-19,0.06666666666666667,50.57,52.72,0.002834355019444992
585,NIF100BEES,2023-09-21,2023-12-19,0.06666666666666667,207.41,226.99,0.006293492759911933
586,NV20IETF,2023-09-21,2023-12-19,0.06666666666666667,112.85,129.8,0.010013291980505106
587,AUTOBEES,2023-09-21,2023-12-19,0.06666666666666667,168.0,184.11,0.006392857142857149
588,PVTBANIETF,2023-09-21,2023-12-19,0.06666666666666667,234.01,247.49,0.0038402917254248443
589,MON100,2023-09-21,2023-12-19,0.06666666666666667,123.0,135.95,0.007018970189701891
590,TATACOFFEE,2023-09-21,2023-12-19,0.06666666666666667,256.2,283.0,0.006973718449128288
591,GODREJAGRO,2023-09-21,2023-12-19,0.06666666666666667,479.0,561.85,0.011530967292971473
592,GARFIBRES,2023-09-21,2023-12-19,0.06666666666666667,621.62,670.0,0.005188593245605567
593,VSTIND,2023-09-21,2023-12-19,0.06666666666666667,354.61,338.0,-0.003122679375464127
594,SILVERIETF,2023-09-21,2023-12-19,0.06666666666666667,73.54,75.19,0.0014957846070165818
595,SDL24BEES,2023-12-20,2024-03-18,0.06666666666666667,117.74,119.87,0.0012060472226940774
596,EBBETF0433,2023-12-20,2024-03-18,0.06666666666666667,1069.99,1103.07,0.0020610784524465915
597,LOWVOLIETF,2023-12-20,2024-03-18,0.06666666666666667,176.15,20.1,-0.0590595136720598
598,CONSUMBEES,2023-12-20,2024-03-18,0.06666666666666667,102.69,108.49,0.0037653779985068313
599,ALPL30IETF,2023-12-20,2024-03-18,0.06666666666666667,235.0,262.96,0.007931914893617015
600,CONSUMIETF,2023-12-20,2024-03-18,0.06666666666666667,94.2,100.5,0.004458598726114648
601,FMCGIETF,2023-12-20,2024-03-18,0.06666666666666667,567.11,563.02,-0.0004808003150476429
602,SETFGOLD,2023-12-20,2024-03-18,0.06666666666666667,52.45,59.05,0.008388941849380355
603,GOLD1,2023-12-20,2024-03-18,0.06666666666666667,53.12,55.79,0.0033509036144578333
604,NV20IETF,2023-12-20,2024-03-18,0.06666666666666667,126.42,14.05,-0.05925750145019248
605,HEALTHIETF,2023-12-20,2024-03-18,0.06666666666666667,105.28,119.12,0.008763931104356639
606,AUTOBEES,2023-12-20,2024-03-18,0.06666666666666667,183.99,208.0,0.008699748174719637
607,HDFCSML250,2023-12-20,2024-03-18,0.06666666666666667,140.44,142.64,0.0010443368461027194
608,AUTOIETF,2023-12-20,2024-03-18,0.06666666666666667,183.98,20.57,-0.05921295793020981
609,NEXT50,2023-12-20,2024-03-18,0.06666666666666667,534.25,588.85,0.006813289658399628
610,LIQUID,2024-03-20,2024-06-18,0.06666666666666667,1000.0,1000.0,0.0
611,ABSLLIQUID,2024-03-20,2024-06-18,0.06666666666666667,1000.01,1000.0,-6.666600000660597e-07
612,SDL24BEES,2024-03-20,2024-06-18,0.06666666666666667,119.82,121.84,0.0011239080843487511
613,MOGSEC,2024-03-20,2024-06-18,0.06666666666666667,54.77,55.84,0.0013024161645669773
614,SETFGOLD,2024-03-20,2024-06-18,0.06666666666666667,57.44,62.79,0.006209377901578461
615,GOLD1,2024-03-20,2024-06-18,0.06666666666666667,55.89,61.45,0.006632074909047536
616,ALPL30IETF,2024-03-20,2024-06-18,0.06666666666666667,260.01,28.99,-0.059233619219773596
617,FMCGIETF,2024-03-20,2024-06-18,0.06666666666666667,554.97,60.94,-0.059346150842988506
618,MAKEINDIA,2024-03-20,2024-06-18,0.06666666666666667,118.05,150.19,0.01815050120005647
619,MIDCAPIETF,2024-03-20,2024-06-18,0.06666666666666667,174.36,21.49,-0.058449950294410025
620,AUTOBEES,2024-03-20,2024-06-18,0.06666666666666667,208.5,263.99,0.01774260591526779
621,INFRAIETF,2024-03-20,2024-06-18,0.06666666666666667,81.89,92.5,0.00863760328896487
622,MON100,2024-03-20,2024-06-18,0.06666666666666667,147.0,159.0,0.0054421768707483
623,EQUAL50ADD,2024-03-20,2024-06-18,0.06666666666666667,281.64,310.0,0.0067130615916299805
624,HDFCSML250,2024-03-20,2024-06-18,0.06666666666666667,142.1,172.0,0.014027680037532258
625,LIQUID,2024-06-19,2024-09-16,0.06666666666666667,1000.0,999.99,-6.666666666660603e-07
626,LIQUIDSBI,2024-06-19,2024-09-16,0.06666666666666667,1000.01,1000.01,0.0
627,HDFCLIQUID,2024-06-19,2024-09-16,0.06666666666666667,999.99,1000.01,1.3333466667987888e-06
628,CONSUMBEES,2024-06-19,2024-09-16,0.06666666666666667,124.5,137.65,0.00704149933065596
629,SETFGOLD,2024-06-19,2024-09-16,0.06666666666666667,63.33,65.55,0.0023369651034264947
630,GOLD1,2024-06-19,2024-09-16,0.06666666666666667,62.55,62.28,-0.00028776978417265764
631,NIF100BEES,2024-06-19,2024-09-16,0.06666666666666667,259.06,278.95,0.005118505365552378
632,GOLDETFADD,2024-06-19,2024-09-16,0.06666666666666667,70.99,73.0,0.0018875898013804811
633,BSLGOLDETF,2024-06-19,2024-09-16,0.06666666666666667,65.75,65.17,-0.0005880861850443582
634,MON100,2024-06-19,2024-09-16,0.06666666666666667,164.95,159.0,-0.0024047691219561437
635,HEALTHIETF,2024-06-19,2024-09-16,0.06666666666666667,127.51,149.96,0.01173764149217055
636,TNIDETF,2024-06-19,2024-09-16,0.06666666666666667,82.98,100.2,0.01383465895396481
637,GOLDETF,2024-06-19,2024-09-16,0.06666666666666667,72.23,72.21,-1.8459550509954524e-05
638,ABSLBANETF,2024-06-19,2024-09-16,0.06666666666666667,51.78,54.2,0.0031157461053173702
639,MAKEINDIA,2024-06-19,2024-09-16,0.06666666666666667,149.5,154.49,0.002225195094760316
640,LIQUID,2024-09-18,2024-12-16,0.06666666666666667,999.99,999.99,0.0
641,LIQUIDSBI,2024-09-18,2024-12-16,0.06666666666666667,999.99,1000.01,1.3333466667987888e-06
642,LIQUID1,2024-09-18,2024-12-16,0.06666666666666667,1008.0,1024.36,0.0010820105820105754
643,LIQUIDCASE,2024-09-18,2024-12-16,0.06666666666666667,107.5,105.93,-0.000973643410852709
644,CONSUMBEES,2024-09-18,2024-12-16,0.06666666666666667,139.5,128.83,-0.005099163679808835
645,SETFGOLD,2024-09-18,2024-12-16,0.06666666666666667,63.98,66.57,0.0026987600291757804
646,GOLD1,2024-09-18,2024-12-16,0.06666666666666667,62.68,64.9,0.0023611997447351694
647,GOLDETF,2024-09-18,2024-12-16,0.06666666666666667,72.88,75.84,0.0027076472740578195
648,BSLGOLDETF,2024-09-18,2024-12-16,0.06666666666666667,65.8,67.72,0.0019452887537993939
649,HEALTHIETF,2024-09-18,2024-12-16,0.06666666666666667,149.0,146.58,-0.0010827740492169967
650,TNIDETF,2024-09-18,2024-12-16,0.06666666666666667,101.26,104.2,0.0019356112976496131
651,BANKIETF,2024-09-18,2024-12-16,0.06666666666666667,54.05,54.5,0.0005550416281221127
652,MOM100,2024-09-18,2024-12-16,0.06666666666666667,64.68,64.18,-0.0005153576582148011
653,DIVOPPBEES,2024-09-18,2024-12-16,0.06666666666666667,88.3,87.95,-0.00026425066062664724
654,MAKEINDIA,2024-09-18,2024-12-16,0.06666666666666667,154.85,145.68,-0.003947906576256587
655,LIQUID,2024-12-18,2025-03-17,0.06666666666666667,999.99,995.0,-0.00033266999336660095
656,ABSLLIQUID,2024-12-18,2025-03-17,0.06666666666666667,1000.0,999.99,-6.666666666660603e-07
657,HDFCLIQUID,2024-12-18,2025-03-17,0.06666666666666667,999.99,1002.52,0.00016866835335019835
658,LIQUIDADD,2024-12-18,2025-03-17,0.06666666666666667,1046.75,1062.57,0.0010075630921104967
659,LIQUID1,2024-12-18,2025-03-17,0.06666666666666667,1024.72,1040.33,0.0010155619746532321
660,LIQUIDCASE,2024-12-18,2025-03-17,0.06666666666666667,105.22,109.79,0.002895520496737
661,BBETF0432,2024-12-18,2025-03-17,0.06666666666666667,1212.0,1227.99,0.0008795379537953799
662,GOLDETF,2024-12-18,2025-03-17,0.06666666666666667,75.3,85.82,0.009313855688357678
663,CONSUMBEES,2024-12-18,2025-03-17,0.06666666666666667,127.44,116.57,-0.005686336053567695
664,NIF100BEES,2024-12-18,2025-03-17,0.06666666666666667,272.7,241.71,-0.007576090942427571
665,SETFGOLD,2024-12-18,2025-03-17,0.06666666666666667,66.25,76.77,0.010586163522012575
666,GOLD1,2024-12-18,2025-03-17,0.06666666666666667,65.4,74.8,0.009582059123343516
667,GOLDETFADD,2024-12-18,2025-03-17,0.06666666666666667,75.21,86.46,0.00997207818109294
668,UTINIFTETF,2024-12-18,2025-03-17,0.06666666666666667,265.03,243.18,-0.005496233130840526
669,NIFTY50ADD,2024-12-18,2025-03-17,0.06666666666666667,251.5,232.38,-0.005068257123923129
670,LIQUID,2025-03-19,2025-06-16,0.06666666666666667,999.99,1000.0,6.666733333993944e-07
671,LIQUIDADD,2025-03-19,2025-06-16,0.06666666666666667,1062.9,1077.24,0.0008994260984100051
672,LIQUIDSHRI,2025-03-19,2025-06-16,0.06666666666666667,1043.75,1057.5,0.0008782435129740518
673,LIQUID1,2025-03-19,2025-06-16,0.06666666666666667,1040.67,1054.91,0.0009122328243663543
674,LIQUIDCASE,2025-03-19,2025-06-16,0.06666666666666667,107.61,112.2,0.002843601895734599
675,LIQUIDBETF,2025-03-19,2025-06-16,0.06666666666666667,1021.32,1034.99,0.0008923092990770087
676,EBBETF0433,2025-03-19,2025-06-16,0.06666666666666667,1193.03,1242.01,0.002737008569217316
677,MOGSEC,2025-03-19,2025-06-16,0.06666666666666667,59.73,63.97,0.0047324069423516964
678,GOLDETF,2025-03-19,2025-06-16,0.06666666666666667,87.29,98.39,0.008477488830335658
679,NIF100BEES,2025-03-19,2025-06-16,0.06666666666666667,244.87,273.28,0.007734716380120055
680,SETFGOLD,2025-03-19,2025-06-16,0.06666666666666667,77.19,87.72,0.009094442285270114
681,QGOLDHALF,2025-03-19,2025-06-16,0.06666666666666667,74.49,83.96,0.008475410569651407
682,NIFTY50ADD,2025-03-19,2025-06-16,0.06666666666666667,236.94,258.24,0.005993078416476749
683,GOLD1,2025-03-19,2025-06-16,0.06666666666666667,74.4,85.84,0.010250896057347667
684,EGOLD,2025-03-19,2025-06-16,0.06666666666666667,90.25,98.05,0.005761772853185593
685,LIQUID,2025-06-19,2025-09-16,0.06666666666666667,999.99,999.99,0.0
686,ABSLLIQUID,2025-06-19,2025-09-16,0.06666666666666667,1000.01,999.99,-1.3333200001321195e-06
687,LIQUIDADD,2025-06-19,2025-09-16,0.06666666666666667,1077.69,1088.88,0.000692221325241956
688,LIQUIDSHRI,2025-06-19,2025-09-16,0.06666666666666667,1057.9,1070.67,0.0008047389482307704
689,LIQUID1,2025-06-19,2025-09-16,0.06666666666666667,1055.47,1070.7,0.000961972707261537
690,GROWWLIQID,2025-06-19,2025-09-16,0.06666666666666667,104.11,105.75,0.0010501712931834922
691,LIQUIDCASE,2025-06-19,2025-09-16,0.06666666666666667,107.01,110.46,0.0021493318381459606
692,LIQUIDBETF,2025-06-19,2025-09-16,0.06666666666666667,1035.41,1051.8,0.0010552985451817716
693,NIF100BEES,2025-06-19,2025-09-16,0.06666666666666667,268.07,272.89,0.0011986918839606553
694,FMCGIETF,2025-06-19,2025-09-16,0.06666666666666667,58.5,60.78,0.0025982905982906
695,GOLDETF,2025-06-19,2025-09-16,0.06666666666666667,97.28,108.39,0.00761376096491228
696,EGOLD,2025-06-19,2025-09-16,0.06666666666666667,100.7,110.6,0.0065541211519364396
697,CONSUMBEES,2025-06-19,2025-09-16,0.06666666666666667,127.91,137.34,0.004914914132332634
698,SETFGOLD,2025-06-19,2025-09-16,0.06666666666666667,87.44,95.3,0.0059926806953339426
699,ABSLBANETF,2025-06-19,2025-09-16,0.06666666666666667,56.93,56.83,-0.00011710287487557986
