,Ticker,Buy Date,Sell Date,Weight,Buy Price,Sell Price,Returns
0,BOSCHLTD,2013-07-02,2013-07-31,0.056179775280898896,8989.85,9070.0,0.0005008769877989094
1,CYIENT,2013-07-02,2013-07-31,0.05483146067415732,176.15,181.85,0.0017742794541169237
2,GRASIM,2013-07-02,2013-07-31,0.05348314606741574,558.0,535.07,-0.0021977930812291046
3,ASIANPAINT,2013-07-02,2013-07-31,0.05213483146067417,468.21,512.0,0.0048759835750259994
4,TATACHEM,2013-07-02,2013-07-31,0.050786516853932595,290.0,259.0,-0.005428903525765209
5,DRREDDY,2013-07-02,2013-07-31,0.04943820224719102,452.6,430.01,-0.0024675408501194135
6,ITC,2013-07-02,2013-07-31,0.04808988764044945,216.666666666667,233.333333333333,0.0036992221261882663
7,KARURVYSYA,2013-07-02,2013-07-31,0.04674157303370787,89.33,75.45,-0.007262655700300739
8,TCS,2013-07-02,2013-07-31,0.045393258426966294,746.55,895.0,0.009026360208268903
9,CUB,2013-07-02,2013-07-31,0.044044943820224725,54.4,47.3,-0.005748512888301391
10,CUMMINSIND,2013-07-02,2013-07-31,0.04269662921348315,449.0,410.0,-0.003708615900502991
11,HDFCBANK,2013-07-02,2013-07-31,0.04134831460674157,334.35,310.5,-0.0029494760082870866
12,ACC,2013-07-02,2013-07-31,0.04,1220.0,1171.05,-0.0016049180327868868
13,LUPIN,2013-07-02,2013-07-31,0.038651685393258424,776.5,841.0,0.003210603616053018
14,DABUR,2013-07-02,2013-07-31,0.03730337078651685,155.15,163.0,0.0018874087056020435
15,COALINDIA,2013-07-02,2013-07-31,0.03595505617977528,303.5,275.5,-0.0033171056772115575
16,NTPC,2013-07-02,2013-07-31,0.0346067415730337,147.9,136.05,-0.0027727510996649702
17,BAJAJHLDNG,2013-07-02,2013-07-31,0.03325842696629212,800.05,836.65,0.0015214779413365322
18,POWERGRID,2013-07-02,2013-07-31,0.03191011235955055,63.37,58.85,-0.0022760566177239764
19,GODREJIND,2013-07-02,2013-07-31,0.030561797752808977,310.0,251.0,-0.005816600217470096
20,CIPLA,2013-07-02,2013-07-31,0.0292134831460674,398.0,405.05,0.0005174750155270741
21,MINDTREE,2013-07-02,2013-07-31,0.027865168539325826,208.0375,240.0,0.0042811533951244455
22,CONCOR,2013-07-02,2013-07-31,0.026516853932584253,368.316666666667,325.716666666667,-0.003066974915230794
23,ZYDUSLIFE,2013-07-02,2013-07-31,0.025168539325842676,153.05,146.6,-0.001060680030393242
24,PETRONET,2013-07-02,2013-07-31,0.023820224719101103,63.5,56.55,-0.002607095461381933
25,BOSCHLTD,2013-07-31,2013-08-29,0.056179775280898896,9070.0,8010.0,-0.0065656628222439724
26,GRASIM,2013-07-31,2013-08-29,0.05483146067415732,535.07,447.0,-0.00902499998425073
27,CYIENT,2013-07-31,2013-08-29,0.05348314606741574,181.85,176.0,-0.0017205191338706726
28,TATACHEM,2013-07-31,2013-08-29,0.05213483146067417,259.0,246.6,-0.002496030540974363
29,KARURVYSYA,2013-07-31,2013-08-29,0.050786516853932595,75.45,62.8,-0.008514903090818392
30,BAJAJHLDNG,2013-07-31,2013-08-29,0.04943820224719102,836.65,788.0,-0.0028747606996065763
31,CUMMINSIND,2013-07-31,2013-08-29,0.04808988764044945,410.0,376.0,-0.00398794190189093
32,CIPLA,2013-07-31,2013-08-29,0.04674157303370787,405.05,400.0,-0.0005827550767071356
33,ASIANPAINT,2013-07-31,2013-08-29,0.045393258426966294,512.0,389.7,-0.010842959971910114
34,DRREDDY,2013-07-31,2013-08-29,0.044044943820224725,430.01,439.4,0.0009617962895558465
35,TCS,2013-07-31,2013-08-29,0.04269662921348315,895.0,950.5,0.0026476680685456034
36,ITC,2013-07-31,2013-08-29,0.04134831460674157,233.333333333333,199.8,-0.00594234349919738
37,ACC,2013-07-31,2013-08-29,0.04,1171.05,941.2,-0.007851073822637802
38,ZYDUSLIFE,2013-07-31,2013-08-29,0.038651685393258424,146.6,130.2,-0.00432392660606711
39,NTPC,2013-07-31,2013-08-29,0.03730337078651685,136.05,126.9,-0.0025088264806808476
40,MINDTREE,2013-07-31,2013-08-29,0.03595505617977528,240.0,256.5,0.0024719101123595504
41,LUPIN,2013-07-31,2013-08-29,0.0346067415730337,841.0,775.0,-0.002715867947467568
42,HDFCBANK,2013-07-31,2013-08-29,0.03325842696629212,310.5,284.0,-0.0028384808844017432
43,POWERGRID,2013-07-31,2013-08-29,0.03191011235955055,58.85,53.0,-0.0031720332591906675
44,COALINDIA,2013-07-31,2013-08-29,0.030561797752808977,275.5,255.1,-0.0022630151512061827
45,DABUR,2013-07-31,2013-08-29,0.0292134831460674,163.0,157.0,-0.0010753429378920515
46,DIVISLAB,2013-07-31,2013-08-29,0.027865168539325826,462.775,477.5,0.0008866395262094397
47,SHREECEM,2013-07-31,2013-08-29,0.026516853932584253,4299.0,3400.1,-0.005544545243079783
48,CONCOR,2013-07-31,2013-08-29,0.025168539325842676,325.716666666667,340.333333333333,0.0011294483441008538
49,PETRONET,2013-07-31,2013-08-29,0.023820224719101103,56.55,58.325,0.0007476728360106913
50,BOSCHLTD,2013-09-03,2013-10-03,0.056179775280898896,8282.6,8974.0,0.004689674332843972
51,CYIENT,2013-09-03,2013-10-03,0.05483146067415732,184.7,221.0,0.010776296819014139
52,GRASIM,2013-09-03,2013-10-03,0.05348314606741574,455.05,526.8,0.008432954027770743
53,TATACHEM,2013-09-03,2013-10-03,0.05213483146067417,247.8,240.0,-0.0016410479636531845
54,ZYDUSLIFE,2013-09-03,2013-10-03,0.050786516853932595,131.68,135.4,0.0014347345283765888
55,CIPLA,2013-09-03,2013-10-03,0.04943820224719102,418.2,436.8,0.0021988296551835344
56,MINDTREE,2013-09-03,2013-10-03,0.04808988764044945,265.0,303.0,0.0068959084163663364
57,CUMMINSIND,2013-09-03,2013-10-03,0.04674157303370787,393.9,413.0,0.002266473838395079
58,KARURVYSYA,2013-09-03,2013-10-03,0.045393258426966294,63.6,62.0,-0.0011419687654582724
59,VIDEOIND,2013-09-03,2013-10-03,0.044044943820224725,172.0,177.8,0.0014852364776587435
60,DRREDDY,2013-09-03,2013-10-03,0.04269662921348315,457.12,481.0,0.002230476692373944
61,PIDILITIND,2013-09-03,2013-10-03,0.04134831460674157,230.75,259.25,0.005106942432468623
62,TCS,2013-09-03,2013-10-03,0.04,1025.05,985.9,-0.0015277303546168473
63,BAJAJFINSV,2013-09-03,2013-10-03,0.038651685393258424,58.605,60.2,0.0010519484378849486
64,COFORGE,2013-09-03,2013-10-03,0.03730337078651685,59.03,55.7,-0.0021043575253108762
65,ACC,2013-09-03,2013-10-03,0.03595505617977528,961.7,1109.0,0.0055071017731942356
66,DIVISLAB,2013-09-03,2013-10-03,0.0346067415730337,502.95,496.425,-0.00044896906007365364
67,CONCOR,2013-09-03,2013-10-03,0.03325842696629212,350.0,348.575,-0.0001354093097913333
68,BAJAJHLDNG,2013-09-03,2013-10-03,0.03191011235955055,803.05,773.8,-0.0011622822819461476
69,ITC,2013-09-03,2013-10-03,0.030561797752808977,214.266666666667,230.666666666667,0.002339204183942439
70,COLPAL,2013-09-03,2013-10-03,0.0292134831460674,629.5,634.9,0.00025060017313544605
71,SHREECEM,2013-09-03,2013-10-03,0.027865168539325826,3530.05,4195.0,0.00524891823634926
72,BIOCON,2013-09-03,2013-10-03,0.026516853932584253,58.2083333333333,56.1666666666667,-0.0009300829224742926
73,BAJAJ-AUTO,2013-09-03,2013-10-03,0.025168539325842676,1864.0,2050.0,0.0025114529584800097
74,HEROMOTOCO,2013-09-03,2013-10-03,0.023820224719101103,1980.0,2019.9,0.00048001361933946274
75,BOSCHLTD,2013-10-01,2013-10-30,0.056179775280898896,8883.6,8899.95,0.00010339719548862142
76,ZYDUSLIFE,2013-10-01,2013-10-30,0.05483146067415732,136.88,132.0,-0.0019548329053907616
77,CYIENT,2013-10-01,2013-10-30,0.05348314606741574,214.05,240.05,0.00649643446742728
78,TATACHEM,2013-10-01,2013-10-30,0.05213483146067417,238.5,265.95,0.006000423998304006
79,THERMAX,2013-10-01,2013-10-30,0.050786516853932595,582.2,614.0,0.0027739801373326245
80,CUMMINSIND,2013-10-01,2013-10-30,0.04943820224719102,410.0,401.0,-0.0010852288298163883
81,CIPLA,2013-10-01,2013-10-30,0.04808988764044945,432.0,418.55,-0.0014972430295463995
82,MINDTREE,2013-10-01,2013-10-30,0.04674157303370787,304.775,347.75,0.006590826350992033
83,VIDEOIND,2013-10-01,2013-10-30,0.045393258426966294,180.0,172.15,-0.0019796504369538064
84,PIDILITIND,2013-10-01,2013-10-30,0.044044943820224725,254.75,271.0,0.0028095400866679165
85,DIVISLAB,2013-10-01,2013-10-30,0.04269662921348315,481.65,499.3,0.0015646122819848003
86,COFORGE,2013-10-01,2013-10-30,0.04134831460674157,56.21,56.2,-7.356042449160887e-06
87,OFSS,2013-10-01,2013-10-30,0.04,3052.1,3136.55,0.0011067789390911212
88,DRREDDY,2013-10-01,2013-10-30,0.038651685393258424,474.59,487.2,0.0010269869841526144
89,CONCOR,2013-10-01,2013-10-30,0.03730337078651685,358.975,380.0,0.002184841202831718
90,KARURVYSYA,2013-10-01,2013-10-30,0.03595505617977528,62.9,68.94,0.003452599989282077
91,TCS,2013-10-01,2013-10-30,0.0346067415730337,966.0,1035.125,0.0024763882103891865
92,BAJAJ-AUTO,2013-10-01,2013-10-30,0.03325842696629212,2000.0,2105.05,0.001746898876404497
93,BAJAJFINSV,2013-10-01,2013-10-30,0.03191011235955055,61.285,63.46,0.0011324874664603508
94,MARICO,2013-10-01,2013-10-30,0.030561797752808977,110.0,107.0,-0.0008335035750766084
95,SANOFI,2013-10-01,2013-10-30,0.0292134831460674,1733.33,1654.17,-0.0013341598690628394
96,ACC,2013-10-01,2013-10-30,0.027865168539325826,1119.25,1152.0,0.0008153533791940325
97,BAJAJHLDNG,2013-10-01,2013-10-30,0.026516853932584253,776.0,821.9,0.0015684582416309492
98,BIOCON,2013-10-01,2013-10-30,0.025168539325842676,56.5666666666667,57.6666666666667,0.0004894294624353618
99,TORNTPHARM,2013-10-01,2013-10-30,0.023820224719101103,218.025,209.025,-0.0009832910100764129
100,BOSCHLTD,2013-10-31,2013-11-29,0.056179775280898896,8755.05,8490.0,-0.0017007840547115336
101,ZYDUSLIFE,2013-10-31,2013-11-29,0.05483146067415732,131.98,148.0,0.006655553871798764
102,VIDEOIND,2013-10-31,2013-11-29,0.05348314606741574,172.1,170.85,-0.00038845980583538455
103,CUMMINSIND,2013-10-31,2013-11-29,0.05213483146067417,399.9,427.5,0.0035982029215169005
104,THERMAX,2013-10-31,2013-11-29,0.050786516853932595,634.0,640.0,0.0004806294970403716
105,CIPLA,2013-10-31,2013-11-29,0.04943820224719102,420.0,382.0,-0.004472980203317283
106,TATACHEM,2013-10-31,2013-11-29,0.04808988764044945,260.6,270.05,0.0017438581665473781
107,SANOFI,2013-10-31,2013-11-29,0.04674157303370787,1680.0,1801.03,0.0033673408239700375
108,OFSS,2013-10-31,2013-11-29,0.045393258426966294,3192.25,3075.0,-0.0016672752918981278
109,DRREDDY,2013-10-31,2013-11-29,0.044044943820224725,505.8,491.8,-0.0012191166735530765
110,INFY,2013-10-31,2013-11-29,0.04269662921348315,413.0375,417.0,0.0004096126701774681
111,DIVISLAB,2013-10-31,2013-11-29,0.04134831460674157,488.75,574.05,0.0072163912756113635
112,CONCOR,2013-10-31,2013-11-29,0.04,382.5,359.025,-0.002454901960784316
113,COFORGE,2013-10-31,2013-11-29,0.038651685393258424,55.6,62.06,0.004490825317274271
114,BAJAJ-AUTO,2013-10-31,2013-11-29,0.03730337078651685,2130.0,1941.0,-0.003310017407817692
115,INDUSTOWER,2013-10-31,2013-11-29,0.03595505617977528,153.0,156.45,0.0008107512667988516
116,BAJAJHLDNG,2013-10-31,2013-11-29,0.0346067415730337,818.0,857.05,0.0016520699980769734
117,BIOCON,2013-10-31,2013-11-29,0.03325842696629212,56.7083333333333,65.1666666666667,0.0049606617738114315
118,MARICO,2013-10-31,2013-11-29,0.03191011235955055,106.95,107.5,0.00016410062456991784
119,PAGEIND,2013-10-31,2013-11-29,0.030561797752808977,4485.0,5305.5,0.005591071361467061
120,WIPRO,2013-10-31,2013-11-29,0.0292134831460674,89.3,89.61,0.00010141298740516193
121,GAIL,2013-10-31,2013-11-29,0.027865168539325826,65.0404206003731,62.7885503231764,-0.0009647653601186014
122,MINDTREE,2013-10-31,2013-11-29,0.026516853932584253,343.75,342.5125,-9.546067415730418e-05
123,COLPAL,2013-10-31,2013-11-29,0.025168539325842676,621.1,625.0,0.00015803784152436943
124,SHREECEM,2013-10-31,2013-11-29,0.023820224719101103,4439.6,4400.0,-0.00021246979432300482
125,CRISIL,2013-12-03,2014-01-01,0.056179775280898896,1072.0,1181.35,0.005730651517692434
126,BOSCHLTD,2013-12-03,2014-01-01,0.05483146067415732,8801.2,10155.0,0.008434171642579891
127,OFSS,2013-12-03,2014-01-01,0.05348314606741574,3092.0,3297.55,0.0035554529994040475
128,VIDEOIND,2013-12-03,2014-01-01,0.05213483146067417,169.0,170.3,0.00040103716508211256
129,CIPLA,2013-12-03,2014-01-01,0.050786516853932595,392.0,402.5,0.0013603531300160517
130,ZYDUSLIFE,2013-12-03,2014-01-01,0.04943820224719102,150.0,163.5,0.004449438202247192
131,CUMMINSIND,2013-12-03,2014-01-01,0.04808988764044945,450.45,477.5,0.0028878487305453618
132,THERMAX,2013-12-03,2014-01-01,0.04674157303370787,656.0,701.15,0.0032170457659632763
133,SANOFI,2013-12-03,2014-01-01,0.045393258426966294,1949.97,1845.97,-0.0024210110290950604
134,PAGEIND,2013-12-03,2014-01-01,0.044044943820224725,5248.0,5140.05,-0.00090599308029597
135,DRREDDY,2013-12-03,2014-01-01,0.04269662921348315,499.8,509.0,0.0007859323504682762
136,TATACHEM,2013-12-03,2014-01-01,0.04134831460674157,279.5,276.8,-0.0003994291572028686
137,CONCOR,2013-12-03,2014-01-01,0.04,365.525,368.975,0.00037753915600848595
138,INFY,2013-12-03,2014-01-01,0.038651685393258424,415.0,436.5,0.0020024367131447137
139,SHREECEM,2013-12-03,2014-01-01,0.03730337078651685,4355.9,4340.0,-0.0001361655675074277
140,BAJAJ-AUTO,2013-12-03,2014-01-01,0.03595505617977528,1959.0,1915.0,-0.0008075663460490618
141,TORNTPHARM,2013-12-03,2014-01-01,0.0346067415730337,235.375,236.025,9.556827200200573e-05
142,COLPAL,2013-12-03,2014-01-01,0.03325842696629212,645.3,681.5,0.001865729205299514
143,GRASIM,2013-12-03,2014-01-01,0.03191011235955055,533.0,544.02,0.0006597550435314194
144,GLAXO,2013-12-03,2014-01-01,0.030561797752808977,1256.25,1500.725,0.005947538710939679
145,WIPRO,2013-12-03,2014-01-01,0.0292134831460674,90.98,106.02,0.004829311788490365
146,BAJAJHLDNG,2013-12-03,2014-01-01,0.027865168539325826,853.0,877.25,0.0007921809344415607
147,DIVISLAB,2013-12-03,2014-01-01,0.026516853932584253,579.925,614.0,0.0015580666426741557
148,MINDTREE,2013-12-03,2014-01-01,0.025168539325842676,344.025,381.25,0.0027233453278235425
149,GAIL,2013-12-03,2014-01-01,0.023820224719101103,63.2973410971036,64.8237134188855,0.0005744085151078301
150,OFSS,2013-12-31,2014-01-29,0.056179775280898896,3287.0,3200.0,-0.001486960891219411
151,CRISIL,2013-12-31,2014-01-29,0.05483146067415732,1149.0,1099.0,-0.0023860513783358277
152,VIDEOIND,2013-12-31,2014-01-29,0.05348314606741574,175.5,165.95,-0.0029103364384263303
153,ZYDUSLIFE,2013-12-31,2014-01-29,0.05213483146067417,157.22,164.0,0.002248277301255381
154,BOSCHLTD,2013-12-31,2014-01-29,0.050786516853932595,10300.05,9097.75,-0.005928187650883552
155,BAJAJHLDNG,2013-12-31,2014-01-29,0.04943820224719102,886.0,932.85,0.0026141983919648988
156,CIPLA,2013-12-31,2014-01-29,0.04808988764044945,402.75,411.0,0.0009850814972903984
157,TATACHEM,2013-12-31,2014-01-29,0.04674157303370787,274.0,255.0,-0.003241203969490692
158,CONCOR,2013-12-31,2014-01-29,0.045393258426966294,348.775,360.0,0.0014609399350374818
159,DRREDDY,2013-12-31,2014-01-29,0.044044943820224725,506.45,530.4,0.0020828836104144176
160,PAGEIND,2013-12-31,2014-01-29,0.04269662921348315,5189.85,5698.95,0.004188339534395839
161,INFY,2013-12-31,2014-01-29,0.04134831460674157,437.5,458.25,0.001961091492776886
162,SHREECEM,2013-12-31,2014-01-29,0.04,4368.7,4266.0,-0.0009403254972875209
163,IPCALAB,2013-12-31,2014-01-29,0.038651685393258424,354.825,404.5,0.00541118148921331
164,COLPAL,2013-12-31,2014-01-29,0.03730337078651685,684.45,650.2,-0.0018666673233080605
165,THERMAX,2013-12-31,2014-01-29,0.03595505617977528,697.0,656.85,-0.0020711556752051313
166,SANOFI,2013-12-31,2014-01-29,0.0346067415730337,1807.33,1819.97,0.00024203062721426052
167,GAIL,2013-12-31,2014-01-29,0.03325842696629212,64.5127857237078,65.012154446266,0.00025744072282944696
168,CUMMINSIND,2013-12-31,2014-01-29,0.03191011235955055,478.05,438.0,-0.0026733605271415124
169,BAJAJ-AUTO,2013-12-31,2014-01-29,0.030561797752808977,1906.0,1950.0,0.0007055189407783814
170,LUPIN,2013-12-31,2014-01-29,0.0292134831460674,908.0,879.3,-0.0009233777161807661
171,COFORGE,2013-12-31,2014-01-29,0.027865168539325826,71.2,78.2,0.0027395530867314714
172,GESHIP,2013-12-31,2014-01-29,0.026516853932584253,319.2,295.0,-0.0020103629861169757
173,TORNTPHARM,2013-12-31,2014-01-29,0.025168539325842676,237.5,270.525,0.003499751626256648
174,RELIANCE,2013-12-31,2014-01-29,0.023820224719101103,222.0,212.45,-0.0010246988561595305
175,OFSS,2014-01-30,2014-02-28,0.056179775280898896,3202.75,3080.0,-0.002153170686357143
176,VIDEOIND,2014-01-30,2014-02-28,0.05483146067415732,163.0,162.15,-0.0002859309298959105
177,INFY,2014-01-30,2014-02-28,0.05348314606741574,462.9625,470.1375,0.0008288826266354371
178,BAJAJHLDNG,2014-01-30,2014-02-28,0.05213483146067417,931.0,931.0,0.0
179,COLPAL,2014-01-30,2014-02-28,0.050786516853932595,646.0,662.5,0.001297178836052458
180,BOSCHLTD,2014-01-30,2014-02-28,0.04943820224719102,9101.0,9255.0,0.0008365545704941673
181,DRREDDY,2014-01-30,2014-02-28,0.04808988764044945,528.0,576.0,0.004371807967313586
182,CONCOR,2014-01-30,2014-02-28,0.04674157303370787,362.3,377.525,0.0019642297803980145
183,CRISIL,2014-01-30,2014-02-28,0.045393258426966294,1098.0,1085.0,-0.0005374429504103478
184,POWERGRID,2014-01-30,2014-02-28,0.044044943820224725,54.1,53.73,-0.0003012315935948863
185,TATACHEM,2014-01-30,2014-02-28,0.04269662921348315,252.0,268.95,0.0028718566078116624
186,CIPLA,2014-01-30,2014-02-28,0.04134831460674157,410.95,379.0,-0.00321469437081249
187,PAGEIND,2014-01-30,2014-02-28,0.04,5537.25,5770.0,0.0016813400153505803
188,ZYDUSLIFE,2014-01-30,2014-02-28,0.038651685393258424,160.85,202.0,0.009888199278412089
189,HINDUNILVR,2014-01-30,2014-02-28,0.03730337078651685,563.55,554.0,-0.0006321483293607208
190,SHREECEM,2014-01-30,2014-02-28,0.03595505617977528,4261.05,4694.95,0.003661280406567508
191,GAIL,2014-01-30,2014-02-28,0.0346067415730337,64.993310343528,69.3462980760171,0.0023178188760135617
192,WIPRO,2014-01-30,2014-02-28,0.03325842696629212,106.77,113.35,0.002049643621225083
193,CUMMINSIND,2014-01-30,2014-02-28,0.03191011235955055,428.05,499.3,0.0053115185273168485
194,BAJAJ-AUTO,2014-01-30,2014-02-28,0.030561797752808977,1909.0,1925.0,0.0002561491692220763
195,IPCALAB,2014-01-30,2014-02-28,0.0292134831460674,404.35,446.175,0.0030217730495468494
196,THERMAX,2014-01-30,2014-02-28,0.027865168539325826,646.9,699.85,0.0022808172424753498
197,SANOFI,2014-01-30,2014-02-28,0.026516853932584253,1787.43,1843.33,0.0008292868167320992
198,LUPIN,2014-01-30,2014-02-28,0.025168539325842676,871.0,951.5,0.002326139398083049
199,PIDILITIND,2014-01-30,2014-02-28,0.023820224719101103,284.0,286.0,0.00016774806140212043
200,OFSS,2014-03-04,2014-04-02,0.056179775280898896,3060.5,3055.0,-0.00010096022350757848
201,BAJAJHLDNG,2014-03-04,2014-04-02,0.05483146067415732,950.05,1009.0,0.0034022573619720818
202,VIDEOIND,2014-03-04,2014-04-02,0.05348314606741574,162.4,163.3,0.0002963967454475029
203,COLPAL,2014-03-04,2014-04-02,0.05213483146067417,656.5,676.625,0.0015981926628272167
204,INFY,2014-03-04,2014-04-02,0.050786516853932595,471.25,418.6,-0.00567407981402557
205,POWERGRID,2014-03-04,2014-04-02,0.04943820224719102,53.25,61.14,0.007325209685076754
206,DRREDDY,2014-03-04,2014-04-02,0.04808988764044945,559.6,521.8,-0.003248387692653667
207,CONCOR,2014-03-04,2014-04-02,0.04674157303370787,394.475,478.5,0.009956171301495158
208,BOSCHLTD,2014-03-04,2014-04-02,0.045393258426966294,9289.95,10800.45,0.007380719686751014
209,TATACHEM,2014-03-04,2014-04-02,0.044044943820224725,267.0,294.5,0.004536464251146742
210,LUPIN,2014-03-04,2014-04-02,0.04269662921348315,982.15,949.75,-0.001408512738906331
211,CRISIL,2014-03-04,2014-04-02,0.04134831460674157,1150.0,1225.0,0.002696629213483146
212,RELIANCE,2014-03-04,2014-04-02,0.04,200.75,236.25,0.007073474470734744
213,BAJAJ-AUTO,2014-03-04,2014-04-02,0.038651685393258424,1914.0,2073.45,0.00321996407312176
214,HINDUNILVR,2014-03-04,2014-04-02,0.03730337078651685,544.0,604.0,0.004114342366159947
215,GAIL,2014-03-04,2014-04-02,0.03595505617977528,69.4499406410764,70.6842293704185,0.0006390058824515539
216,SHREECEM,2014-03-04,2014-04-02,0.0346067415730337,4674.0,5700.05,0.007596972013481223
217,CIPLA,2014-03-04,2014-04-02,0.03325842696629212,377.0,384.8,0.0006881053855094932
218,BRITANNIA,2014-03-04,2014-04-02,0.03191011235955055,433.15,418.5,-0.0010792638717936395
219,BATAINDIA,2014-03-04,2014-04-02,0.030561797752808977,519.0,573.0,0.0031798402286159627
220,WIPRO,2014-03-04,2014-04-02,0.0292134831460674,110.15,106.11,-0.0010714704667282113
221,THERMAX,2014-03-04,2014-04-02,0.027865168539325826,690.1,732.95,0.0017302165945661675
222,PAGEIND,2014-03-04,2014-04-02,0.026516853932584253,6245.45,6400.0,0.0006561864677934978
223,SUNPHARMA,2014-03-04,2014-04-02,0.025168539325842676,625.15,572.0,-0.0021398190277030116
224,IPCALAB,2014-03-04,2014-04-02,0.023820224719101103,447.75,417.475,-0.0016106249098174993
225,COLPAL,2014-04-02,2014-05-02,0.056179775280898896,676.625,717.5,0.0033938271784322814
226,BAJAJHLDNG,2014-04-02,2014-05-02,0.05483146067415732,1009.0,1092.0,0.004510417478647232
227,OFSS,2014-04-02,2014-05-02,0.05348314606741574,3055.0,3037.0,-0.00031512164622372614
228,HINDUNILVR,2014-04-02,2014-05-02,0.05213483146067417,604.0,569.75,-0.002956321154847832
229,ITC,2014-04-02,2014-05-02,0.050786516853932595,235.066666666667,227.4,-0.0016563951895072297
230,POWERGRID,2014-04-02,2014-05-02,0.04943820224719102,61.14,59.7,-0.0011643933797179417
231,BAJAJ-AUTO,2014-04-02,2014-05-02,0.04808988764044945,2073.45,1915.0,-0.0036749584974941313
232,DRREDDY,2014-04-02,2014-05-02,0.04674157303370787,521.8,538.42,0.001488779118091654
233,LUPIN,2014-04-02,2014-05-02,0.045393258426966294,949.75,994.0,0.0021149267548231203
234,GRASIM,2014-04-02,2014-05-02,0.044044943820224725,570.0,524.99,-0.0034780051251724815
235,CRISIL,2014-04-02,2014-05-02,0.04269662921348315,1225.0,1309.0,0.00292776886035313
236,SHREECEM,2014-04-02,2014-05-02,0.04134831460674157,5700.05,5715.0,0.00010844769841857159
237,GSKCONS,2014-04-02,2014-05-02,0.04,4300.0,4200.0,-0.0009302325581395349
238,BRITANNIA,2014-04-02,2014-05-02,0.038651685393258424,418.5,430.0,0.001062113218691689
239,CIPLA,2014-04-02,2014-05-02,0.03730337078651685,384.8,397.5,0.0012311663435258927
240,RELIANCE,2014-04-02,2014-05-02,0.03595505617977528,236.25,235.0,-0.0001902383924855835
241,INFY,2014-04-02,2014-05-02,0.0346067415730337,418.6,398.125,-0.0016927210552027372
242,HEROMOTOCO,2014-04-02,2014-05-02,0.03325842696629212,2270.0,2222.0,-0.0007032618917982475
243,HDFC,2014-04-02,2014-05-02,0.03191011235955055,889.8,897.9,0.00029048315364392025
244,ASIANPAINT,2014-04-02,2014-05-02,0.030561797752808977,536.0,505.0,-0.0017675666610766385
245,GILLETTE,2014-04-02,2014-05-02,0.0292134831460674,1996.8,1891.0,-0.0015478698501872645
246,RELIGARE,2014-04-02,2014-05-02,0.027865168539325826,312.7,301.0,-0.0010426046431407478
247,BOSCHLTD,2014-04-02,2014-05-02,0.026516853932584253,10800.45,10669.55,-0.0003213806998574427
248,HDFCBANK,2014-04-02,2014-05-02,0.025168539325842676,372.475,361.75,-0.0007246998705138955
249,CONCOR,2014-04-02,2014-05-02,0.023820224719101103,478.5,480.0,7.467155084357712e-05
250,COLPAL,2014-05-05,2014-06-02,0.056179775280898896,718.85,693.425,-0.001987022030349667
251,OFSS,2014-05-05,2014-06-02,0.05483146067415732,3024.0,2812.3,-0.003838564889126685
252,BAJAJHLDNG,2014-05-05,2014-06-02,0.05348314606741574,1069.05,1170.0,0.005050393896923083
253,HINDUNILVR,2014-05-05,2014-06-02,0.05213483146067417,560.35,612.0,0.004805503783249432
254,POWERGRID,2014-05-05,2014-06-02,0.050786516853932595,58.96,69.14,0.008768771057887276
255,ITC,2014-05-05,2014-06-02,0.04943820224719102,227.0,228.0,0.00021778943721229523
256,GSKCONS,2014-05-05,2014-06-02,0.04808988764044945,4195.0,4425.0,0.0026366326954239266
257,LUPIN,2014-05-05,2014-06-02,0.04674157303370787,1011.15,937.5,-0.0034045560539312505
258,BAJAJ-AUTO,2014-05-05,2014-06-02,0.045393258426966294,1910.0,1947.95,0.000901923642567211
259,DRREDDY,2014-05-05,2014-06-02,0.044044943820224725,550.0,493.0,-0.004564657814096017
260,GRASIM,2014-05-05,2014-06-02,0.04269662921348315,522.24,636.51,0.00934234034203569
261,ASIANPAINT,2014-05-05,2014-06-02,0.04134831460674157,510.25,504.35,-0.0004781088803131295
262,BRITANNIA,2014-05-05,2014-06-02,0.04,423.65,445.5,0.002063023722412371
263,INFY,2014-05-05,2014-06-02,0.038651685393258424,399.0,370.0625,-0.0028032159049308663
264,RELIANCE,2014-05-05,2014-06-02,0.03730337078651685,231.25,268.69,0.006039516550258121
265,SHREECEM,2014-05-05,2014-06-02,0.03595505617977528,5661.0,6851.0,0.007558119917670479
266,KARURVYSYA,2014-05-05,2014-06-02,0.0346067415730337,76.2,90.6,0.0065398566752189625
267,RELIGARE,2014-05-05,2014-06-02,0.03325842696629212,300.9,370.0,0.007637611510039171
268,CRISIL,2014-05-05,2014-06-02,0.03191011235955055,1290.0,1432.0,0.003512586011671456
269,HDFCBANK,2014-05-05,2014-06-02,0.030561797752808977,359.925,396.75,0.003126868659435133
270,GILLETTE,2014-05-05,2014-06-02,0.0292134831460674,1903.95,1999.95,0.0014729874114459258
271,CIPLA,2014-05-05,2014-06-02,0.027865168539325826,402.05,389.0,-0.0009044657366949442
272,HEROMOTOCO,2014-05-05,2014-06-02,0.026516853932584253,2196.35,2348.0,0.001830892571255221
273,APOLLOHOSP,2014-05-05,2014-06-02,0.025168539325842676,912.05,910.0,-5.6570917842197626e-05
274,PIDILITIND,2014-05-05,2014-06-02,0.023820224719101103,312.5,303.9,-0.000655532584269664
275,COLPAL,2014-06-03,2014-07-02,0.056179775280898896,696.0,767.5,0.005771341857161309
276,ITC,2014-06-03,2014-07-02,0.05483146067415732,222.2,217.433333333333,-0.0011762524567064257
277,GILLETTE,2014-06-03,2014-07-02,0.05348314606741574,2004.5,2225.0,0.0058832794751135795
278,OFSS,2014-06-03,2014-07-02,0.05213483146067417,2830.1,3130.95,0.005542123615753443
279,BRITANNIA,2014-06-03,2014-07-02,0.050786516853932595,446.0,512.475,0.007569582304630427
280,LUPIN,2014-06-03,2014-07-02,0.04943820224719102,930.0,1051.25,0.006445572067174098
281,GSKCONS,2014-06-03,2014-07-02,0.04808988764044945,4517.1,4585.0,0.0007228760423250536
282,HINDUNILVR,2014-06-03,2014-07-02,0.04674157303370787,602.95,633.8,0.0023915374875029165
283,POWERGRID,2014-06-03,2014-07-02,0.045393258426966294,70.67,79.48,0.005658902033982923
284,DIVISLAB,2014-06-03,2014-07-02,0.044044943820224725,627.05,736.25,0.007670373758342304
285,CRISIL,2014-06-03,2014-07-02,0.04269662921348315,1426.0,1777.0,0.01050947885970027
286,BERGEPAINT,2014-06-03,2014-07-02,0.04134831460674157,87.1428571428572,105.357142857143,0.00864247559403209
287,EMAMILTD,2014-06-03,2014-07-02,0.04,233.5,258.0,0.004197002141327623
288,BAJAJ-AUTO,2014-06-03,2014-07-02,0.038651685393258424,1976.0,2345.0,0.007217850156939452
289,CIPLA,2014-06-03,2014-07-02,0.03730337078651685,386.05,437.15,0.004937708191143659
290,ASIANPAINT,2014-06-03,2014-07-02,0.03595505617977528,511.0,586.55,0.005315860067283798
291,DABUR,2014-06-03,2014-07-02,0.0346067415730337,184.55,188.0,0.0006469426086532965
292,DRREDDY,2014-06-03,2014-07-02,0.03325842696629212,480.44,523.54,0.0029835946262742265
293,APOLLOHOSP,2014-06-03,2014-07-02,0.03191011235955055,927.0,996.0,0.0023751863568597497
294,SHREECEM,2014-06-03,2014-07-02,0.030561797752808977,6929.05,7210.0,0.0012391795525579518
295,GRASIM,2014-06-03,2014-07-02,0.0292134831460674,632.2,689.6,0.0026524105229108956
296,TATACONSUM,2014-06-03,2014-07-02,0.027865168539325826,148.0,176.25,0.00531885818402672
297,HDFCBANK,2014-06-03,2014-07-02,0.026516853932584253,411.5,415.4,0.0002513140469916841
298,PIDILITIND,2014-06-03,2014-07-02,0.025168539325842676,302.05,325.0,0.0019123256994805133
299,BAJAJHLDNG,2014-06-03,2014-07-02,0.023820224719101103,1142.0,1383.0,0.005026860032664943
300,COLPAL,2014-07-02,2014-07-31,0.056179775280898896,767.5,791.5,0.0017567617025948839
301,GILLETTE,2014-07-02,2014-07-31,0.05483146067415732,2225.0,2319.95,0.0023398863779825743
302,GLAXO,2014-07-02,2014-07-31,0.05348314606741574,1250.0,1246.5,-0.0001497528089887641
303,OFSS,2014-07-02,2014-07-31,0.05213483146067417,3130.95,3299.95,0.0028140936510816002
304,ITC,2014-07-02,2014-07-31,0.050786516853932595,217.433333333333,238.666666666667,0.004959529547134161
305,LUPIN,2014-07-02,2014-07-31,0.04943820224719102,1051.25,1184.8,0.00628059159107002
306,HDFCBANK,2014-07-02,2014-07-31,0.04808988764044945,415.4,418.95,0.00041097520732690445
307,BAJAJ-AUTO,2014-07-02,2014-07-31,0.04674157303370787,2345.0,2078.0,-0.005321961620469084
308,GSKCONS,2014-07-02,2014-07-31,0.045393258426966294,4585.0,4839.95,0.00252410277774374
309,APOLLOHOSP,2014-07-02,2014-07-31,0.044044943820224725,996.0,1016.0,0.0008844366228960788
310,DABUR,2014-07-02,2014-07-31,0.04269662921348315,188.0,200.4,0.0028161606502510174
311,HINDUNILVR,2014-07-02,2014-07-31,0.04134831460674157,633.8,690.05,0.0036696792310337858
312,DIVISLAB,2014-07-02,2014-07-31,0.04,736.25,741.5,0.00028522920203735144
313,CIPLA,2014-07-02,2014-07-31,0.038651685393258424,437.15,447.0,0.0008709118177366953
314,UBL,2014-07-02,2014-07-31,0.03730337078651685,703.0,706.9,0.00020694615372320748
315,HDFC,2014-07-02,2014-07-31,0.03595505617977528,991.05,1083.1,0.003339551910951327
316,DRREDDY,2014-07-02,2014-07-31,0.0346067415730337,523.54,563.24,0.002624226688408602
317,PIDILITIND,2014-07-02,2014-07-31,0.03325842696629212,325.0,360.0,0.003581676750216075
318,ASIANPAINT,2014-07-02,2014-07-31,0.03191011235955055,586.55,644.0,0.003125455553757021
319,POWERGRID,2014-07-02,2014-07-31,0.030561797752808977,79.48,75.87,-0.0013881239291348815
320,BAJAJFINSV,2014-07-02,2014-07-31,0.0292134831460674,95.23,93.2,-0.0006227383260161383
321,GESHIP,2014-07-02,2014-07-31,0.027865168539325826,363.35,365.1,0.0001342068114595299
322,RELIANCE,2014-07-02,2014-07-31,0.026516853932584253,254.25,251.99,-0.00023570536828963686
323,SHREECEM,2014-07-02,2014-07-31,0.025168539325842676,7210.0,7300.95,0.0003174866368495682
324,KARURVYSYA,2014-07-02,2014-07-31,0.023820224719101103,95.4,96.5,0.00027465667915105947
325,GILLETTE,2014-08-05,2014-09-03,0.056179775280898896,2331.95,2724.0,0.009445005638575622
326,UBL,2014-08-05,2014-09-03,0.05483146067415732,738.55,708.05,-0.002264382303922278
327,GLAXO,2014-08-05,2014-09-03,0.05348314606741574,1240.45,1240.0,-1.9402165125832975e-05
328,ITC,2014-08-05,2014-09-03,0.05213483146067417,237.333333333333,236.866666666667,-0.00010251230905174438
329,LUPIN,2014-08-05,2014-09-03,0.050786516853932595,1183.45,1308.0,0.005344932759438339
330,HDFCBANK,2014-08-05,2014-09-03,0.04943820224719102,408.5,432.5,0.0029045700218667913
331,DABUR,2014-08-05,2014-09-03,0.04808988764044945,204.0,227.05,0.0054336858338841195
332,OFSS,2014-08-05,2014-09-03,0.04674157303370787,3395.0,3648.0,0.0034832453542056234
333,CIPLA,2014-08-05,2014-09-03,0.045393258426966294,442.55,559.9,0.012036829457472585
334,BAJAJ-AUTO,2014-08-05,2014-09-03,0.044044943820224725,2095.0,2265.1,0.003576155104448793
335,COLPAL,2014-08-05,2014-09-03,0.04269662921348315,779.45,775.0,-0.0002437616267881223
336,GSKCONS,2014-08-05,2014-09-03,0.04134831460674157,4847.05,5425.0,0.004930268601926178
337,TECHM,2014-08-05,2014-09-03,0.04,434.0,481.2,0.004350230414746543
338,DIVISLAB,2014-08-05,2014-09-03,0.038651685393258424,751.125,808.7,0.002962716973229297
339,BAJAJFINSV,2014-08-05,2014-09-03,0.03730337078651685,94.8,111.1,0.006413976200635279
340,HINDUNILVR,2014-08-05,2014-09-03,0.03595505617977528,699.0,733.5,0.001774605777113372
341,HDFC,2014-08-05,2014-09-03,0.0346067415730337,1027.2,1069.85,0.0014368940109909293
342,DRREDDY,2014-08-05,2014-09-03,0.03325842696629212,555.0,599.6,0.0026726591760299627
343,PIDILITIND,2014-08-05,2014-09-03,0.03191011235955055,373.95,401.0,0.0023082458599434225
344,TCS,2014-08-05,2014-09-03,0.030561797752808977,1272.45,1269.5,-7.085331712113471e-05
345,SHREECEM,2014-08-05,2014-09-03,0.0292134831460674,7424.95,7945.0,0.002046137941684773
346,GESHIP,2014-08-05,2014-09-03,0.027865168539325826,356.0,399.0,0.0033657366494129507
347,ASIANPAINT,2014-08-05,2014-09-03,0.026516853932584253,629.9,630.0,4.209692638925271e-06
348,APOLLOHOSP,2014-08-05,2014-09-03,0.025168539325842676,980.95,1189.7,0.005355963692613954
349,RELIANCE,2014-08-05,2014-09-03,0.023820224719101103,246.28,256.29,0.0009681681396711162
350,GLAXO,2014-09-02,2014-10-01,0.056179775280898896,1244.5,1413.0,0.007606502318064656
351,UBL,2014-09-02,2014-10-01,0.05483146067415732,705.0,705.2,1.555502430472902e-05
352,GILLETTE,2014-09-02,2014-10-01,0.05348314606741574,2694.0,2797.0,0.0020448270396970386
353,LUPIN,2014-09-02,2014-10-01,0.05213483146067417,1285.0,1389.0,0.004219472740786081
354,ITC,2014-09-02,2014-10-01,0.050786516853932595,233.666666666667,246.666666666667,0.002825498084598243
355,CIPLA,2014-09-02,2014-10-01,0.04943820224719102,534.0,626.8,0.008591507806253416
356,HDFCBANK,2014-09-02,2014-10-01,0.04808988764044945,421.55,433.0,0.0013062014315814152
357,BAJAJ-AUTO,2014-09-02,2014-10-01,0.04674157303370787,2265.95,2356.0,0.001857533772451026
358,TECHM,2014-09-02,2014-10-01,0.045393258426966294,476.29,494.01,0.0016888209690017455
359,OFSS,2014-09-02,2014-10-01,0.044044943820224725,3640.25,3411.5,-0.002767744220555293
360,DIVISLAB,2014-09-02,2014-10-01,0.04269662921348315,785.5,900.0,0.006223760719215557
361,HINDUNILVR,2014-09-02,2014-10-01,0.04134831460674157,740.0,745.0,0.0002793805040996052
362,GSKCONS,2014-09-02,2014-10-01,0.04,5345.0,5620.5,0.002061739943872778
363,DABUR,2014-09-02,2014-10-01,0.038651685393258424,228.0,223.05,-0.0008391484328799507
364,DRREDDY,2014-09-02,2014-10-01,0.03730337078651685,592.4,650.8,0.0036774423597781616
365,COLPAL,2014-09-02,2014-10-01,0.03595505617977528,775.25,874.5,0.004603082006891579
366,BAJAJFINSV,2014-09-02,2014-10-01,0.0346067415730337,107.3,112.4,0.001644868425186134
367,TCS,2014-09-02,2014-10-01,0.03325842696629212,1272.9,1376.0,0.0026938045567010092
368,SHREECEM,2014-09-02,2014-10-01,0.03191011235955055,7815.0,8332.05,0.002111212232310376
369,GESHIP,2014-09-02,2014-10-01,0.030561797752808977,381.5,430.6,0.003933379474870043
370,HDFC,2014-09-02,2014-10-01,0.0292134831460674,1059.0,1050.0,-0.0002482732278702612
371,ASIANPAINT,2014-09-02,2014-10-01,0.027865168539325826,629.75,630.0,1.1061996244273849e-05
372,RELIANCE,2014-09-02,2014-10-01,0.026516853932584253,254.63,235.9,-0.0019505190832081955
373,PIDILITIND,2014-09-02,2014-10-01,0.025168539325842676,406.55,397.35,-0.0005695500228698864
374,BHARTIARTL,2014-09-02,2014-10-01,0.023820224719101103,378.6,404.0,0.0015980816372561208
375,GLAXO,2014-10-07,2014-10-31,0.056179775280898896,1395.0,1352.525,-0.0017105634086424198
376,UBL,2014-10-07,2014-10-31,0.05483146067415732,706.0,705.0,-7.766495846197921e-05
377,HDFCBANK,2014-10-07,2014-10-31,0.05348314606741574,432.5,450.05,0.0021702409560303976
378,TECHM,2014-10-07,2014-10-31,0.05213483146067417,503.4,499.6,-0.00039354858869797277
379,ITC,2014-10-07,2014-10-31,0.050786516853932595,241.8,237.9,-0.0008191373686118171
380,DABUR,2014-10-07,2014-10-31,0.04943820224719102,222.05,221.55,-0.00011132222978426258
381,LUPIN,2014-10-07,2014-10-31,0.04808988764044945,1381.15,1351.0,-0.001049784681142204
382,DRREDDY,2014-10-07,2014-10-31,0.04674157303370787,642.02,620.0,-0.0016031423292144273
383,SHREECEM,2014-10-07,2014-10-31,0.045393258426966294,8479.0,8699.7,0.0011815417071389897
384,BAJAJ-AUTO,2014-10-07,2014-10-31,0.044044943820224725,2314.0,2581.95,0.005100191312285742
385,HINDUNILVR,2014-10-07,2014-10-31,0.04269662921348315,733.4,728.7,-0.0002736217034406434
386,TCS,2014-10-07,2014-10-31,0.04134831460674157,1369.8,1280.5,-0.0026955792775456423
387,DIVISLAB,2014-10-07,2014-10-31,0.04,898.75,918.5,0.0008789986091794159
388,RELIANCE,2014-10-07,2014-10-31,0.038651685393258424,231.81,245.46,0.0022759825098916256
389,BHARTIARTL,2014-10-07,2014-10-31,0.03730337078651685,400.0,412.2,0.0011377528089887628
390,KOTAKBANK,2014-10-07,2014-10-31,0.03595505617977528,503.5,550.95,0.0033884159200205334
391,COLPAL,2014-10-07,2014-10-31,0.0346067415730337,864.05,850.0,-0.0005627275263018598
392,MARUTI,2014-10-07,2014-10-31,0.03325842696629212,2971.0,3265.0,0.0032911401979434144
393,BOSCHLTD,2014-10-07,2014-10-31,0.03191011235955055,14700.0,14850.0,0.0003256133914239852
394,CIPLA,2014-10-07,2014-10-31,0.030561797752808977,629.7,652.7,0.001116279733705902
395,MARICO,2014-10-07,2014-10-31,0.0292134831460674,156.475,154.05,-0.0004527413109392104
396,PIDILITIND,2014-10-07,2014-10-31,0.027865168539325826,396.55,415.7,0.0013456511852933777
397,INDUSINDBK,2014-10-07,2014-10-31,0.026516853932584253,596.0,715.0,0.005294472513385111
398,PAGEIND,2014-10-07,2014-10-31,0.025168539325842676,7984.0,8970.0,0.0031082389498097293
399,HDFC,2014-10-07,2014-10-31,0.023820224719101103,1045.0,1066.8,0.000496919520455888
400,GLAXO,2014-11-05,2014-12-03,0.056179775280898896,1375.0,1576.0,0.008212461695607767
401,HDFCBANK,2014-11-05,2014-12-03,0.05483146067415732,457.525,471.0,0.0016148930278875933
402,ITC,2014-11-05,2014-12-03,0.05348314606741574,237.133333333333,244.0,0.001548710723908936
403,LUPIN,2014-11-05,2014-12-03,0.05213483146067417,1364.0,1480.0,0.004433753995189299
404,TECHM,2014-11-05,2014-12-03,0.050786516853932595,514.03,532.0,0.0017754483354379515
405,DABUR,2014-11-05,2014-12-03,0.04943820224719102,227.15,243.75,0.0036129172674592585
406,SHREECEM,2014-11-05,2014-12-03,0.04808988764044945,9045.1,8905.15,-0.0007440691396757289
407,HINDUNILVR,2014-11-05,2014-12-03,0.04674157303370787,739.0,807.4,0.004326283620440618
408,DRREDDY,2014-11-05,2014-12-03,0.045393258426966294,639.98,715.4,0.0053494789689705865
409,BAJAJ-AUTO,2014-11-05,2014-12-03,0.044044943820224725,2594.0,2620.0,0.0004414682109968554
410,COLPAL,2014-11-05,2014-12-03,0.04269662921348315,851.0,953.5,0.005142660980472412
411,WIPRO,2014-11-05,2014-12-03,0.04134831460674157,106.95,111.2,0.0016431074060649993
412,MARICO,2014-11-05,2014-12-03,0.04,154.2,166.625,0.0032230869001297047
413,PIDILITIND,2014-11-05,2014-12-03,0.038651685393258424,408.9,483.0,0.007004377323649914
414,KOTAKBANK,2014-11-05,2014-12-03,0.03730337078651685,556.5,607.8,0.0034387473878675877
415,RELIANCE,2014-11-05,2014-12-03,0.03595505617977528,250.5,239.64,-0.001558770100248942
416,INDUSINDBK,2014-11-05,2014-12-03,0.0346067415730337,710.0,764.0,0.002632062035132141
417,BHARTIARTL,2014-11-05,2014-12-03,0.03325842696629212,399.0,387.0,-0.0010002534425952519
418,MARUTI,2014-11-05,2014-12-03,0.03191011235955055,3295.0,3365.85,0.000686140048763021
419,BOSCHLTD,2014-11-05,2014-12-03,0.030561797752808977,15501.4,18544.0,0.00599864049974174
420,UBL,2014-11-05,2014-12-03,0.0292134831460674,700.0,816.0,0.004841091492776884
421,ASIANPAINT,2014-11-05,2014-12-03,0.027865168539325826,660.9,774.8,0.004802303974321699
422,TCS,2014-11-05,2014-12-03,0.026516853932584253,1319.0,1335.95,0.0003407586612261594
423,DIVISLAB,2014-11-05,2014-12-03,0.025168539325842676,902.55,870.125,-0.0009042046287080468
424,ICICIBANK,2014-11-05,2014-12-03,0.023820224719101103,331.1,353.02,0.0015769837687789042
425,GLAXO,2014-12-02,2014-12-31,0.056179775280898896,1492.5,1584.0,0.003444187228276214
426,HDFCBANK,2014-12-02,2014-12-31,0.05483146067415732,470.875,478.0,0.0008296769998478809
427,HINDUNILVR,2014-12-02,2014-12-31,0.05348314606741574,811.5,760.9,-0.0033348702292190237
428,TECHM,2014-12-02,2014-12-31,0.05213483146067417,528.4,524.0,-0.00043412804395716347
429,DRREDDY,2014-12-02,2014-12-31,0.050786516853932595,725.6,639.97,-0.005993452919242349
430,BAJAJ-AUTO,2014-12-02,2014-12-31,0.04943820224719102,2586.0,2421.05,-0.003153453774429292
431,ITC,2014-12-02,2014-12-31,0.04808988764044945,242.933333333333,245.966666666667,0.0006004637452362633
432,WIPRO,2014-12-02,2014-12-31,0.04674157303370787,111.84,103.76,-0.003376894761376605
433,LUPIN,2014-12-02,2014-12-31,0.045393258426966294,1461.1,1440.0,-0.0006555319641427587
434,MARUTI,2014-12-02,2014-12-31,0.044044943820224725,3395.0,3305.0,-0.0011676126491370325
435,RELIANCE,2014-12-02,2014-12-31,0.04269662921348315,240.5,220.0,-0.003639421616949707
436,DABUR,2014-12-02,2014-12-31,0.04134831460674157,246.3,232.8,-0.0022663509833171385
437,SHREECEM,2014-12-02,2014-12-31,0.04,8959.35,9280.0,0.0014315770675327993
438,BHARTIARTL,2014-12-02,2014-12-31,0.038651685393258424,377.65,349.8,-0.0028503890856672737
439,MARICO,2014-12-02,2014-12-31,0.03730337078651685,162.975,162.825,-3.433352120250185e-05
440,INDUSINDBK,2014-12-02,2014-12-31,0.03595505617977528,769.15,799.0,0.0013953824702155533
441,NTPC,2014-12-02,2014-12-31,0.0346067415730337,140.2,141.95,0.00043196717370049204
442,INFY,2014-12-02,2014-12-31,0.03325842696629212,541.2375,488.75,-0.0032252970006573017
443,ICICIBANK,2014-12-02,2014-12-31,0.03191011235955055,350.74,350.1,-5.822681162716518e-05
444,ACC,2014-12-02,2014-12-31,0.030561797752808977,1471.0,1395.0,-0.0015789915902199064
445,AMBUJACEM,2014-12-02,2014-12-31,0.0292134831460674,230.0,230.0,0.0
446,TCS,2014-12-02,2014-12-31,0.027865168539325826,1346.5,1266.35,-0.0016586656208146806
447,HDFC,2014-12-02,2014-12-31,0.026516853932584253,1136.1,1135.15,-2.2173234077942274e-05
448,POWERGRID,2014-12-02,2014-12-31,0.025168539325842676,78.01,78.18,5.484747705926545e-05
449,BOSCHLTD,2014-12-02,2014-12-31,0.023820224719101103,18825.0,19590.0,0.0009679931957562997
450,HDFCBANK,2015-01-01,2015-01-30,0.056179775280898896,475.5,547.275,0.008480133271895934
451,HINDUNILVR,2015-01-01,2015-01-30,0.05483146067415732,759.3,941.0,0.013121133154872103
452,BAJAJ-AUTO,2015-01-01,2015-01-30,0.05348314606741574,2431.0,2406.45,-0.0005401115738194432
453,MARUTI,2015-01-01,2015-01-30,0.05213483146067417,3320.25,3700.0,0.00596286491896424
454,SHREECEM,2015-01-01,2015-01-30,0.050786516853932595,9405.65,11050.0,0.008878791895165574
455,GLAXO,2015-01-01,2015-01-30,0.04943820224719102,1589.5,1722.275,0.004129699467361304
456,RELIANCE,2015-01-01,2015-01-30,0.04808988764044945,221.57,232.5,0.002372263717606683
457,WIPRO,2015-01-01,2015-01-30,0.04674157303370787,103.86,114.08,0.004599449994266266
458,TECHM,2015-01-01,2015-01-30,0.045393258426966294,517.8,586.2,0.005996328459645614
459,ITC,2015-01-01,2015-01-30,0.044044943820224725,245.066666666667,246.666666666667,0.0002875622012201818
460,POWERGRID,2015-01-01,2015-01-30,0.04269662921348315,78.01,83.95,0.003251095725267142
461,INDUSINDBK,2015-01-01,2015-01-30,0.04134831460674157,803.4,877.0,0.003787946172586732
462,LUPIN,2015-01-01,2015-01-30,0.04,1428.4,1555.0,0.0035452254270512433
463,GRASIM,2015-01-01,2015-01-30,0.038651685393258424,678.8,786.0,0.0061040964557414635
464,MARICO,2015-01-01,2015-01-30,0.03730337078651685,164.0,177.325,0.0030308988764044913
465,OIL,2015-01-01,2015-01-30,0.03595505617977528,191.23,185.13,-0.001146921731405266
466,ACC,2015-01-01,2015-01-30,0.0346067415730337,1400.15,1595.0,0.004816000853841098
467,NTPC,2015-01-01,2015-01-30,0.03325842696629212,144.2,142.8,-0.0003228973491872969
468,DABUR,2015-01-01,2015-01-30,0.03191011235955055,233.3,259.45,0.0035767228384151147
469,DRREDDY,2015-01-01,2015-01-30,0.030561797752808977,646.0,674.0,0.0013246599645180361
470,BHARTIARTL,2015-01-01,2015-01-30,0.0292134831460674,354.4,380.8,0.002176173688081773
471,INFY,2015-01-01,2015-01-30,0.027865168539325826,492.2375,540.375,0.0027250251160502734
472,SUNPHARMA,2015-01-01,2015-01-30,0.026516853932584253,826.5,923.5,0.003112080860811461
473,HEROMOTOCO,2015-01-01,2015-01-30,0.025168539325842676,3111.0,2887.55,-0.0018077499557568439
474,DIVISLAB,2015-01-01,2015-01-30,0.023820224719101103,867.4,887.0,0.0005382481029448722
475,HDFCBANK,2015-02-03,2015-03-04,0.056179775280898896,539.25,552.5,0.0013804024524282064
476,MARUTI,2015-02-03,2015-03-04,0.05483146067415732,3708.0,3750.0,0.0006210683247881897
477,BAJAJ-AUTO,2015-02-03,2015-03-04,0.05348314606741574,2350.05,2117.55,-0.0052913050618813035
478,POWERGRID,2015-02-03,2015-03-04,0.05213483146067417,84.18,88.28,0.0025392350794578734
479,WIPRO,2015-02-03,2015-03-04,0.050786516853932595,117.29,126.36,0.0039273058902307804
480,LUPIN,2015-02-03,2015-03-04,0.04943820224719102,1562.75,1815.95,0.008010080184923224
481,INDUSINDBK,2015-02-03,2015-03-04,0.04808988764044945,876.6,959.9,0.004569801095653019
482,RELIANCE,2015-02-03,2015-03-04,0.04674157303370787,228.3,226.5,-0.0003685275140634021
483,TECHM,2015-02-03,2015-03-04,0.045393258426966294,583.8,582.0,-0.000139958659075946
484,NTPC,2015-02-03,2015-03-04,0.044044943820224725,142.45,159.0,0.005117190735168268
485,GRASIM,2015-02-03,2015-03-04,0.04269662921348315,764.38,799.2,0.0019449706025975108
486,GLAXO,2015-02-03,2015-03-04,0.04134831460674157,1692.5,1570.0,-0.0029927140557316646
487,ACC,2015-02-03,2015-03-04,0.04,1529.7,1765.0,0.006152840426227364
488,COLPAL,2015-02-03,2015-03-04,0.038651685393258424,927.45,1003.15,0.003154814366563869
489,MPHASIS,2015-02-03,2015-03-04,0.03730337078651685,352.0,390.0,0.004027068437180796
490,BIOCON,2015-02-03,2015-03-04,0.03595505617977528,70.825,72.95,0.0010787786005227314
491,HEROMOTOCO,2015-02-03,2015-03-04,0.0346067415730337,2857.5,2675.0,-0.002210229339310114
492,TCS,2015-02-03,2015-03-04,0.03325842696629212,1255.825,1394.0,0.0036593340203192426
493,SHREECEM,2015-02-03,2015-03-04,0.03191011235955055,11190.0,11400.0,0.0005988492936108683
494,SUNPHARMA,2015-02-03,2015-03-04,0.030561797752808977,936.0,946.9,0.00035590127724959095
495,KARURVYSYA,2015-02-03,2015-03-04,0.0292134831460674,117.77,122.0,0.001049274294878706
496,LT,2015-02-03,2015-03-04,0.027865168539325826,1161.33333333333,1246.66666666667,0.0020474980327405213
497,TATACONSUM,2015-02-03,2015-03-04,0.026516853932584253,164.0,164.0,0.0
498,INFY,2015-02-03,2015-03-04,0.025168539325842676,534.2125,575.0,0.001921635674479367
499,TATACHEM,2015-02-03,2015-03-04,0.023820224719101103,465.9,482.0,0.0008231500707824175
500,HDFCBANK,2015-03-03,2015-04-01,0.056179775280898896,543.225,513.05,-0.0031206677143009397
501,BAJAJ-AUTO,2015-03-03,2015-04-01,0.05483146067415732,2067.0,2027.05,-0.0010597565814864961
502,MARUTI,2015-03-03,2015-04-01,0.05348314606741574,3718.0,3699.95,-0.00025964787157527273
503,WIPRO,2015-03-03,2015-04-01,0.05213483146067417,125.0,117.18,-0.0032615550561797733
504,POWERGRID,2015-03-03,2015-04-01,0.050786516853932595,88.3,82.03,-0.0036062453077480997
505,LUPIN,2015-03-03,2015-04-01,0.04943820224719102,1795.0,2008.0,0.005866483052173642
506,TECHM,2015-03-03,2015-04-01,0.04808988764044945,576.4,630.5,0.004513641431902007
507,INDUSINDBK,2015-03-03,2015-04-01,0.04674157303370787,945.0,884.1,-0.003012234706616728
508,ACC,2015-03-03,2015-04-01,0.045393258426966294,1764.0,1563.7,-0.005154347881474686
509,RELIANCE,2015-03-03,2015-04-01,0.044044943820224725,217.25,206.22,-0.0022362058933812603
510,GLAXO,2015-03-03,2015-04-01,0.04269662921348315,1536.025,1725.0,0.005252906369113767
511,COLPAL,2015-03-03,2015-04-01,0.04134831460674157,988.425,1001.7,0.0005553267839284702
512,KARURVYSYA,2015-03-03,2015-04-01,0.04,118.47,109.7,-0.0029610871950704804
513,HEROMOTOCO,2015-03-03,2015-04-01,0.038651685393258424,2618.05,2639.95,0.00032332152178619406
514,GRASIM,2015-03-03,2015-04-01,0.03730337078651685,796.0,728.0,-0.0031867201174411376
515,TATACHEM,2015-03-03,2015-04-01,0.03595505617977528,466.0,444.95,-0.0016241500699233262
516,NTPC,2015-03-03,2015-04-01,0.0346067415730337,159.5,147.0,-0.002712127082526152
517,INFY,2015-03-03,2015-04-01,0.03325842696629212,572.5,549.725,-0.0013230754133752006
518,MARICO,2015-03-03,2015-04-01,0.03191011235955055,181.975,193.75,0.002064797763614276
519,MPHASIS,2015-03-03,2015-04-01,0.030561797752808977,389.0,387.0,-0.00015713006556714127
520,SUNPHARMA,2015-03-03,2015-04-01,0.0292134831460674,937.45,1023.9,0.0026940163400474954
521,TCS,2015-03-03,2015-04-01,0.027865168539325826,1341.0,1279.0,-0.0012883224828025364
522,TATACONSUM,2015-03-03,2015-04-01,0.026516853932584253,158.5,148.8,-0.0016227980009215581
523,DIVISLAB,2015-03-03,2015-04-01,0.025168539325842676,884.35,885.05,1.9921951182323916e-05
524,LTF,2015-03-03,2015-04-01,0.023820224719101103,67.9,62.5,-0.0018943919511508996
525,BAJAJ-AUTO,2015-04-07,2015-05-06,0.056179775280898896,2039.95,2056.9,0.00046679927988982025
526,HDFCBANK,2015-04-07,2015-05-06,0.05483146067415732,516.625,493.75,-0.0024278144939198615
527,OFSS,2015-04-07,2015-05-06,0.05348314606741574,3230.0,3369.0,0.002301596688350089
528,KARURVYSYA,2015-04-07,2015-05-06,0.05213483146067417,110.33,96.4,-0.006582418220313521
529,MARUTI,2015-04-07,2015-05-06,0.050786516853932595,3640.0,3788.0,0.0020649462896653913
530,GSKCONS,2015-04-07,2015-05-06,0.04943820224719102,6275.7,6370.0,0.0007428689185126953
531,POWERGRID,2015-04-07,2015-05-06,0.04808988764044945,83.22,80.7,-0.0014562186596242782
532,HEROMOTOCO,2015-04-07,2015-05-06,0.04674157303370787,2672.8,2353.0,-0.005592620119791898
533,SANOFI,2015-04-07,2015-05-06,0.045393258426966294,2246.23,2213.33,-0.0006648643292303972
534,LUPIN,2015-04-07,2015-05-06,0.044044943820224725,2100.0,1808.0,-0.00612434456928839
535,WIPRO,2015-04-07,2015-05-06,0.04269662921348315,117.18,102.21,-0.005454587295834129
536,ACC,2015-04-07,2015-05-06,0.04134831460674157,1621.4,1466.0,-0.003962950592011622
537,TATACONSUM,2015-04-07,2015-05-06,0.04,152.4,144.25,-0.002139107611548558
538,TATACHEM,2015-04-07,2015-05-06,0.038651685393258424,438.0,438.0,0.0
539,RELIANCE,2015-04-07,2015-05-06,0.03730337078651685,206.51,222.5,0.0028883874818478755
540,LTF,2015-04-07,2015-05-06,0.03595505617977528,64.05,64.2,8.420387864116309e-05
541,DIVISLAB,2015-04-07,2015-05-06,0.0346067415730337,947.45,874.0,-0.002682848877027101
542,GRASIM,2015-04-07,2015-05-06,0.03325842696629212,740.26,715.0,-0.001134882156497094
543,CASTROLIND,2015-04-07,2015-05-06,0.03191011235955055,235.5,235.5,0.0
544,INDUSINDBK,2015-04-07,2015-05-06,0.030561797752808977,915.05,837.0,-0.002606795600903491
545,COLPAL,2015-04-07,2015-05-06,0.0292134831460674,1024.5,1035.5,0.00031366355744923515
546,TCS,2015-04-07,2015-05-06,0.027865168539325826,1281.225,1257.5,-0.0005159914328829852
547,CRISIL,2015-04-07,2015-05-06,0.026516853932584253,2078.95,2011.0,-0.0008666972388557181
548,INFY,2015-04-07,2015-05-06,0.025168539325842676,543.75,493.75,-0.0023143484437556485
549,COALINDIA,2015-04-07,2015-05-06,0.023820224719101103,360.75,362.15,9.244162053150658e-05
550,GSKCONS,2015-05-07,2015-06-05,0.056179775280898896,6367.0,6372.2,4.588264982890907e-05
551,HDFCBANK,2015-05-07,2015-06-05,0.05483146067415732,484.0,505.125,0.002393211997399945
552,SANOFI,2015-05-07,2015-06-05,0.05348314606741574,2210.03,2206.67,-8.131263864586621e-05
553,BAJAJ-AUTO,2015-05-07,2015-06-05,0.05213483146067417,2010.0,2203.7,0.005024137738274915
554,OFSS,2015-05-07,2015-06-05,0.050786516853932595,3355.5,3475.1,0.0018101825110208118
555,POWERGRID,2015-05-07,2015-06-05,0.04943820224719102,79.15,81.41,0.0014116277584163138
556,MARUTI,2015-05-07,2015-06-05,0.04808988764044945,3626.0,3769.0,0.0018965399703762468
557,KARURVYSYA,2015-05-07,2015-06-05,0.04674157303370787,95.4,93.94,-0.0007153322497821159
558,TCS,2015-05-07,2015-06-05,0.045393258426966294,1232.45,1296.0,0.0023406560696447773
559,HEROMOTOCO,2015-05-07,2015-06-05,0.044044943820224725,2330.1,2549.95,0.004155736191097551
560,DIVISLAB,2015-05-07,2015-06-05,0.04269662921348315,854.5,896.75,0.002111097231444895
561,GRASIM,2015-05-07,2015-06-05,0.04134831460674157,692.4,684.81,-0.0004532549218156699
562,WIPRO,2015-05-07,2015-06-05,0.04,99.81,104.19,0.001755335136759842
563,INFY,2015-05-07,2015-06-05,0.038651685393258424,480.5,507.5,0.0021718949128365817
564,LTF,2015-05-07,2015-06-05,0.03730337078651685,62.7,60.85,-0.001100657670734549
565,CUMMINSIND,2015-05-07,2015-06-05,0.03595505617977528,842.0,903.0,0.0026048199845205367
566,RELIANCE,2015-05-07,2015-06-05,0.0346067415730337,218.75,227.47,0.0013795235955056176
567,CASTROLIND,2015-05-07,2015-06-05,0.03325842696629212,226.75,219.95,-0.0009973861229141646
568,LUPIN,2015-05-07,2015-06-05,0.03191011235955055,1760.0,1759.5,-9.06537282941777e-06
569,TATACONSUM,2015-05-07,2015-06-05,0.030561797752808977,139.0,137.9,-0.00024185595343949423
570,ACC,2015-05-07,2015-06-05,0.0292134831460674,1414.2,1458.0,0.000904787556072515
571,TATACHEM,2015-05-07,2015-06-05,0.027865168539325826,428.6,419.9,-0.0005656252130007838
572,COALINDIA,2015-05-07,2015-06-05,0.026516853932584253,353.8,392.05,0.0028667881936725484
573,PETRONET,2015-05-07,2015-06-05,0.025168539325842676,88.45,90.775,0.0006615811637375273
574,COLPAL,2015-05-07,2015-06-05,0.023820224719101103,1010.25,965.95,-0.0010445295274003246
575,GSKCONS,2015-06-09,2015-07-08,0.056179775280898896,6071.0,6212.05,0.0013052474556697084
576,OFSS,2015-06-09,2015-07-08,0.05483146067415732,3429.05,3881.9,0.007241197114737941
577,POWERGRID,2015-06-09,2015-07-08,0.05348314606741574,82.54,78.07,-0.002896409776124898
578,HDFCBANK,2015-06-09,2015-07-08,0.05213483146067417,502.5,539.55,0.003843971155458658
579,SANOFI,2015-06-09,2015-07-08,0.050786516853932595,2164.67,2407.67,0.005701157033407227
580,KARURVYSYA,2015-06-09,2015-07-08,0.04943820224719102,92.98,100.56,0.004030346021012129
581,MARUTI,2015-06-09,2015-07-08,0.04808988764044945,3710.0,3950.0,0.0031109361276840616
582,TCS,2015-06-09,2015-07-08,0.04674157303370787,1292.5,1298.975,0.00023415991132940366
583,CUB,2015-06-09,2015-07-08,0.045393258426966294,100.5,101.9,0.0006323438984851051
584,INFY,2015-06-09,2015-07-08,0.044044943820224725,500.9375,489.5,-0.0010056425101810512
585,LTF,2015-06-09,2015-07-08,0.04269662921348315,60.6,70.8,0.007186561352764487
586,HEROMOTOCO,2015-06-09,2015-07-08,0.04134831460674157,2511.05,2549.55,0.0006339619331990802
587,WIPRO,2015-06-09,2015-07-08,0.04,103.98,103.59,-0.00015002885170225066
588,DIVISLAB,2015-06-09,2015-07-08,0.038651685393258424,875.5,947.5,0.0031786651608390706
589,CUMMINSIND,2015-06-09,2015-07-08,0.03730337078651685,913.0,964.0,0.002083758937691522
590,BAJAJ-AUTO,2015-06-09,2015-07-08,0.03595505617977528,2218.7,2589.05,0.00600169245782656
591,COLPAL,2015-06-09,2015-07-08,0.0346067415730337,936.0,1023.175,0.0032231225391337725
592,GRASIM,2015-06-09,2015-07-08,0.03325842696629212,680.0,712.0,0.0015651024454725706
593,TATACONSUM,2015-06-09,2015-07-08,0.03191011235955055,135.0,136.1,0.0002600083229296698
594,CASTROLIND,2015-06-09,2015-07-08,0.030561797752808977,214.25,228.45,0.0020255660587626
595,RELIANCE,2015-06-09,2015-07-08,0.0292134831460674,220.89,248.96,0.0037123567020241415
596,ZEEL,2015-06-09,2015-07-08,0.027865168539325826,332.0,365.0,0.002769730607824555
597,PETRONET,2015-06-09,2015-07-08,0.026516853932584253,87.05,95.25,0.0024978541326500974
598,COX&KINGS,2015-06-09,2015-07-08,0.025168539325842676,272.0,266.0,-0.0005551883674818237
599,TATACHEM,2015-06-09,2015-07-08,0.023820224719101103,414.5,449.0,0.0019826242528564247
600,GSKCONS,2015-07-07,2015-08-05,0.056179775280898896,6304.9,6235.0,-0.0006228435490070917
601,POWERGRID,2015-07-07,2015-08-05,0.05483146067415732,79.71,79.71,0.0
602,HDFCBANK,2015-07-07,2015-08-05,0.05348314606741574,539.25,546.075,0.0006769076901439312
603,OFSS,2015-07-07,2015-08-05,0.05213483146067417,3950.0,4310.0,0.004751528943251317
604,SANOFI,2015-07-07,2015-08-05,0.050786516853932595,2385.33,2707.37,0.0068566151801387875
605,TCS,2015-07-07,2015-08-05,0.04943820224719102,1316.375,1260.0,-0.0021172376045468758
606,MARUTI,2015-07-07,2015-08-05,0.04808988764044945,3989.0,4457.0,0.005642032443151252
607,CUB,2015-07-07,2015-08-05,0.04674157303370787,101.7,101.0,-0.00032172174162827574
608,LTF,2015-07-07,2015-08-05,0.045393258426966294,70.0,71.35,0.0008754414125200606
609,KARURVYSYA,2015-07-07,2015-08-05,0.044044943820224725,99.67,98.0,-0.000737985915318304
610,CUMMINSIND,2015-07-07,2015-08-05,0.04269662921348315,934.9,1025.0,0.004114842541592505
611,DIVISLAB,2015-07-07,2015-08-05,0.04134831460674157,948.0,990.475,0.0018526051296638706
612,COLPAL,2015-07-07,2015-08-05,0.04,1021.575,995.0,-0.0010405501309252887
613,HEROMOTOCO,2015-07-07,2015-08-05,0.038651685393258424,2625.0,2637.0,0.00017669341894060994
614,INFY,2015-07-07,2015-08-05,0.03730337078651685,492.5,531.0,0.0029161010665602004
615,GRASIM,2015-07-07,2015-08-05,0.03595505617977528,712.4,753.0,0.0020490950040691707
616,CASTROLIND,2015-07-07,2015-08-05,0.0346067415730337,221.65,248.05,0.004121894777929573
617,WIPRO,2015-07-07,2015-08-05,0.03325842696629212,104.04,105.5,0.00046671764101101777
618,PETRONET,2015-07-07,2015-08-05,0.03191011235955055,95.125,95.5,0.00012579544951202585
619,DRREDDY,2015-07-07,2015-08-05,0.030561797752808977,743.2,834.62,0.0037593643037699075
620,TORNTPOWER,2015-07-07,2015-08-05,0.0292134831460674,142.3,171.0,0.005891967437049431
621,PIDILITIND,2015-07-07,2015-08-05,0.027865168539325826,545.0,596.5,0.002633130605092257
622,RELIANCE,2015-07-07,2015-08-05,0.026516853932584253,252.75,247.06,-0.0005969570677602546
623,BAJAJ-AUTO,2015-07-07,2015-08-05,0.025168539325842676,2602.0,2506.0,-0.0009285856169411594
624,TATACONSUM,2015-07-07,2015-08-05,0.023820224719101103,135.6,144.2,0.0015107222166981515
625,HDFCBANK,2015-08-06,2015-09-04,0.056179775280898896,545.95,501.1,-0.004615189891653661
626,POWERGRID,2015-08-06,2015-09-04,0.05483146067415732,79.31,71.74,-0.005233566477157626
627,GSKCONS,2015-08-06,2015-09-04,0.05348314606741574,6400.0,6198.85,-0.0016809585674157277
628,CUB,2015-08-06,2015-09-04,0.05213483146067417,101.05,94.05,-0.0036115172709027137
629,OFSS,2015-08-06,2015-09-04,0.050786516853932595,4265.0,3915.0,-0.004167709472186731
630,TCS,2015-08-06,2015-09-04,0.04943820224719102,1282.5,1305.7,0.0008943206956217028
631,MARUTI,2015-08-06,2015-09-04,0.04808988764044945,4461.0,4137.0,-0.0034927423437582654
632,KARURVYSYA,2015-08-06,2015-09-04,0.04674157303370787,98.4,91.2,-0.003420115100027406
633,DIVISLAB,2015-08-06,2015-09-04,0.045393258426966294,992.5,1120.425,0.005850813686921572
634,COLPAL,2015-08-06,2015-09-04,0.044044943820224725,994.6,950.0,-0.001975069871689145
635,GRASIM,2015-08-06,2015-09-04,0.04269662921348315,753.0,680.4,-0.0041165674381127195
636,LTF,2015-08-06,2015-09-04,0.04134831460674157,71.4,63.9,-0.00434331035785101
637,WIPRO,2015-08-06,2015-09-04,0.04,108.83,106.77,-0.0007571441698061205
638,CUMMINSIND,2015-08-06,2015-09-04,0.038651685393258424,1034.0,1075.95,0.0015681220524634359
639,PETRONET,2015-08-06,2015-09-04,0.03730337078651685,95.125,87.775,-0.0028823103840304714
640,CASTROLIND,2015-08-06,2015-09-04,0.03595505617977528,247.5,216.45,-0.004510725229826355
641,SANOFI,2015-08-06,2015-09-04,0.0346067415730337,2813.3,2650.03,-0.002008403901691683
642,HEROMOTOCO,2015-08-06,2015-09-04,0.03325842696629212,2682.0,2323.6,-0.004444377414138367
643,DRREDDY,2015-08-06,2015-09-04,0.03191011235955055,844.4,840.0,-0.00016627723162247952
644,RELIANCE,2015-08-06,2015-09-04,0.030561797752808977,247.75,212.43,-0.0043569836392702834
645,DABUR,2015-08-06,2015-09-04,0.0292134831460674,309.4,281.2,-0.00266263808894344
646,HINDUNILVR,2015-08-06,2015-09-04,0.027865168539325826,910.0,831.35,-0.002408346709470303
647,TITAN,2015-08-06,2015-09-04,0.026516853932584253,324.45,327.75,0.0002697044782787127
648,COALINDIA,2015-08-06,2015-09-04,0.025168539325842676,437.05,345.0,-0.005300913041857496
649,TATACONSUM,2015-08-06,2015-09-04,0.023820224719101103,142.0,124.55,-0.002927203671467002
650,POWERGRID,2015-09-08,2015-10-07,0.056179775280898896,68.97,74.96,0.004879177235502161
651,HDFCBANK,2015-09-08,2015-10-07,0.05483146067415732,493.35,544.0,0.005629296611221378
652,TCS,2015-09-08,2015-10-07,0.05348314606741574,1272.5,1346.975,0.0031301825566764497
653,GRASIM,2015-09-08,2015-10-07,0.05213483146067417,679.0,720.0,0.00314805315152819
654,COLPAL,2015-09-08,2015-10-07,0.050786516853932595,920.025,948.1,0.001549774691637901
655,CUB,2015-09-08,2015-10-07,0.04943820224719102,93.35,91.9,-0.0007679206562231004
656,KARURVYSYA,2015-09-08,2015-10-07,0.04808988764044945,86.95,89.64,0.001487772257076583
657,MARUTI,2015-09-08,2015-10-07,0.04674157303370787,4106.0,4352.25,0.002803242172321131
658,GSKCONS,2015-09-08,2015-10-07,0.045393258426966294,6045.05,6032.6,-9.348906417907579e-05
659,ITC,2015-09-08,2015-10-07,0.044044943820224725,208.733333333333,229.3,0.004339784467754574
660,OFSS,2015-09-08,2015-10-07,0.04269662921348315,3777.0,4000.0,0.002520875910671629
661,HINDUNILVR,2015-09-08,2015-10-07,0.04134831460674157,827.8,818.0,-0.0004895065029548992
662,HEROMOTOCO,2015-09-08,2015-10-07,0.04,2292.0,2535.0,0.004240837696335079
663,LT,2015-09-08,2015-10-07,0.038651685393258424,1010.0,1033.33333333333,0.0008929432269068357
664,WIPRO,2015-09-08,2015-10-07,0.03730337078651685,103.44,112.74,0.0033538413410151447
665,ACC,2015-09-08,2015-10-07,0.03595505617977528,1348.0,1353.5,0.0001467008968759377
666,PIDILITIND,2015-09-08,2015-10-07,0.0346067415730337,555.5,581.0,0.00158860829903215
667,SANOFI,2015-09-08,2015-10-07,0.03325842696629212,2642.0,2733.33,0.001149694222116373
668,DRREDDY,2015-09-08,2015-10-07,0.03191011235955055,789.42,849.2,0.0024164405726405905
669,PETRONET,2015-09-08,2015-10-07,0.030561797752808977,88.625,90.55,0.0006638246620497285
670,TITAN,2015-09-08,2015-10-07,0.0292134831460674,333.1,344.0,0.0009559500639211468
671,NTPC,2015-09-08,2015-10-07,0.027865168539325826,114.0,126.05,0.0029453972008673347
672,CASTROLIND,2015-09-08,2015-10-07,0.026516853932584253,211.425,225.25,0.0017339269510132527
673,RELIANCE,2015-09-08,2015-10-07,0.025168539325842676,209.0,223.68,0.0017678189344658881
674,HAVELLS,2015-09-08,2015-10-07,0.023820224719101103,261.0,255.05,-0.000543028111412457
675,HDFCBANK,2015-10-06,2015-11-04,0.056179775280898896,553.5,545.025,-0.0008602052312657985
676,TCS,2015-10-06,2015-11-04,0.05483146067415732,1362.5,1272.5,-0.0036218946500360797
677,GRASIM,2015-10-06,2015-11-04,0.05348314606741574,723.8,742.99,0.0014179905678829942
678,POWERGRID,2015-10-06,2015-11-04,0.05213483146067417,75.1,75.3,0.0001388410957674432
679,COLPAL,2015-10-06,2015-11-04,0.050786516853932595,970.0,957.9,-0.0006335225298274078
680,ITC,2015-10-06,2015-11-04,0.04943820224719102,221.333333333333,224.566666666667,0.0007222147015027903
681,KARURVYSYA,2015-10-06,2015-11-04,0.04808988764044945,90.76,85.6,-0.0027340658905323895
682,CUB,2015-10-06,2015-11-04,0.04674157303370787,92.0,88.15,-0.0019560332193453807
683,GSKCONS,2015-10-06,2015-11-04,0.045393258426966294,6064.95,5985.0,-0.0005983876225254862
684,HINDUNILVR,2015-10-06,2015-11-04,0.044044943820224725,816.95,806.8,-0.0005472258764615765
685,MARUTI,2015-10-06,2015-11-04,0.04269662921348315,4449.0,4487.75,0.00037188005889468914
686,OFSS,2015-10-06,2015-11-04,0.04134831460674157,3954.6,4070.0,0.001206593715070546
687,WIPRO,2015-10-06,2015-11-04,0.04,113.23,108.48,-0.0016780005298949042
688,BALKRISIND,2015-10-06,2015-11-04,0.038651685393258424,333.25,336.15,0.00033635375135918544
689,PIDILITIND,2015-10-06,2015-11-04,0.03730337078651685,579.7,572.0,-0.0004954906935590503
690,ACC,2015-10-06,2015-11-04,0.03595505617977528,1377.0,1440.0,0.0016450025703165158
691,NTPC,2015-10-06,2015-11-04,0.0346067415730337,129.5,136.25,0.0018038262982083204
692,DRREDDY,2015-10-06,2015-11-04,0.03325842696629212,846.4,868.02,0.0008495359062042011
693,DABUR,2015-10-06,2015-11-04,0.03191011235955055,276.5,270.0,-0.0007501473068248774
694,HEROMOTOCO,2015-10-06,2015-11-04,0.030561797752808977,2520.0,2600.0,0.0009702158016764755
695,CARERATING,2015-10-06,2015-11-04,0.0292134831460674,1163.0,1328.0,0.004144647221927017
696,SANOFI,2015-10-06,2015-11-04,0.027865168539325826,2720.7,2883.33,0.0016656420625392593
697,LT,2015-10-06,2015-11-04,0.026516853932584253,1042.46666666667,925.333333333333,-0.0029794789511768155
698,TITAN,2015-10-06,2015-11-04,0.025168539325842676,333.2,349.1,0.001201019733736193
699,PETRONET,2015-10-06,2015-11-04,0.023820224719101103,89.875,101.15,0.0029882952290165793
700,HDFCBANK,2015-11-05,2015-12-04,0.056179775280898896,539.25,536.8,-0.0002552442270527675
701,TCS,2015-11-05,2015-12-04,0.05483146067415732,1265.4,1170.0,-0.004133808557226658
702,GRASIM,2015-11-05,2015-12-04,0.05348314606741574,738.0,746.19,0.0005935324746505933
703,BALKRISIND,2015-11-05,2015-12-04,0.05213483146067417,334.05,325.5,-0.001334389489563732
704,COLPAL,2015-11-05,2015-12-04,0.050786516853932595,940.0,970.0,0.001620846282572317
705,KARURVYSYA,2015-11-05,2015-12-04,0.04943820224719102,85.59,89.66,0.0023508994408934117
706,HINDUNILVR,2015-11-05,2015-12-04,0.04808988764044945,801.0,813.35,0.0007414608144314006
707,POWERGRID,2015-11-05,2015-12-04,0.04674157303370787,74.51,75.58,0.0006712318231924184
708,ACC,2015-11-05,2015-12-04,0.045393258426966294,1410.0,1340.0,-0.002253566021196908
709,WIPRO,2015-11-05,2015-12-04,0.044044943820224725,107.75,107.58,-6.949086263979841e-05
710,MARUTI,2015-11-05,2015-12-04,0.04269662921348315,4518.95,4610.0,0.0008602724283047275
711,GSKCONS,2015-11-05,2015-12-04,0.04134831460674157,6014.95,6001.0,-9.589589086593196e-05
712,ITC,2015-11-05,2015-12-04,0.04,222.666666666667,227.533333333333,0.0008742514970058655
713,PIDILITIND,2015-11-05,2015-12-04,0.038651685393258424,559.5,549.7,-0.0006770089666736922
714,OFSS,2015-11-05,2015-12-04,0.03730337078651685,4000.0,3830.0,-0.001585393258426966
715,CUB,2015-11-05,2015-12-04,0.03595505617977528,86.45,85.8,-0.0002703387682689894
716,HEROMOTOCO,2015-11-05,2015-12-04,0.0346067415730337,2617.85,2613.0,-6.411471116725951e-05
717,INDUSINDBK,2015-11-05,2015-12-04,0.03325842696629212,911.0,940.1,0.0010623712675292005
718,OIL,2015-11-05,2015-12-04,0.03191011235955055,134.75,127.05,-0.0018234349919743179
719,DABUR,2015-11-05,2015-12-04,0.030561797752808977,269.6,269.85,2.8339945987397046e-05
720,DRREDDY,2015-11-05,2015-12-04,0.0292134831460674,861.02,638.84,-0.007538328593288487
721,CARERATING,2015-11-05,2015-12-04,0.027865168539325826,1318.0,1299.0,-0.00040169818076418116
722,HAVELLS,2015-11-05,2015-12-04,0.026516853932584253,247.7,301.95,0.005807587104734339
723,NTPC,2015-11-05,2015-12-04,0.025168539325842676,135.0,133.1,-0.0003542238868081572
724,LT,2015-11-05,2015-12-04,0.023820224719101103,913.333333333333,893.7,-0.0005120478963339528
725,HDFCBANK,2015-12-08,2016-01-06,0.056179775280898896,530.5,528.325,-0.00023033178366814805
726,GRASIM,2015-12-08,2016-01-06,0.05483146067415732,752.06,731.8,-0.001477123358852255
727,TCS,2015-12-08,2016-01-06,0.05348314606741574,1159.7,1175.1,0.0007102185474158792
728,ACC,2015-12-08,2016-01-06,0.05213483146067417,1348.7,1348.0,-2.705893232184644e-05
729,HINDUNILVR,2015-12-08,2016-01-06,0.050786516853932595,831.9,850.0,0.0011049837180624848
730,COLPAL,2015-12-08,2016-01-06,0.04943820224719102,993.9,970.0,-0.0011888248653867232
731,BALKRISIND,2015-12-08,2016-01-06,0.04808988764044945,328.55,326.675,-0.00027444388776698436
732,KARURVYSYA,2015-12-08,2016-01-06,0.04674157303370787,89.21,97.22,0.004196838919403658
733,POWERGRID,2015-12-08,2016-01-06,0.045393258426966294,74.06,78.35,0.0026294501573276403
734,WIPRO,2015-12-08,2016-01-06,0.044044943820224725,107.93,104.7,-0.0013181244189690172
735,HEROMOTOCO,2015-12-08,2016-01-06,0.04269662921348315,2615.0,2604.2,-0.00017633789503083204
736,MARUTI,2015-12-08,2016-01-06,0.04134831460674157,4540.0,4592.0,0.0004735930307380092
737,GSKCONS,2015-12-08,2016-01-06,0.04,6100.0,6505.3,0.002657704918032788
738,PIDILITIND,2015-12-08,2016-01-06,0.038651685393258424,555.55,568.5,0.0009009797963148202
739,INDUSINDBK,2015-12-08,2016-01-06,0.03730337078651685,948.9,936.15,-0.000501230875253546
740,AIAENG,2015-12-08,2016-01-06,0.03595505617977528,880.6,877.0,-0.0001469886466581783
741,CARERATING,2015-12-08,2016-01-06,0.0346067415730337,1296.0,1280.5,-0.0004138923567762518
742,CUB,2015-12-08,2016-01-06,0.03325842696629212,87.85,90.95,0.0011736041388219222
743,OFSS,2015-12-08,2016-01-06,0.03191011235955055,3785.3,3783.95,-1.1380511897446662e-05
744,ITC,2015-12-08,2016-01-06,0.030561797752808977,207.333333333333,218.0,0.0015723111384082303
745,CASTROLIND,2015-12-08,2016-01-06,0.0292134831460674,219.225,223.875,0.0006196496596155255
746,DABUR,2015-12-08,2016-01-06,0.027865168539325826,275.3,276.3,0.00010121746654313776
747,LT,2015-12-08,2016-01-06,0.026516853932584253,891.966666666667,839.333333333333,-0.0015647114002597653
748,NTPC,2015-12-08,2016-01-06,0.025168539325842676,129.45,142.0,0.0024400553768970717
749,TITAN,2015-12-08,2016-01-06,0.023820224719101103,366.0,347.7,-0.001191011235955056
750,HDFCBANK,2016-01-05,2016-02-03,0.056179775280898896,535.1,522.25,-0.001349112525433661
751,GRASIM,2016-01-05,2016-02-03,0.05483146067415732,732.5,684.4,-0.0036005368715726527
752,KARURVYSYA,2016-01-05,2016-02-03,0.05348314606741574,97.04,91.95,-0.0028053298998675425
753,BALKRISIND,2016-01-05,2016-02-03,0.05213483146067417,325.0,305.75,-0.003087986171132239
754,TCS,2016-01-05,2016-02-03,0.050786516853932595,1192.5,1193.75,5.323534261418511e-05
755,ACC,2016-01-05,2016-02-03,0.04943820224719102,1345.0,1244.0,-0.003712459797000961
756,HINDUNILVR,2016-01-05,2016-02-03,0.04808988764044945,857.3,795.5,-0.0034666453472294106
757,WIPRO,2016-01-05,2016-02-03,0.04674157303370787,105.64,106.48,0.00037166718428923486
758,COLPAL,2016-01-05,2016-02-03,0.045393258426966294,974.0,850.0,-0.005779018526636366
759,POWERGRID,2016-01-05,2016-02-03,0.044044943820224725,79.74,81.32,0.0008727239934280787
760,PIDILITIND,2016-01-05,2016-02-03,0.04269662921348315,559.3,569.4,0.0007710279904455227
761,AIAENG,2016-01-05,2016-02-03,0.04134831460674157,894.95,839.0,-0.0025849915662854825
762,HEROMOTOCO,2016-01-05,2016-02-03,0.04,2642.5,2500.0,-0.0021570482497634815
763,MARUTI,2016-01-05,2016-02-03,0.038651685393258424,4599.95,3870.0,-0.006133500962577632
764,INDUSINDBK,2016-01-05,2016-02-03,0.03730337078651685,940.8,895.0,-0.0018160016815715028
765,CUB,2016-01-05,2016-02-03,0.03595505617977528,91.5,80.75,-0.004224227911831521
766,OFSS,2016-01-05,2016-02-03,0.0346067415730337,3727.0,3721.0,-5.57124897875509e-05
767,PERSISTENT,2016-01-05,2016-02-03,0.03325842696629212,650.0,660.0,0.0005116681071737249
768,ITC,2016-01-05,2016-02-03,0.03191011235955055,216.733333333333,214.5,-0.0003288184447999967
769,MARICO,2016-01-05,2016-02-03,0.030561797752808977,226.0,220.9,-0.0006896688873421487
770,LT,2016-01-05,2016-02-03,0.0292134831460674,841.866666666667,737.866666666667,-0.0036088876867172255
771,CASTROLIND,2016-01-05,2016-02-03,0.027865168539325826,221.475,205.1,-0.0020602421710417
772,GSKCONS,2016-01-05,2016-02-03,0.026516853932584253,6525.0,5880.2,-0.0026203934736751464
773,DABUR,2016-01-05,2016-02-03,0.025168539325842676,276.9,240.35,-0.003322174475838026
774,ULTRACEMCO,2016-01-05,2016-02-03,0.023820224719101103,2768.0,2755.0,-0.00011187244268363958
775,HDFCBANK,2016-02-04,2016-03-04,0.056179775280898896,524.0,507.725,-0.001744896646367611
776,BALKRISIND,2016-02-04,2016-03-04,0.05483146067415732,303.6,296.0,-0.0013725925596956418
777,GRASIM,2016-02-04,2016-03-04,0.05348314606741574,685.26,699.8,0.0011348173595718749
778,TCS,2016-02-04,2016-03-04,0.05213483146067417,1210.95,1190.0,-0.0009019569091218682
779,WIPRO,2016-02-04,2016-03-04,0.050786516853932595,105.32,102.42,-0.0013984133960919492
780,PIDILITIND,2016-02-04,2016-03-04,0.04943820224719102,574.9,607.6,0.0028120181135556596
781,ACC,2016-02-04,2016-03-04,0.04808988764044945,1255.25,1255.0,-9.577750973999093e-06
782,HINDUNILVR,2016-02-04,2016-03-04,0.04674157303370787,824.5,848.5,0.0013605794454930125
783,KARURVYSYA,2016-02-04,2016-03-04,0.045393258426966294,92.22,81.0,-0.005522797219155951
784,COLPAL,2016-02-04,2016-03-04,0.044044943820224725,852.9,836.95,-0.0008236802133105655
785,AIAENG,2016-02-04,2016-03-04,0.04269662921348315,810.0,823.0,0.0006852545429324456
786,HEROMOTOCO,2016-02-04,2016-03-04,0.04134831460674157,2490.25,2805.25,0.005230285754893522
787,SANOFI,2016-02-04,2016-03-04,0.04,2833.3,2929.73,0.0013613807221261403
788,ITC,2016-02-04,2016-03-04,0.038651685393258424,214.933333333333,213.333333333333,-0.0002877296679398884
789,OFSS,2016-02-04,2016-03-04,0.03730337078651685,3657.0,3333.0,-0.0033049746061885312
790,POWERGRID,2016-02-04,2016-03-04,0.03595505617977528,81.89,77.11,-0.0020987320617819744
791,INDUSINDBK,2016-02-04,2016-03-04,0.0346067415730337,912.0,898.8,-0.0005008870490833843
792,ULTRACEMCO,2016-02-04,2016-03-04,0.03325842696629212,2775.2,2949.0,0.002082846139644558
793,CASTROLIND,2016-02-04,2016-03-04,0.03191011235955055,204.5,184.45,-0.0031285953682591147
794,CUB,2016-02-04,2016-03-04,0.030561797752808977,81.5,89.95,0.0031686771903219136
795,PERSISTENT,2016-02-04,2016-03-04,0.0292134831460674,661.6,606.95,-0.0024131149545534806
796,INFY,2016-02-04,2016-03-04,0.027865168539325826,580.025,587.8,0.0003735212885535238
797,TECHM,2016-02-04,2016-03-04,0.026516853932584253,478.9,460.0,-0.0010464993512755102
798,MARICO,2016-02-04,2016-03-04,0.025168539325842676,224.7,240.1,0.0017249466204627387
799,BOSCHLTD,2016-02-04,2016-03-04,0.023820224719101103,16800.05,17430.0,0.0008931848751520238
800,GRASIM,2016-03-09,2016-04-07,0.056179775280898896,706.0,786.99,0.00644475920679887
801,HDFCBANK,2016-03-09,2016-04-07,0.05483146067415732,506.5,532.0,0.002760517763457081
802,WIPRO,2016-03-09,2016-04-07,0.05348314606741574,101.88,104.89,0.0015801361372489366
803,ACC,2016-03-09,2016-04-07,0.05213483146067417,1237.3,1425.0,0.007908920928771152
804,BALKRISIND,2016-03-09,2016-04-07,0.050786516853932595,299.95,311.325,0.0019259764267827416
805,TCS,2016-03-09,2016-04-07,0.04943820224719102,1170.5,1240.0,0.00293545925346414
806,AMBUJACEM,2016-03-09,2016-04-07,0.04808988764044945,201.8,229.05,0.006493802964332248
807,KARURVYSYA,2016-03-09,2016-04-07,0.04674157303370787,80.34,91.26,0.00635322351914476
808,COLPAL,2016-03-09,2016-04-07,0.045393258426966294,821.4,822.15,4.144746021454191e-05
809,PIDILITIND,2016-03-09,2016-04-07,0.044044943820224725,595.0,601.9,0.0005107732980832767
810,CIPLA,2016-03-09,2016-04-07,0.04269662921348315,533.85,505.75,-0.002247401481500192
811,HINDUNILVR,2016-03-09,2016-04-07,0.04134831460674157,826.55,870.0,0.0021735941802225192
812,INDUSINDBK,2016-03-09,2016-04-07,0.04,913.0,955.0,0.0018400876232201532
813,DABUR,2016-03-09,2016-04-07,0.038651685393258424,246.8,248.0,0.00018793364048585765
814,SANOFI,2016-03-09,2016-04-07,0.03730337078651685,2893.37,2831.27,-0.0008006370861115906
815,OFSS,2016-03-09,2016-04-07,0.03595505617977528,3435.1,3560.0,0.0013073233724939406
816,BIOCON,2016-03-09,2016-04-07,0.0346067415730337,79.1666666666667,88.675,0.0041564518036664505
817,MRF,2016-03-09,2016-04-07,0.03325842696629212,34640.0,36300.0,0.0015937929781768166
818,GSKCONS,2016-03-09,2016-04-07,0.03191011235955055,5600.0,5909.0,0.0017607544141252
819,CUB,2016-03-09,2016-04-07,0.030561797752808977,87.05,96.15,0.0031948576628439054
820,ULTRACEMCO,2016-03-09,2016-04-07,0.0292134831460674,2958.9,3200.0,0.002380401766371573
821,MARICO,2016-03-09,2016-04-07,0.027865168539325826,239.7,254.6,0.001732127706449541
822,KOTAKBANK,2016-03-09,2016-04-07,0.026516853932584253,649.95,667.0,0.0006956109847689211
823,DIVISLAB,2016-03-09,2016-04-07,0.025168539325842676,1022.75,1004.8,-0.0004417260140785893
824,HDFC,2016-03-09,2016-04-07,0.023820224719101103,1144.0,1100.0,-0.0009161624891961962
825,HDFCBANK,2016-04-05,2016-05-04,0.056179775280898896,534.5,558.75,0.002548848551097845
826,VIDEOIND,2016-04-05,2016-05-04,0.05483146067415732,107.5,106.8,-0.0003570420695061421
827,WIPRO,2016-04-05,2016-05-04,0.05348314606741574,106.44,101.97,-0.0022460509481524644
828,GRASIM,2016-04-05,2016-05-04,0.05213483146067417,773.78,827.6,0.003626220151998613
829,GLAXO,2016-04-05,2016-05-04,0.050786516853932595,1874.975,1819.975,-0.0014897576911512382
830,CRISIL,2016-04-05,2016-05-04,0.04943820224719102,1799.9,2001.0,0.005523652687321578
831,TCS,2016-04-05,2016-05-04,0.04808988764044945,1235.4,1236.95,6.033618734231379e-05
832,COLPAL,2016-04-05,2016-05-04,0.04674157303370787,838.0,849.9,0.0006637526480920317
833,ACC,2016-04-05,2016-05-04,0.045393258426966294,1405.0,1414.0,0.0002907753208844816
834,HINDUNILVR,2016-04-05,2016-05-04,0.044044943820224725,870.2,850.0,-0.0010224176800373952
835,INDUSINDBK,2016-04-05,2016-05-04,0.04269662921348315,959.8,1037.0,0.003434236065097834
836,CIPLA,2016-04-05,2016-05-04,0.04134831460674157,513.0,534.0,0.0016926210657730468
837,KOTAKBANK,2016-04-05,2016-05-04,0.04,684.0,706.05,0.0012894736842105237
838,PIDILITIND,2016-04-05,2016-05-04,0.038651685393258424,587.45,595.0,0.0004967575533561994
839,HCLTECH,2016-04-05,2016-05-04,0.03730337078651685,419.925,363.5,-0.005012425306017059
840,POWERGRID,2016-04-05,2016-05-04,0.03595505617977528,79.03,81.86,0.0012875213082217383
841,AMBUJACEM,2016-04-05,2016-05-04,0.0346067415730337,230.0,217.9,-0.0018206155349291633
842,GSKCONS,2016-04-05,2016-05-04,0.03325842696629212,6052.5,5824.0,-0.0012556052146712516
843,ULTRACEMCO,2016-04-05,2016-05-04,0.03191011235955055,3151.85,3172.0,0.00020400360551579123
844,DABUR,2016-04-05,2016-05-04,0.030561797752808977,249.0,288.05,0.00479292450701683
845,OFSS,2016-04-05,2016-05-04,0.0292134831460674,3535.0,3584.85,0.00041196382880663573
846,RAMCOCEM,2016-04-05,2016-05-04,0.027865168539325826,403.05,470.05,0.00463209599834966
847,SANOFI,2016-04-05,2016-05-04,0.026516853932584253,2752.57,2907.33,0.0014908788203775863
848,ASIANPAINT,2016-04-05,2016-05-04,0.025168539325842676,885.4,872.0,-0.0003809108052476748
849,PGHH,2016-04-05,2016-05-04,0.023820224719101103,6230.2,6400.1,0.0006495868799998861
850,VIDEOIND,2016-05-05,2016-06-03,0.056179775280898896,106.8,104.1,-0.0014202752177755354
851,HDFCBANK,2016-05-05,2016-06-03,0.05483146067415732,564.0,590.05,0.002532552394613113
852,GRASIM,2016-05-05,2016-06-03,0.05348314606741574,832.8,868.2,0.0022734190331250266
853,GLAXO,2016-05-05,2016-06-03,0.05213483146067417,1813.6,1766.475,-0.0013546834652537884
854,COLPAL,2016-05-05,2016-06-03,0.050786516853932595,847.0,862.0,0.0008994070281097863
855,WIPRO,2016-05-05,2016-06-03,0.04943820224719102,101.32,101.79,0.00022933236336538122
856,TCS,2016-05-05,2016-06-03,0.04808988764044945,1239.0,1325.7,0.003365127730772372
857,ACC,2016-05-05,2016-06-03,0.04674157303370787,1395.8,1553.5,0.0052809471753945654
858,OFSS,2016-05-05,2016-06-03,0.045393258426966294,3587.0,3431.05,-0.0019735373994104782
859,PGHH,2016-05-05,2016-06-03,0.044044943820224725,6410.0,6255.0,-0.0010650493435467756
860,ASIANPAINT,2016-05-05,2016-06-03,0.04269662921348315,874.1,1023.5,0.007297650617199841
861,HINDUNILVR,2016-05-05,2016-06-03,0.04134831460674157,859.0,872.0,0.0006257602909052857
862,POWERGRID,2016-05-05,2016-06-03,0.04,80.84,85.14,0.002127659574468084
863,KOTAKBANK,2016-05-05,2016-06-03,0.038651685393258424,713.9,750.0,0.001954511616047948
864,PIDILITIND,2016-05-05,2016-06-03,0.03730337078651685,592.35,715.35,0.00774595189793462
865,SANOFI,2016-05-05,2016-06-03,0.03595505617977528,2923.33,2850.67,-0.0008936707049913853
866,CIPLA,2016-05-05,2016-06-03,0.0346067415730337,535.5,470.5,-0.004200631563486817
867,INDUSINDBK,2016-05-05,2016-06-03,0.03325842696629212,1042.0,1130.0,0.0028087731027194884
868,DIVISLAB,2016-05-05,2016-06-03,0.03191011235955055,1060.0,1142.9,0.0024956116175535318
869,GSKCONS,2016-05-05,2016-06-03,0.030561797752808977,5858.7,5723.0,-0.0007078764837005091
870,PFIZER,2016-05-05,2016-06-03,0.0292134831460674,1771.0,1876.5,0.0017402724290853252
871,BAJAJ-AUTO,2016-05-05,2016-06-03,0.027865168539325826,2463.0,2595.6,0.0015001710711792942
872,HDFC,2016-05-05,2016-06-03,0.026516853932584253,1137.0,1266.0,0.003008508493670509
873,CASTROLIND,2016-05-05,2016-06-03,0.025168539325842676,194.7,188.425,-0.0008111586249083834
874,AMBUJACEM,2016-05-05,2016-06-03,0.023820224719101103,214.75,230.15,0.0017081790951066688
875,VIDEOIND,2016-06-07,2016-07-07,0.056179775280898896,103.1,104.5,0.000762867947558281
876,HDFCBANK,2016-06-07,2016-07-07,0.05483146067415732,588.475,583.95,-0.0004216192014113779
877,GRASIM,2016-06-07,2016-07-07,0.05348314606741574,865.24,908.98,0.0027037039538032976
878,GLAXO,2016-06-07,2016-07-07,0.05213483146067417,1766.475,1735.0,-0.0009289369055461951
879,COLPAL,2016-06-07,2016-07-07,0.050786516853932595,855.0,943.4,0.005250910046652211
880,WIPRO,2016-06-07,2016-07-07,0.04943820224719102,101.5,106.58,0.0024743454917805943
881,TCS,2016-06-07,2016-07-07,0.04808988764044945,1307.0,1243.85,-0.002323547363805958
882,PGHH,2016-06-07,2016-07-07,0.04674157303370787,6195.05,6324.95,0.0009800938389647599
883,ACC,2016-06-07,2016-07-07,0.045393258426966294,1526.15,1585.7,0.0017712338494419557
884,ASIANPAINT,2016-06-07,2016-07-07,0.044044943820224725,1025.35,989.35,-0.001546416323721739
885,HINDUNILVR,2016-06-07,2016-07-07,0.04269662921348315,884.0,890.0,0.00028979612588336974
886,POWERGRID,2016-06-07,2016-07-07,0.04134831460674157,84.46,91.02,0.0032115195811061427
887,OFSS,2016-06-07,2016-07-07,0.04,3439.0,3532.0,0.0010817097993602793
888,SANOFI,2016-06-07,2016-07-07,0.038651685393258424,2872.7,3074.67,0.0027174716813020555
889,CIPLA,2016-06-07,2016-07-07,0.03730337078651685,466.65,505.5,0.003105616532853703
890,KOTAKBANK,2016-06-07,2016-07-07,0.03595505617977528,770.0,741.0,-0.0013541514665110167
891,PFIZER,2016-06-07,2016-07-07,0.0346067415730337,1846.05,1930.0,0.0015737579995429055
892,INDUSINDBK,2016-06-07,2016-07-07,0.03325842696629212,1126.5,1115.0,-0.0003395223347646333
893,AMBUJACEM,2016-06-07,2016-07-07,0.03191011235955055,230.0,255.0,0.003468490473864191
894,PIDILITIND,2016-06-07,2016-07-07,0.030561797752808977,711.9,712.5,2.5757941637429527e-05
895,HCLTECH,2016-06-07,2016-07-07,0.0292134831460674,364.0,370.5,0.0005216693418940607
896,GSKCONS,2016-06-07,2016-07-07,0.027865168539325826,5689.9,6212.3,0.002558351472775238
897,OIL,2016-06-07,2016-07-07,0.026516853932584253,117.01,124.66,0.0017336461207099333
898,INFY,2016-06-07,2016-07-07,0.025168539325842676,633.5,584.35,-0.0019526972499844782
899,MRF,2016-06-07,2016-07-07,0.023820224719101103,33400.0,34944.9,0.0011017923703155487
900,VIDEOIND,2016-07-05,2016-08-03,0.056179775280898896,105.75,104.0,-0.0009296889526389888
901,HDFCBANK,2016-07-05,2016-08-03,0.05483146067415732,586.4,620.55,0.0031932032435581024
902,GRASIM,2016-07-05,2016-08-03,0.05348314606741574,917.2,999.0,0.004769866275964462
903,GLAXO,2016-07-05,2016-08-03,0.05213483146067417,1751.55,1599.775,-0.004517578170730961
904,COLPAL,2016-07-05,2016-08-03,0.050786516853932595,920.0,969.85,0.002751856375183197
905,WIPRO,2016-07-05,2016-08-03,0.04943820224719102,105.57,103.01,-0.001198842452901472
906,PGHH,2016-07-05,2016-08-03,0.04808988764044945,6302.05,6502.0,0.0015257849483434531
907,ACC,2016-07-05,2016-08-03,0.04674157303370787,1612.7,1672.7,0.0017390056315635099
908,ASIANPAINT,2016-07-05,2016-08-03,0.045393258426966294,1003.0,1132.45,0.005858581558694705
909,OFSS,2016-07-05,2016-08-03,0.044044943820224725,3466.0,3615.15,0.0018953558484669712
910,TCS,2016-07-05,2016-08-03,0.04269662921348315,1247.1,1343.0,0.003283302655419002
911,GSKCONS,2016-07-05,2016-08-03,0.04134831460674157,6157.95,6259.95,0.0006848915775359723
912,POWERGRID,2016-07-05,2016-08-03,0.04,93.45,101.19,0.0033130016051364348
913,OIL,2016-07-05,2016-08-03,0.038651685393258424,124.48,124.63,4.6575777707169294e-05
914,INDUSINDBK,2016-07-05,2016-08-03,0.03730337078651685,1100.0,1183.1,0.0028181001021450425
915,KOTAKBANK,2016-07-05,2016-08-03,0.03595505617977528,744.45,759.0,0.0007027282791533732
916,HINDUNILVR,2016-07-05,2016-08-03,0.0346067415730337,895.2,926.8,0.001221596328985547
917,RELIANCE,2016-07-05,2016-08-03,0.03325842696629212,246.53,253.6,0.0009537868764518926
918,BAJAJ-AUTO,2016-07-05,2016-08-03,0.03191011235955055,2645.0,2743.1,0.0011835092712559193
919,PIDILITIND,2016-07-05,2016-08-03,0.030561797752808977,719.8,740.3,0.0008704040760385998
920,SANOFI,2016-07-05,2016-08-03,0.0292134831460674,3128.4,3036.0,-0.0008628454937657045
921,CIPLA,2016-07-05,2016-08-03,0.027865168539325826,510.2,517.0,0.0003713899374116345
922,PFIZER,2016-07-05,2016-08-03,0.026516853932584253,1937.95,1981.0,0.0005890505749878742
923,INFY,2016-07-05,2016-08-03,0.025168539325842676,592.5,542.825,-0.002110121841369171
924,AMBUJACEM,2016-07-05,2016-08-03,0.023820224719101103,252.6,265.2,0.0011881822306439975
925,VIDEOIND,2016-08-04,2016-09-02,0.056179775280898896,105.15,104.55,-0.00032056933113209525
926,HDFCBANK,2016-08-04,2016-09-02,0.05483146067415732,623.3,642.75,0.0017110090006615794
927,GRASIM,2016-08-04,2016-09-02,0.05348314606741574,995.4,925.6,-0.0037503753219867556
928,GLAXO,2016-08-04,2016-09-02,0.05213483146067417,1571.0,1500.0,-0.002356189073015828
929,COLPAL,2016-08-04,2016-09-02,0.050786516853932595,945.0,950.3,0.0002848344331490375
930,RELIANCE,2016-08-04,2016-09-02,0.04943820224719102,249.75,257.77,0.0015875650931830674
931,PGHH,2016-08-04,2016-09-02,0.04808988764044945,6407.15,6507.1,0.0007501906884750565
932,WIPRO,2016-08-04,2016-09-02,0.04674157303370787,102.97,90.98,-0.00544266738539533
933,OIL,2016-08-04,2016-09-02,0.045393258426966294,122.81,128.22,0.0019996541657022024
934,APOLLOHOSP,2016-08-04,2016-09-02,0.044044943820224725,1341.0,1358.0,0.0005583624496225357
935,HINDUNILVR,2016-08-04,2016-09-02,0.04269662921348315,922.0,923.5,6.946306271174047e-05
936,ACC,2016-08-04,2016-09-02,0.04134831460674157,1679.9,1690.3,0.00025598099405328093
937,INDUSINDBK,2016-08-04,2016-09-02,0.04,1183.4,1184.7,4.394118641203158e-05
938,CIPLA,2016-08-04,2016-09-02,0.038651685393258424,531.2,580.3,0.0035726614322458303
939,GSKCONS,2016-08-04,2016-09-02,0.03730337078651685,6218.0,6260.45,0.0002546683965724724
940,BAJAJ-AUTO,2016-08-04,2016-09-02,0.03595505617977528,2738.0,2970.05,0.0030472501046445795
941,POWERGRID,2016-08-04,2016-09-02,0.0346067415730337,99.95,104.33,0.0015165335476727108
942,KOTAKBANK,2016-08-04,2016-09-02,0.03325842696629212,759.75,812.0,0.00228726924513164
943,OFSS,2016-08-04,2016-09-02,0.03191011235955055,3614.95,3451.9,-0.0014392851409354788
944,SANOFI,2016-08-04,2016-09-02,0.030561797752808977,3021.07,2999.97,-0.00021345216515482278
945,ASIANPAINT,2016-08-04,2016-09-02,0.0292134831460674,1152.05,1158.95,0.00017496899761978014
946,PFIZER,2016-08-04,2016-09-02,0.027865168539325826,1985.0,1965.0,-0.0002807573656355247
947,AMBUJACEM,2016-08-04,2016-09-02,0.026516853932584253,265.9,275.1,0.0009174691845798284
948,PIDILITIND,2016-08-04,2016-09-02,0.025168539325842676,723.5,698.0,-0.0008870736044353673
949,TCS,2016-08-04,2016-09-02,0.023820224719101103,1335.0,1256.0,-0.0014095863316921252
950,VIDEOIND,2016-09-07,2016-10-06,0.056179775280898896,104.6,105.15,0.00029540034803532536
951,HDFCBANK,2016-09-07,2016-10-06,0.05483146067415732,650.5,643.55,-0.0005858242147354279
952,GLAXO,2016-09-07,2016-10-06,0.05348314606741574,1512.4,1448.975,-0.002242904350255126
953,RELIANCE,2016-09-07,2016-10-06,0.05213483146067417,255.5,273.0,0.003570878867169464
954,OFSS,2016-09-07,2016-10-06,0.050786516853932595,3459.95,3310.0,-0.002201025506798417
955,OIL,2016-09-07,2016-10-06,0.04943820224719102,131.16,138.35,0.00271013017808252
956,KOTAKBANK,2016-09-07,2016-10-06,0.04808988764044945,818.85,782.0,-0.002164147718813657
957,POWERGRID,2016-09-07,2016-10-06,0.04674157303370787,105.21,102.49,-0.001208412495501239
958,HINDUNILVR,2016-09-07,2016-10-06,0.045393258426966294,937.0,874.0,-0.0030520547288141694
959,INDUSINDBK,2016-09-07,2016-10-06,0.044044943820224725,1238.9,1215.0,-0.0008496845244195454
960,PGHH,2016-09-07,2016-10-06,0.04269662921348315,6654.0,7156.0,0.003221176414963712
961,WIPRO,2016-09-07,2016-10-06,0.04134831460674157,91.69,90.23,-0.0006583982912623234
962,APOLLOHOSP,2016-09-07,2016-10-06,0.04,1410.0,1345.0,-0.001843971631205674
963,BAJAJ-AUTO,2016-09-07,2016-10-06,0.038651685393258424,3020.0,2869.05,-0.0019319443410968054
964,PIDILITIND,2016-09-07,2016-10-06,0.03730337078651685,722.95,731.5,0.00044116995673935586
965,SANOFI,2016-09-07,2016-10-06,0.03595505617977528,2995.33,2786.67,-0.0025046929795621534
966,PFIZER,2016-09-07,2016-10-06,0.0346067415730337,1997.95,1931.5,-0.0011509887522350864
967,COLPAL,2016-09-07,2016-10-06,0.03325842696629212,976.35,979.2,9.708251841443469e-05
968,GSKCONS,2016-09-07,2016-10-06,0.03191011235955055,6287.85,6180.2,-0.0005463113139635383
969,HEROMOTOCO,2016-09-07,2016-10-06,0.030561797752808977,3618.45,3509.0,-0.0009244258630200602
970,TATACONSUM,2016-09-07,2016-10-06,0.0292134831460674,141.75,153.95,0.002514317420684458
971,ACC,2016-09-07,2016-10-06,0.027865168539325826,1701.0,1642.0,-0.000966516721822589
972,M&M,2016-09-07,2016-10-06,0.026516853932584253,747.5,703.95,-0.0015448949682462113
973,TCS,2016-09-07,2016-10-06,0.025168539325842676,1249.85,1197.5,-0.0010541849291577884
974,ASIANPAINT,2016-09-07,2016-10-06,0.023820224719101103,1208.0,1210.1,4.140933105141568e-05
975,HDFCBANK,2016-10-05,2016-11-03,0.056179775280898896,649.0,622.5,-0.0022939353543048086
976,PFIZER,2016-10-05,2016-11-03,0.05483146067415732,1909.15,1802.65,-0.0030587175244468764
977,GLAXO,2016-10-05,2016-11-03,0.05348314606741574,1417.5,1411.0,-0.0002452489943126648
978,PGHH,2016-10-05,2016-11-03,0.05213483146067417,6925.0,7112.9,0.0014146043077921527
979,RELIANCE,2016-10-05,2016-11-03,0.050786516853932595,276.0,255.96,-0.0036875427454811914
980,KOTAKBANK,2016-10-05,2016-11-03,0.04943820224719102,794.8,803.7,0.0005535983895319635
981,OFSS,2016-10-05,2016-11-03,0.04808988764044945,3330.15,3199.0,-0.001893905308783373
982,HINDUNILVR,2016-10-05,2016-11-03,0.04674157303370787,865.0,838.15,-0.0014508800415665402
983,COLPAL,2016-10-05,2016-11-03,0.045393258426966294,979.95,956.0,-0.0011094122550393843
984,SANOFI,2016-10-05,2016-11-03,0.044044943820224725,2791.63,2856.53,0.0010239597847610852
985,OIL,2016-10-05,2016-11-03,0.04269662921348315,138.7,136.74,-0.0006033553947975927
986,WIPRO,2016-10-05,2016-11-03,0.04134831460674157,90.56,86.09,-0.0020409338150633254
987,COALINDIA,2016-10-05,2016-11-03,0.04,322.1,327.8,0.0007078547035082258
988,INDUSINDBK,2016-10-05,2016-11-03,0.038651685393258424,1229.1,1217.0,-0.00038051044931935844
989,APOLLOHOSP,2016-10-05,2016-11-03,0.03730337078651685,1361.9,1299.9,-0.0016982223281915296
990,POWERGRID,2016-10-05,2016-11-03,0.03595505617977528,102.41,99.02,-0.0011901927590024237
991,GSKCONS,2016-10-05,2016-11-03,0.0346067415730337,6198.2,5918.55,-0.0015613848021843217
992,ASIANPAINT,2016-10-05,2016-11-03,0.03325842696629212,1188.0,1058.3,-0.0036309915635758336
993,ABB,2016-10-05,2016-11-03,0.03191011235955055,1180.8,1088.0,-0.002507840808745164
994,M&M,2016-10-05,2016-11-03,0.030561797752808977,712.95,680.525,-0.0013899520192647914
995,ACC,2016-10-05,2016-11-03,0.0292134831460674,1640.0,1488.25,-0.0027031378459852
996,KARURVYSYA,2016-10-05,2016-11-03,0.027865168539325826,96.2,94.41,-0.0005184891027587672
997,HDFC,2016-10-05,2016-11-03,0.026516853932584253,1435.0,1400.9,-0.0006301217554711641
998,BAJAJ-AUTO,2016-10-05,2016-11-03,0.025168539325842676,2900.0,2810.0,-0.0007810925997675314
999,SUNPHARMA,2016-10-05,2016-11-03,0.023820224719101103,768.5,714.0,-0.0016892677256877167
1000,HDFCBANK,2016-11-08,2016-12-07,0.056179775280898896,625.55,600.925,-0.002211536993513125
1001,PFIZER,2016-11-08,2016-12-07,0.05483146067415732,1810.0,1879.95,0.0021190390464957496
1002,GLAXO,2016-11-08,2016-12-07,0.05348314606741574,1405.975,1385.5,-0.0007788669184945198
1003,WIPRO,2016-11-08,2016-12-07,0.05213483146067417,85.15,86.17,0.0006245158906622131
1004,PGHH,2016-11-08,2016-12-07,0.050786516853932595,6959.65,6723.95,-0.0017199689671854052
1005,KOTAKBANK,2016-11-08,2016-12-07,0.04943820224719102,802.8,735.55,-0.004141403962535621
1006,OFSS,2016-11-08,2016-12-07,0.04808988764044945,3198.0,3049.0,-0.0022405857593580263
1007,SANOFI,2016-11-08,2016-12-07,0.04674157303370787,2866.67,2826.77,-0.0006505767193450757
1008,OIL,2016-11-08,2016-12-07,0.045393258426966294,136.31,146.03,0.003236904643167136
1009,HINDUNILVR,2016-11-08,2016-12-07,0.044044943820224725,838.45,839.85,7.354394579082069e-05
1010,M&M,2016-11-08,2016-12-07,0.04269662921348315,692.0,591.45,-0.006203968305514058
1011,RELIANCE,2016-11-08,2016-12-07,0.04134831460674157,251.43,251.0,-7.07146135341811e-05
1012,ABB,2016-11-08,2016-12-07,0.04,1106.8,1049.3,-0.002078062883989881
1013,INDUSINDBK,2016-11-08,2016-12-07,0.038651685393258424,1217.9,1086.0,-0.0041860229110524585
1014,COALINDIA,2016-11-08,2016-12-07,0.03730337078651685,319.3,306.65,-0.0014778817427166908
1015,BAJAJ-AUTO,2016-11-08,2016-12-07,0.03595505617977528,2834.0,2736.3,-0.0012395232846732667
1016,POWERGRID,2016-11-08,2016-12-07,0.0346067415730337,98.51,104.42,0.0020761937132943767
1017,APLLTD,2016-11-08,2016-12-07,0.03325842696629212,662.05,636.85,-0.0012659351401715269
1018,DABUR,2016-11-08,2016-12-07,0.03191011235955055,299.6,278.4,-0.0022579919293139955
1019,DIVISLAB,2016-11-08,2016-12-07,0.030561797752808977,1266.9,1162.0,-0.0025305332577706717
1020,MARUTI,2016-11-08,2016-12-07,0.0292134831460674,5727.8,5150.95,-0.002942106524810397
1021,APOLLOHOSP,2016-11-08,2016-12-07,0.027865168539325826,1284.95,1221.1,-0.0013846383215190925
1022,COLPAL,2016-11-08,2016-12-07,0.026516853932584253,978.0,927.0,-0.0013827807265458045
1023,INFY,2016-11-08,2016-12-07,0.025168539325842676,493.45,484.0,-0.00048199958785938394
1024,ACC,2016-11-08,2016-12-07,0.023820224719101103,1491.9,1352.25,-0.002229703319272385
1025,HDFCBANK,2016-12-06,2017-01-04,0.056179775280898896,597.5,594.925,-0.0002421136758967652
1026,PFIZER,2016-12-06,2017-01-04,0.05483146067415732,1874.0,1819.9,-0.001582914633122682
1027,ABB,2016-12-06,2017-01-04,0.05348314606741574,1059.75,1054.0,-0.0002901892803846573
1028,WIPRO,2016-12-06,2017-01-04,0.05213483146067417,85.71,87.78,0.0012591191357320724
1029,GLAXO,2016-12-06,2017-01-04,0.050786516853932595,1389.975,1372.975,-0.0006211412338472664
1030,HINDUNILVR,2016-12-06,2017-01-04,0.04943820224719102,845.4,829.85,-0.0009093494735554981
1031,KOTAKBANK,2016-12-06,2017-01-04,0.04808988764044945,731.0,713.0,-0.0011841559200110672
1032,RELIANCE,2016-12-06,2017-01-04,0.04674157303370787,249.0,273.23,0.0045483868056495685
1033,PGHH,2016-12-06,2017-01-04,0.045393258426966294,6720.1,6935.75,0.0014566831118250122
1034,OFSS,2016-12-06,2017-01-04,0.044044943820224725,3010.1,3180.6,0.0024948217405894543
1035,SANOFI,2016-12-06,2017-01-04,0.04269662921348315,2863.9,2897.97,0.0005079346895154713
1036,OIL,2016-12-06,2017-01-04,0.04134831460674157,146.45,154.4,0.0022445824590208003
1037,BAJAJ-AUTO,2016-12-06,2017-01-04,0.04,2745.3,2625.2,-0.001749899828798315
1038,COALINDIA,2016-12-06,2017-01-04,0.038651685393258424,306.55,306.0,-6.934733963886013e-05
1039,DIVISLAB,2016-12-06,2017-01-04,0.03730337078651685,1136.0,781.4,-0.011644168381072953
1040,DABUR,2016-12-06,2017-01-04,0.03595505617977528,285.0,275.1,-0.0012489651094027172
1041,LT,2016-12-06,2017-01-04,0.0346067415730337,905.433333333333,916.666666666667,0.000429351393811912
1042,APLLTD,2016-12-06,2017-01-04,0.03325842696629212,630.4,605.0,-0.0013400444875377843
1043,ITC,2016-12-06,2017-01-04,0.03191011235955055,233.0,242.85,0.001348989728504604
1044,PIDILITIND,2016-12-06,2017-01-04,0.030561797752808977,637.85,606.9,-0.0014829311600681025
1045,COLPAL,2016-12-06,2017-01-04,0.0292134831460674,923.0,899.5,-0.0007437885741414776
1046,M&M,2016-12-06,2017-01-04,0.027865168539325826,593.0,611.325,0.0008610947950811924
1047,SIEMENS,2016-12-06,2017-01-04,0.026516853932584253,1092.45,1108.0,0.00037744251787421294
1048,INFY,2016-12-06,2017-01-04,0.025168539325842676,480.9,497.525,0.0008700914250200344
1049,GSKCONS,2016-12-06,2017-01-04,0.023820224719101103,5002.0,5089.95,0.0004188302207206993
1050,HDFCBANK,2017-01-05,2017-02-03,0.056179775280898896,594.5,649.5,0.005197456081496113
1051,ABB,2017-01-05,2017-02-03,0.05483146067415732,1049.7,1118.95,0.003617298896527955
1052,PFIZER,2017-01-05,2017-02-03,0.05348314606741574,1836.0,1791.0,-0.001310861423220974
1053,HINDUNILVR,2017-01-05,2017-02-03,0.05213483146067417,824.9,845.0,0.001270348057170023
1054,GLAXO,2017-01-05,2017-02-03,0.050786516853932595,1365.025,1343.425,-0.0008036400535118045
1055,SANOFI,2017-01-05,2017-02-03,0.04943820224719102,2822.0,2730.03,-0.0016112088804656796
1056,KOTAKBANK,2017-01-05,2017-02-03,0.04808988764044945,702.85,769.5,0.004560277457830198
1057,OIL,2017-01-05,2017-02-03,0.04674157303370787,152.7,152.84,4.2854094464438726e-05
1058,WIPRO,2017-01-05,2017-02-03,0.045393258426966294,89.68,85.71,-0.002009491926349875
1059,RELIANCE,2017-01-05,2017-02-03,0.044044943820224725,267.75,261.5,-0.0010281266064478226
1060,OFSS,2017-01-05,2017-02-03,0.04269662921348315,3236.35,3526.1,0.003822623731860504
1061,LT,2017-01-05,2017-02-03,0.04134831460674157,921.5,984.333333333333,0.002819373233268493
1062,APLLTD,2017-01-05,2017-02-03,0.04,610.0,555.0,-0.0036065573770491808
1063,PGHH,2017-01-05,2017-02-03,0.038651685393258424,6947.95,6981.5,0.00018663980669749022
1064,NTPC,2017-01-05,2017-02-03,0.03730337078651685,164.05,172.5,0.0019214476266142453
1065,COALINDIA,2017-01-05,2017-02-03,0.03595505617977528,307.1,320.45,0.0015630087919244503
1066,COLPAL,2017-01-05,2017-02-03,0.0346067415730337,898.1,906.0,0.00030441293667405125
1067,DABUR,2017-01-05,2017-02-03,0.03325842696629212,278.15,275.4,-0.0003288178110994188
1068,INFY,2017-01-05,2017-02-03,0.03191011235955055,500.8,466.9,-0.002160049538715585
1069,GSKCONS,2017-01-05,2017-02-03,0.030561797752808977,5096.0,5139.9,0.0002632776533258051
1070,BAJAJ-AUTO,2017-01-05,2017-02-03,0.0292134831460674,2694.0,2792.15,0.0010643293878197914
1071,ITC,2017-01-05,2017-02-03,0.027865168539325826,244.5,274.0,0.0033620550998368585
1072,HCLTECH,2017-01-05,2017-02-03,0.026516853932584253,430.0,412.5,-0.0010791742879540103
1073,TCS,2017-01-05,2017-02-03,0.025168539325842676,1192.0,1104.85,-0.001840132720006033
1074,RAJESHEXPO,2017-01-05,2017-02-03,0.023820224719101103,491.3,499.5,0.000397569392828473
1075,HDFCBANK,2017-02-07,2017-03-08,0.056179775280898896,658.0,693.95,0.0030693965370035227
1076,PFIZER,2017-02-07,2017-03-08,0.05483146067415732,1779.0,1752.6,-0.0008136877806620338
1077,GLAXO,2017-02-07,2017-03-08,0.05348314606741574,1371.375,1347.85,-0.000917466784239147
1078,HINDUNILVR,2017-02-07,2017-03-08,0.05213483146067417,863.0,870.0,0.00042287812308773956
1079,WIPRO,2017-02-07,2017-03-08,0.050786516853932595,86.84,92.98,0.00359084769096207
1080,SANOFI,2017-02-07,2017-03-08,0.04943820224719102,2759.33,2866.6,0.0019219288577503161
1081,COLPAL,2017-02-07,2017-03-08,0.04808988764044945,897.0,933.1,0.0019353901268898842
1082,RELIANCE,2017-02-07,2017-03-08,0.04674157303370787,260.5,326.93,0.011919549699152454
1083,LT,2017-02-07,2017-03-08,0.045393258426966294,986.8,989.6,0.00012880130076561484
1084,INFY,2017-02-07,2017-03-08,0.044044943820224725,466.5,508.45,0.003960740392836928
1085,PGHH,2017-02-07,2017-03-08,0.04269662921348315,7071.0,6920.6,-0.0009081562768643545
1086,DRREDDY,2017-02-07,2017-03-08,0.04134831460674157,619.0,569.8,-0.003286489626254745
1087,OFSS,2017-02-07,2017-03-08,0.04,3660.0,3759.2,0.001084153005464479
1088,APLLTD,2017-02-07,2017-03-08,0.038651685393258424,556.0,586.05,0.002088998464150025
1089,GSKCONS,2017-02-07,2017-03-08,0.03730337078651685,5121.7,5215.0,0.0006795408740031686
1090,OIL,2017-02-07,2017-03-08,0.03595505617977528,155.47,148.91,-0.0015171104942389266
1091,KOTAKBANK,2017-02-07,2017-03-08,0.0346067415730337,769.0,823.05,0.0024323724083517165
1092,BAJAJ-AUTO,2017-02-07,2017-03-08,0.03325842696629212,2802.0,2880.4,0.0009305712612981105
1093,KARURVYSYA,2017-02-07,2017-03-08,0.03191011235955055,88.85,99.0,0.003645330787275614
1094,DABUR,2017-02-07,2017-03-08,0.030561797752808977,270.0,277.0,0.0007923429047024549
1095,PERSISTENT,2017-02-07,2017-03-08,0.0292134831460674,600.0,616.35,0.0007960674157303378
1096,COALINDIA,2017-02-07,2017-03-08,0.027865168539325826,326.0,325.0,-8.54759771144964e-05
1097,POWERGRID,2017-02-07,2017-03-08,0.026516853932584253,114.0,110.41,-0.00083504829489454
1098,RAJESHEXPO,2017-02-07,2017-03-08,0.025168539325842676,505.0,534.0,0.0014453220602959162
1099,ITC,2017-02-07,2017-03-08,0.023820224719101103,278.6,264.45,-0.0012098211765085476
1100,GLAXO,2017-03-07,2017-04-05,0.056179775280898896,1350.0,1369.5,0.0008114856429463173
1101,HDFCBANK,2017-03-07,2017-04-05,0.05483146067415732,691.125,717.625,0.0021024180978334874
1102,PFIZER,2017-03-07,2017-04-05,0.05348314606741574,1740.0,1935.0,0.0059938008523827985
1103,HINDUNILVR,2017-03-07,2017-04-05,0.05213483146067417,874.1,918.15,0.002627318757399262
1104,WIPRO,2017-03-07,2017-04-05,0.050786516853932595,92.76,95.11,0.0012866355606591343
1105,PGHH,2017-03-07,2017-04-05,0.04943820224719102,7011.95,7386.8,0.002642903915795117
1106,COLPAL,2017-03-07,2017-04-05,0.04808988764044945,911.5,1007.75,0.005078059994945978
1107,SANOFI,2017-03-07,2017-04-05,0.04674157303370787,2812.03,3180.0,0.006116398697458234
1108,LT,2017-03-07,2017-04-05,0.045393258426966294,989.333333333333,1107.33333333333,0.005414155486235065
1109,INFY,2017-03-07,2017-04-05,0.044044943820224725,511.0,502.5,-0.0007326458365399416
1110,KOTAKBANK,2017-03-07,2017-04-05,0.04269662921348315,820.0,880.0,0.0031241436009865715
1111,GSKCONS,2017-03-07,2017-04-05,0.04134831460674157,5209.9,5197.65,-9.722199157998893e-05
1112,DRREDDY,2017-03-07,2017-04-05,0.04,573.8,549.0,-0.0017288253746950127
1113,OIL,2017-03-07,2017-04-05,0.038651685393258424,151.11,147.02,-0.0010461610301001063
1114,BAJAJ-AUTO,2017-03-07,2017-04-05,0.03730337078651685,2885.4,2786.5,-0.0012786107197568862
1115,OFSS,2017-03-07,2017-04-05,0.03595505617977528,3749.9,3790.0,0.0003844896538064976
1116,RAJESHEXPO,2017-03-07,2017-04-05,0.0346067415730337,533.8,599.65,0.004269115647404028
1117,DABUR,2017-03-07,2017-04-05,0.03325842696629212,278.2,280.7,0.00029887155792857767
1118,PERSISTENT,2017-03-07,2017-04-05,0.03191011235955055,624.05,587.95,-0.001845933909429969
1119,HCLTECH,2017-03-07,2017-04-05,0.030561797752808977,430.85,434.5,0.0002589081160444518
1120,BRITANNIA,2017-03-07,2017-04-05,0.0292134831460674,1552.5,1698.5,0.002747290524525501
1121,POWERGRID,2017-03-07,2017-04-05,0.027865168539325826,109.98,111.28,0.00032937551464924073
1122,CRISIL,2017-03-07,2017-04-05,0.026516853932584253,2004.0,1939.95,-0.000847507232725559
1123,APLLTD,2017-03-07,2017-04-05,0.025168539325842676,588.85,620.0,0.0013314086779315595
1124,COALINDIA,2017-03-07,2017-04-05,0.023820224719101103,325.0,296.8,-0.002066862575626618
1125,GLAXO,2017-04-06,2017-05-05,0.056179775280898896,1373.35,1234.0,-0.005700405348522414
1126,HDFCBANK,2017-04-06,2017-05-05,0.05483146067415732,715.75,771.05,0.004236367132771076
1127,HINDUNILVR,2017-04-06,2017-05-05,0.05348314606741574,930.85,953.5,0.0013013839592060648
1128,WIPRO,2017-04-06,2017-05-05,0.05213483146067417,95.32,93.93,-0.0007602540466883801
1129,COLPAL,2017-04-06,2017-05-05,0.050786516853932595,1003.9,1044.8,0.002069099053019068
1130,PGHH,2017-04-06,2017-05-05,0.04943820224719102,7357.05,7400.45,0.00029164107591059897
1131,SANOFI,2017-04-06,2017-05-05,0.04808988764044945,3189.5,2799.97,-0.005873163170586075
1132,BAJAJ-AUTO,2017-04-06,2017-05-05,0.04674157303370787,2787.85,2939.85,0.0025484581670906243
1133,UBL,2017-04-06,2017-05-05,0.045393258426966294,763.95,789.5,0.001518159241846962
1134,LT,2017-04-06,2017-05-05,0.044044943820224725,1123.33333333333,1153.33333333333,0.0011762744640416132
1135,KOTAKBANK,2017-04-06,2017-05-05,0.04269662921348315,885.0,908.95,0.0011554624515965235
1136,CRISIL,2017-04-06,2017-05-05,0.04134831460674157,1968.0,1911.3,-0.0011912852836393542
1137,INFY,2017-04-06,2017-05-05,0.04,499.075,468.0,-0.002490607624104593
1138,ONGC,2017-04-06,2017-05-05,0.038651685393258424,186.0,188.5,0.0005195119004470218
1139,RAJESHEXPO,2017-04-06,2017-05-05,0.03730337078651685,604.3,619.5,0.0009382942842215088
1140,BRITANNIA,2017-04-06,2017-05-05,0.03595505617977528,1687.95,1796.05,0.0023026402281072925
1141,POWERGRID,2017-04-06,2017-05-05,0.0346067415730337,111.03,119.85,0.0027490899817540935
1142,OIL,2017-04-06,2017-05-05,0.03325842696629212,147.64,147.11,-0.00011939153543845788
1143,GSKCONS,2017-04-06,2017-05-05,0.03191011235955055,5238.0,5122.25,-0.0007051537811412708
1144,DABUR,2017-04-06,2017-05-05,0.030561797752808977,283.7,277.0,-0.0007217625835171654
1145,OFSS,2017-04-06,2017-05-05,0.0292134831460674,3857.0,3749.0,-0.0008180078246759863
1146,LTTS,2017-04-06,2017-05-05,0.027865168539325826,795.0,775.55,-0.000681732739735709
1147,VAKRANGEE,2017-04-06,2017-05-05,0.026516853932584253,164.95,174.175,0.0014829825858023058
1148,CIPLA,2017-04-06,2017-05-05,0.025168539325842676,591.5,549.0,-0.001808390399574495
1149,IGL,2017-04-06,2017-05-05,0.023820224719101103,101.17,104.9,0.0008782192171814491
1150,GLAXO,2017-05-09,2017-06-07,0.056179775280898896,1219.0,1234.0,0.0006913015826197568
1151,HDFCBANK,2017-05-09,2017-06-07,0.05483146067415732,767.4,820.2,0.003772610273124199
1152,WIPRO,2017-05-09,2017-06-07,0.05348314606741574,94.74,105.3,0.005961389302004543
1153,HINDUNILVR,2017-05-09,2017-06-07,0.05213483146067417,957.0,1105.2,0.008073544433095
1154,COLPAL,2017-05-09,2017-06-07,0.050786516853932595,996.8,1030.05,0.0016940727180911504
1155,BAJAJ-AUTO,2017-05-09,2017-06-07,0.04943820224719102,2864.25,2852.0,-0.00021144033430325215
1156,LT,2017-05-09,2017-06-07,0.04808988764044945,1141.33333333333,1182.66666666667,0.0017415730337081452
1157,ONGC,2017-05-09,2017-06-07,0.04674157303370787,186.9,171.5,-0.0038513655683205
1158,RAJESHEXPO,2017-05-09,2017-06-07,0.045393258426966294,625.0,650.0,0.0018157303370786519
1159,UBL,2017-05-09,2017-06-07,0.044044943820224725,782.25,812.95,0.0017285775331171633
1160,PGHH,2017-05-09,2017-06-07,0.04269662921348315,7850.0,7765.0,-0.0004623201889358048
1161,DABUR,2017-05-09,2017-06-07,0.04134831460674157,274.0,283.5,0.0014336094480439595
1162,GSKCONS,2017-05-09,2017-06-07,0.04,5199.25,5328.9,0.0009974515555128116
1163,DRREDDY,2017-05-09,2017-06-07,0.038651685393258424,520.6,507.6,-0.0009651784673691115
1164,CRISIL,2017-05-09,2017-06-07,0.03730337078651685,1908.0,1900.0,-0.00015640826325583583
1165,SANOFI,2017-05-09,2017-06-07,0.03595505617977528,2774.37,2740.0,-0.00044542554918733715
1166,KOTAKBANK,2017-05-09,2017-06-07,0.0346067415730337,910.0,970.0,0.002281763180639585
1167,CIPLA,2017-05-09,2017-06-07,0.03325842696629212,552.0,536.4,-0.0009399120664386918
1168,GLENMARK,2017-05-09,2017-06-07,0.03191011235955055,855.0,639.9,-0.008027912477823772
1169,INFY,2017-05-09,2017-06-07,0.030561797752808977,475.3,492.5,0.0011059602805560994
1170,VAKRANGEE,2017-05-09,2017-06-07,0.0292134831460674,175.975,204.325,0.0047063631037988956
1171,OIL,2017-05-09,2017-06-07,0.027865168539325826,144.44,134.53,-0.0019118237345937333
1172,HCLTECH,2017-05-09,2017-06-07,0.026516853932584253,422.5,446.675,0.0015172661392194664
1173,LTTS,2017-05-09,2017-06-07,0.025168539325842676,766.75,735.1,-0.0010389100354260452
1174,BRITANNIA,2017-05-09,2017-06-07,0.023820224719101103,1767.0,1818.8,0.0006982952124784585
1175,GLAXO,2017-06-06,2017-07-05,0.056179775280898896,1239.95,1263.75,0.001078332716388073
1176,HDFCBANK,2017-06-06,2017-07-05,0.05483146067415732,817.5,826.55,0.0006070027144967844
1177,LTTS,2017-06-06,2017-07-05,0.05348314606741574,739.95,723.0,-0.0012251359224848964
1178,GSKCONS,2017-06-06,2017-07-05,0.05213483146067417,5375.0,5417.95,0.0004165936765090133
1179,WIPRO,2017-06-06,2017-07-05,0.050786516853932595,104.51,97.74,-0.003289873879065392
1180,RAJESHEXPO,2017-06-06,2017-07-05,0.04943820224719102,648.55,674.5,0.001978137920460426
1181,COLPAL,2017-06-06,2017-07-05,0.04808988764044945,1022.0,1120.0,0.004611359088810221
1182,CRISIL,2017-06-06,2017-07-05,0.04674157303370787,1901.05,1995.0,0.002309971219335029
1183,HINDUNILVR,2017-06-06,2017-07-05,0.045393258426966294,1097.95,1087.0,-0.0004527129466508338
1184,BAJAJ-AUTO,2017-06-06,2017-07-05,0.044044943820224725,2900.0,2761.3,-0.0021065633475397107
1185,SANOFI,2017-06-06,2017-07-05,0.04269662921348315,2684.63,2833.03,0.002360168729128745
1186,KOTAKBANK,2017-06-06,2017-07-05,0.04134831460674157,970.0,960.7,-0.00039643229468319045
1187,TATAPOWER,2017-06-06,2017-07-05,0.04,81.0,81.8,0.00039506172839506035
1188,DABUR,2017-06-06,2017-07-05,0.038651685393258424,286.15,292.8,0.0008982481491007159
1189,HCLTECH,2017-06-06,2017-07-05,0.03730337078651685,437.75,419.5,-0.0015551947843607822
1190,ASIANPAINT,2017-06-06,2017-07-05,0.03595505617977528,1162.15,1108.55,-0.0016582979918564381
1191,MARUTI,2017-06-06,2017-07-05,0.0346067415730337,7134.0,7374.75,0.001167868381512176
1192,ONGC,2017-06-06,2017-07-05,0.03325842696629212,176.0,160.4,-0.00294790602655771
1193,BRITANNIA,2017-06-06,2017-07-05,0.03191011235955055,1826.85,1879.5,0.0009196526347156797
1194,POWERGRID,2017-06-06,2017-07-05,0.030561797752808977,116.2,119.54,0.0008784544276624964
1195,INFY,2017-06-06,2017-07-05,0.0292134831460674,482.5,479.5,-0.00018163823717762116
1196,INDUSINDBK,2017-06-06,2017-07-05,0.027865168539325826,1509.7,1505.0,-8.674987887317524e-05
1197,LT,2017-06-06,2017-07-05,0.026516853932584253,1205.13333333333,1122.66666666667,-0.001814534951297461
1198,DRREDDY,2017-06-06,2017-07-05,0.025168539325842676,506.99,524.3,0.0008593215166577947
1199,OIL,2017-06-06,2017-07-05,0.023820224719101103,134.8,117.27,-0.0030976894608742036
1200,GLAXO,2017-07-06,2017-08-04,0.056179775280898896,1275.7,1172.5,-0.0045447619416702735
1201,HDFCBANK,2017-07-06,2017-08-04,0.05483146067415732,826.275,888.5,0.004129239829898569
1202,LTTS,2017-07-06,2017-08-04,0.05348314606741574,755.0,744.95,-0.00071192797083116
1203,CRISIL,2017-07-06,2017-08-04,0.05213483146067417,1990.0,1840.0,-0.00392976116537745
1204,GSKCONS,2017-07-06,2017-08-04,0.050786516853932595,5495.1,5371.0,-0.0011469503269409206
1205,RAJESHEXPO,2017-07-06,2017-08-04,0.04943820224719102,680.25,730.0,0.0036156568346898247
1206,BAJAJ-AUTO,2017-07-06,2017-08-04,0.04808988764044945,2734.0,2824.0,0.0015830614073300843
1207,WIPRO,2017-07-06,2017-08-04,0.04674157303370787,96.92,108.95,0.0058017037102301465
1208,DABUR,2017-07-06,2017-08-04,0.045393258426966294,297.8,307.6,0.0014938009824857965
1209,HCLTECH,2017-07-06,2017-08-04,0.044044943820224725,420.0,437.5,0.0018352059925093637
1210,INDUSINDBK,2017-07-06,2017-08-04,0.04269662921348315,1523.5,1635.25,0.003131833485137343
1211,HINDUNILVR,2017-07-06,2017-08-04,0.04134831460674157,1096.7,1162.0,0.002461972229251593
1212,KOTAKBANK,2017-07-06,2017-08-04,0.04,961.8,999.0,0.0015470991890205884
1213,COLPAL,2017-07-06,2017-08-04,0.038651685393258424,1114.0,1070.0,-0.0015266374841143363
1214,AJANTPHARM,2017-07-06,2017-08-04,0.03730337078651685,1020.0,893.333333333333,-0.0046324447381949135
1215,MARUTI,2017-07-06,2017-08-04,0.03595505617977528,7377.65,7750.0,0.001814651707324058
1216,ASIANPAINT,2017-07-06,2017-08-04,0.0346067415730337,1135.0,1144.0,0.00027441469088749186
1217,ONGC,2017-07-06,2017-08-04,0.03325842696629212,162.8,165.5,0.0005515832482124592
1218,PGHH,2017-07-06,2017-08-04,0.03191011235955055,8008.15,8018.5,4.1241692890537745e-05
1219,SANOFI,2017-07-06,2017-08-04,0.030561797752808977,2780.0,2800.0,0.00021986904858135956
1220,POWERGRID,2017-07-06,2017-08-04,0.0292134831460674,119.28,126.86,0.00185645709462769
1221,BRITANNIA,2017-07-06,2017-08-04,0.027865168539325826,1870.0,1915.0,0.0006705521841014237
1222,CIPLA,2017-07-06,2017-08-04,0.026516853932584253,546.35,551.9,0.00026936677830299513
1223,HDFC,2017-07-06,2017-08-04,0.025168539325842676,1623.05,1725.3,0.0015855846376066132
1224,INFY,2017-07-06,2017-08-04,0.023820224719101103,472.5,494.0,0.0010838832411866112
1225,HDFCBANK,2017-08-08,2017-09-06,0.056179775280898896,896.05,871.875,-0.0015157034400041607
1226,GLAXO,2017-08-08,2017-09-06,0.05483146067415732,1197.5,1211.0,0.0006181417278506253
1227,CRISIL,2017-08-08,2017-09-06,0.05348314606741574,1859.75,1906.6,0.0013473237764529762
1228,LTTS,2017-08-08,2017-09-06,0.05213483146067417,755.05,788.0,0.0022751376685374697
1229,GSKCONS,2017-08-08,2017-09-06,0.050786516853932595,5488.95,5300.3,-0.0017454843648592837
1230,INDUSINDBK,2017-08-08,2017-09-06,0.04943820224719102,1654.0,1676.0,0.000657581892042444
1231,BAJAJ-AUTO,2017-08-08,2017-09-06,0.04808988764044945,2890.0,2938.0,0.0007987247774192296
1232,KOTAKBANK,2017-08-08,2017-09-06,0.04674157303370787,1000.0,987.0,-0.0006076404494382023
1233,RAJESHEXPO,2017-08-08,2017-09-06,0.045393258426966294,739.9,758.55,0.0011441874167629684
1234,HCLTECH,2017-08-08,2017-09-06,0.044044943820224725,441.3,431.5,-0.0009781111476052636
1235,MARUTI,2017-08-08,2017-09-06,0.04269662921348315,7849.0,7800.0,-0.0002665479464212861
1236,M&M,2017-08-08,2017-09-06,0.04134831460674157,700.025,660.7,-0.0023228062882184345
1237,DABUR,2017-08-08,2017-09-06,0.04,320.0,313.4,-0.0008250000000000028
1238,HINDUNILVR,2017-08-08,2017-09-06,0.038651685393258424,1181.7,1202.0,0.0006639834251359433
1239,ASIANPAINT,2017-08-08,2017-09-06,0.03730337078651685,1146.0,1198.35,0.001704041414200832
1240,TATAPOWER,2017-08-08,2017-09-06,0.03595505617977528,80.2,78.3,-0.0008518030765782198
1241,POWERGRID,2017-08-08,2017-09-06,0.0346067415730337,128.05,121.54,-0.0017593899854779348
1242,CASTROLIND,2017-08-08,2017-09-06,0.03325842696629212,199.4,194.95,-0.000742226680040123
1243,BOSCHLTD,2017-08-08,2017-09-06,0.03191011235955055,24480.0,22180.0,-0.002998090622016596
1244,NTPC,2017-08-08,2017-09-06,0.030561797752808977,172.3,168.95,-0.0005942079075560694
1245,PGHH,2017-08-08,2017-09-06,0.0292134831460674,8099.0,8315.0,0.0007791224051797208
1246,BRITANNIA,2017-08-08,2017-09-06,0.027865168539325826,2058.0,2115.0,0.0007717758050250594
1247,ONGC,2017-08-08,2017-09-06,0.026516853932584253,165.95,162.4,-0.0005672481558341286
1248,ARE&M,2017-08-08,2017-09-06,0.025168539325842676,824.95,796.4,-0.0008710367873844598
1249,PIDILITIND,2017-08-08,2017-09-06,0.023820224719101103,814.8,840.9,0.0007630189803246678
1250,HDFCBANK,2017-09-05,2017-10-04,0.056179775280898896,878.5,903.95,0.0016275188171871139
1251,GLAXO,2017-09-05,2017-10-04,0.05483146067415732,1212.5,1236.875,0.0011022819413876988
1252,CRISIL,2017-09-05,2017-10-04,0.05348314606741574,1886.65,1800.0,-0.002456372197673961
1253,LTTS,2017-09-05,2017-10-04,0.05213483146067417,789.8,769.0,-0.0013730115147911122
1254,INDUSINDBK,2017-09-05,2017-10-04,0.050786516853932595,1670.7,1695.0,0.0007386798105887111
1255,GSKCONS,2017-09-05,2017-10-04,0.04943820224719102,5301.3,5014.85,-0.002671339677759768
1256,KOTAKBANK,2017-09-05,2017-10-04,0.04808988764044945,978.1,1008.6,0.0014995824282115408
1257,RAJESHEXPO,2017-09-05,2017-10-04,0.04674157303370787,743.9,820.5,0.0048130185433284366
1258,BAJAJ-AUTO,2017-09-05,2017-10-04,0.045393258426966294,2927.0,3152.45,0.003496381999439543
1259,M&M,2017-09-05,2017-10-04,0.044044943820224725,664.525,632.0,-0.0021557681016557816
1260,HCLTECH,2017-09-05,2017-10-04,0.04269662921348315,429.0,441.95,0.001288860951782299
1261,MARUTI,2017-09-05,2017-10-04,0.04134831460674157,7843.0,7894.0,0.0002688721209924544
1262,POWERGRID,2017-09-05,2017-10-04,0.04,122.96,115.92,-0.002290175666883537
1263,CASTROLIND,2017-09-05,2017-10-04,0.038651685393258424,197.45,179.5,-0.0035137895812053094
1264,ASIANPAINT,2017-09-05,2017-10-04,0.03730337078651685,1201.25,1154.0,-0.0014672917957651787
1265,DABUR,2017-09-05,2017-10-04,0.03595505617977528,312.0,312.2,2.3048112935752073e-05
1266,HINDUNILVR,2017-09-05,2017-10-04,0.0346067415730337,1196.4,1191.1,-0.00015330636103066275
1267,BRITANNIA,2017-09-05,2017-10-04,0.03325842696629212,2121.0,2165.0,0.000689943793737319
1268,COLPAL,2017-09-05,2017-10-04,0.03191011235955055,1112.05,1066.0,-0.0013213980254101
1269,PIDILITIND,2017-09-05,2017-10-04,0.030561797752808977,841.3,786.3,-0.001997977982175792
1270,PGHH,2017-09-05,2017-10-04,0.0292134831460674,8345.9,8431.05,0.00029805390549702594
1271,MARICO,2017-09-05,2017-10-04,0.027865168539325826,315.05,310.0,-0.00044665640731184167
1272,HEROMOTOCO,2017-09-05,2017-10-04,0.026516853932584253,3994.0,3870.0,-0.0008232573579470323
1273,ULTRACEMCO,2017-09-05,2017-10-04,0.025168539325842676,4020.1,3895.2,-0.0007819582999919784
1274,ONGC,2017-09-05,2017-10-04,0.023820224719101103,163.0,170.75,0.001132556696767077
1275,HDFCBANK,2017-10-05,2017-11-03,0.056179775280898896,897.5,912.85,0.0009608462958905843
1276,CRISIL,2017-10-05,2017-11-03,0.05483146067415732,1794.8,1815.0,0.0006171136091029532
1277,GSKCONS,2017-10-05,2017-11-03,0.05348314606741574,5034.95,5325.05,0.0030815520857520587
1278,GLAXO,2017-10-05,2017-11-03,0.05213483146067417,1224.5,1305.575,0.0034518835938539493
1279,MARUTI,2017-10-05,2017-11-03,0.050786516853932595,7836.0,8235.0,0.002585990329851851
1280,HCLTECH,2017-10-05,2017-11-03,0.04943820224719102,444.0,430.0,-0.0015588622330195364
1281,KOTAKBANK,2017-10-05,2017-11-03,0.04808988764044945,1029.0,1027.4,-7.47753354953496e-05
1282,PGHH,2017-10-05,2017-11-03,0.04674157303370787,8588.0,8849.95,0.0014257050601047753
1283,INDUSINDBK,2017-10-05,2017-11-03,0.045393258426966294,1694.95,1635.5,-0.001592158596703825
1284,RAJESHEXPO,2017-10-05,2017-11-03,0.044044943820224725,805.0,777.0,-0.00153199804592086
1285,CASTROLIND,2017-10-05,2017-11-03,0.04269662921348315,179.025,206.0,0.006433411942654421
1286,BAJAJ-AUTO,2017-10-05,2017-11-03,0.04134831460674157,3175.0,3228.0,0.0006902238343802529
1287,ASIANPAINT,2017-10-05,2017-11-03,0.04,1149.65,1182.45,0.0011412168920975933
1288,M&M,2017-10-05,2017-11-03,0.038651685393258424,655.0,669.5,0.0008556479972553391
1289,BRITANNIA,2017-10-05,2017-11-03,0.03730337078651685,2192.5,2354.45,0.002755430284550238
1290,HDFC,2017-10-05,2017-11-03,0.03595505617977528,1772.3,1771.0,-2.6373397863627054e-05
1291,POWERGRID,2017-10-05,2017-11-03,0.0346067415730337,118.15,124.65,0.001903883370501219
1292,SANOFI,2017-10-05,2017-11-03,0.03325842696629212,2713.33,3108.67,0.004845848649760233
1293,NTPC,2017-10-05,2017-11-03,0.03191011235955055,167.85,179.0,0.0021197363884956143
1294,HINDUNILVR,2017-10-05,2017-11-03,0.030561797752808977,1204.35,1245.0,0.0010315415607188008
1295,MARICO,2017-10-05,2017-11-03,0.0292134831460674,311.8,316.0,0.0003935106774005219
1296,HEROMOTOCO,2017-10-05,2017-11-03,0.027865168539325826,3796.0,3739.9,-0.00041181136856063654
1297,LT,2017-10-05,2017-11-03,0.026516853932584253,1142.0,1211.0,0.001602156673685038
1298,TCS,2017-10-05,2017-11-03,0.025168539325842676,1220.5,1316.2,0.001973477438331131
1299,DABUR,2017-10-05,2017-11-03,0.023820224719101103,318.0,343.0,0.0018726591760299608
1300,HDFCBANK,2017-11-07,2017-12-06,0.056179775280898896,919.0,909.975,-0.0005517110684549634
1301,CRISIL,2017-11-07,2017-12-06,0.05483146067415732,1815.9,1809.1,-0.0002053273487440276
1302,PGHH,2017-11-07,2017-12-06,0.05348314606741574,8793.15,9720.0,0.0056374398176517295
1303,GSKCONS,2017-11-07,2017-12-06,0.05213483146067417,5530.0,6090.9,0.00528796147672552
1304,MARUTI,2017-11-07,2017-12-06,0.050786516853932595,8348.0,8494.0,0.0008882165142158791
1305,GLAXO,2017-11-07,2017-12-06,0.04943820224719102,1339.0,1239.95,-0.0036570977838568095
1306,OFSS,2017-11-07,2017-12-06,0.04808988764044945,3515.1,3745.1,0.003146617210691978
1307,HCLTECH,2017-11-07,2017-12-06,0.04674157303370787,425.0,422.75,-0.00024745538664904166
1308,MARICO,2017-11-07,2017-12-06,0.045393258426966294,314.9,310.95,-0.0005693978113258697
1309,HDFC,2017-11-07,2017-12-06,0.044044943820224725,1783.6,1673.05,-0.0027299666625509316
1310,BAJAJ-AUTO,2017-11-07,2017-12-06,0.04269662921348315,3239.0,3155.0,-0.0011072914028813165
1311,CASTROLIND,2017-11-07,2017-12-06,0.04134831460674157,212.0,196.975,-0.0029304642781428883
1312,KOTAKBANK,2017-11-07,2017-12-06,0.04,1011.0,1000.0,-0.00043521266073194857
1313,RAJESHEXPO,2017-11-07,2017-12-06,0.038651685393258424,783.45,767.4,-0.0007918304302275836
1314,ASIANPAINT,2017-11-07,2017-12-06,0.03730337078651685,1158.0,1114.8,-0.0013916283402223917
1315,M&M,2017-11-07,2017-12-06,0.03595505617977528,690.0,693.5,0.00018238071975248328
1316,BRITANNIA,2017-11-07,2017-12-06,0.0346067415730337,2334.0,2397.45,0.0009407873833800266
1317,POWERGRID,2017-11-07,2017-12-06,0.03325842696629212,119.62,112.9,-0.0018683884736121303
1318,NTPC,2017-11-07,2017-12-06,0.03191011235955055,179.7,176.05,-0.0006481464113097318
1319,TCS,2017-11-07,2017-12-06,0.030561797752808977,1335.0,1318.0,-0.00038917645078483343
1320,INDUSINDBK,2017-11-07,2017-12-06,0.0292134831460674,1653.0,1664.0,0.00019440309413595972
1321,AMBUJACEM,2017-11-07,2017-12-06,0.027865168539325826,280.55,259.9,-0.0020510273760009955
1322,HINDUNILVR,2017-11-07,2017-12-06,0.026516853932584253,1235.1,1258.25,0.0004970165723741624
1323,HEROMOTOCO,2017-11-07,2017-12-06,0.025168539325842676,3695.25,3516.0,-0.0012208810430031254
1324,PIDILITIND,2017-11-07,2017-12-06,0.023820224719101103,766.95,833.35,0.002062276447419405
1325,HDFCBANK,2017-12-05,2018-01-03,0.056179775280898896,913.0,937.5,0.0015075624253910436
1326,PGHH,2017-12-05,2018-01-03,0.05483146067415732,9863.45,9448.0,-0.002309509384351185
1327,CRISIL,2017-12-05,2018-01-03,0.05348314606741574,1830.0,1889.95,0.0017520844845582383
1328,MARUTI,2017-12-05,2018-01-03,0.05213483146067417,8519.95,9597.0,0.0065906279056472256
1329,GLAXO,2017-12-05,2018-01-03,0.050786516853932595,1226.15,1237.5,0.00047011129657230377
1330,GSKCONS,2017-12-05,2018-01-03,0.04943820224719102,6119.0,6510.0,0.0031590679978185468
1331,OFSS,2017-12-05,2018-01-03,0.04808988764044945,3733.15,4000.0,0.0034375223382006968
1332,M&M,2017-12-05,2018-01-03,0.04674157303370787,700.0,755.9,0.003732648475120384
1333,HEROMOTOCO,2017-12-05,2018-01-03,0.045393258426966294,3597.0,3728.0,0.0016531878937816472
1334,BRITANNIA,2017-12-05,2018-01-03,0.044044943820224725,2381.625,2329.5,-0.000963981607780072
1335,BAJAJ-AUTO,2017-12-05,2018-01-03,0.04269662921348315,3197.7,3310.0,0.0014994625701829957
1336,TCS,2017-12-05,2018-01-03,0.04134831460674157,1315.5,1316.0,1.5715817030308465e-05
1337,COLPAL,2017-12-05,2018-01-03,0.04,1037.0,1100.75,0.002459016393442623
1338,KOTAKBANK,2017-12-05,2018-01-03,0.038651685393258424,998.5,1002.6,0.00015870997507497287
1339,HDFC,2017-12-05,2018-01-03,0.03730337078651685,1677.0,1705.2,0.000627283873690982
1340,HINDUNILVR,2017-12-05,2018-01-03,0.03595505617977528,1274.0,1344.7,0.0019953080627237944
1341,CASTROLIND,2017-12-05,2018-01-03,0.0346067415730337,197.95,192.25,-0.0009965063246592156
1342,ABB,2017-12-05,2018-01-03,0.03325842696629212,1385.0,1401.0,0.00038421287470084766
1343,POWERGRID,2017-12-05,2018-01-03,0.03191011235955055,114.2,113.91,-8.103268462583064e-05
1344,ASIANPAINT,2017-12-05,2018-01-03,0.030561797752808977,1122.0,1149.0,0.0007354443309499486
1345,HCLTECH,2017-12-05,2018-01-03,0.0292134831460674,423.95,446.5,0.0015538720248704334
1346,MARICO,2017-12-05,2018-01-03,0.027865168539325826,310.5,327.0,0.0014807577484665898
1347,RAJESHEXPO,2017-12-05,2018-01-03,0.026516853932584253,769.35,819.55,0.001730221703276438
1348,WIPRO,2017-12-05,2018-01-03,0.025168539325842676,108.5,120.45,0.0027720188474084795
1349,AMBUJACEM,2017-12-05,2018-01-03,0.023820224719101103,261.0,268.4,0.00067536269318524
1350,HDFCBANK,2018-01-04,2018-02-02,0.056179775280898896,926.5,993.0,0.0040323314151967365
1351,PGHH,2018-01-04,2018-02-02,0.05483146067415732,9426.95,9274.95,-0.0008841016471363391
1352,CRISIL,2018-01-04,2018-02-02,0.05348314606741574,1855.05,1978.55,0.0035606417828769276
1353,GLAXO,2018-01-04,2018-02-02,0.05213483146067417,1225.5,1231.325,0.0002478052984564907
1354,MARUTI,2018-01-04,2018-02-02,0.050786516853932595,9450.0,9359.0,-0.0004890553474823139
1355,ABB,2018-01-04,2018-02-02,0.04943820224719102,1420.0,1692.5,0.009487260642506727
1356,COLPAL,2018-01-04,2018-02-02,0.04808988764044945,1106.0,1124.0,0.0007826563992116547
1357,GSKCONS,2018-01-04,2018-02-02,0.04674157303370787,6479.7,6650.0,0.0012284658066948253
1358,KOTAKBANK,2018-01-04,2018-02-02,0.045393258426966294,1001.0,1115.0,0.005169661798875283
1359,POWERGRID,2018-01-04,2018-02-02,0.044044943820224725,114.2,109.96,-0.0016352938861449494
1360,TCS,2018-01-04,2018-02-02,0.04269662921348315,1325.0,1560.0,0.007572609709561162
1361,HINDUNILVR,2018-01-04,2018-02-02,0.04134831460674157,1350.1,1352.0,5.8189613919570956e-05
1362,BRITANNIA,2018-01-04,2018-02-02,0.04,2329.5,2337.75,0.00014166130070830652
1363,HDFC,2018-01-04,2018-02-02,0.038651685393258424,1708.95,1946.0,0.005361410235800877
1364,OFSS,2018-01-04,2018-02-02,0.03730337078651685,4163.05,4200.0,0.00033109368145032864
1365,ASIANPAINT,2018-01-04,2018-02-02,0.03595505617977528,1149.0,1148.0,-3.1292477092928875e-05
1366,HEROMOTOCO,2018-01-04,2018-02-02,0.0346067415730337,3755.0,3729.7,-0.00023316925746944312
1367,BAJAJ-AUTO,2018-01-04,2018-02-02,0.03325842696629212,3244.0,3419.0,0.0017941506532370905
1368,CASTROLIND,2018-01-04,2018-02-02,0.03191011235955055,191.5,182.8,-0.0014497022325226604
1369,LALPATHLAB,2018-01-04,2018-02-02,0.030561797752808977,887.0,908.0,0.0007235600369887131
1370,MARICO,2018-01-04,2018-02-02,0.0292134831460674,320.2,308.1,-0.0011039448659194708
1371,APLLTD,2018-01-04,2018-02-02,0.027865168539325826,528.0,549.1,0.0011135512427647265
1372,M&M,2018-01-04,2018-02-02,0.026516853932584253,761.0,798.75,0.0013153892719514528
1373,HCLTECH,2018-01-04,2018-02-02,0.025168539325842676,448.0,490.0,0.0023595505617977513
1374,AMBUJACEM,2018-01-04,2018-02-02,0.023820224719101103,271.6,264.3,-0.0006402343168241469
1375,PGHH,2018-02-06,2018-03-07,0.056179775280898896,8877.05,9263.25,0.002444126056908905
1376,HDFCBANK,2018-02-06,2018-03-07,0.05483146067415732,930.0,920.0,-0.0005895855986468529
1377,GLAXO,2018-02-06,2018-03-07,0.05348314606741574,1225.0,1166.25,-0.0025650080256821835
1378,CRISIL,2018-02-06,2018-03-07,0.05213483146067417,1915.0,1959.0,0.0011978760231173178
1379,COLPAL,2018-02-06,2018-03-07,0.050786516853932595,1102.0,1039.7,-0.002871143375680579
1380,POWERGRID,2018-02-06,2018-03-07,0.04943820224719102,107.41,108.97,0.0007180299367434886
1381,ITC,2018-02-06,2018-03-07,0.04808988764044945,269.95,256.5,-0.0023960325570070184
1382,HINDUNILVR,2018-02-06,2018-03-07,0.04674157303370787,1300.0,1293.05,-0.00024988764044943986
1383,BRITANNIA,2018-02-06,2018-03-07,0.045393258426966294,2250.0,2412.5,0.0032784019975031216
1384,HEROMOTOCO,2018-02-06,2018-03-07,0.044044943820224725,3527.3,3550.0,0.0002834519957812188
1385,GSKCONS,2018-02-06,2018-03-07,0.04269662921348315,6450.0,6635.2,0.001225955927184042
1386,KOTAKBANK,2018-02-06,2018-03-07,0.04134831460674157,1035.65,1082.2,0.0018585082266632724
1387,NTPC,2018-02-06,2018-03-07,0.04,162.0,163.0,0.0002469135802469136
1388,MARUTI,2018-02-06,2018-03-07,0.038651685393258424,8700.0,8621.8,-0.00034742089629342953
1389,APLLTD,2018-02-06,2018-03-07,0.03730337078651685,495.0,550.85,0.004208875269549427
1390,WIPRO,2018-02-06,2018-03-07,0.03595505617977528,109.66,108.44,-0.00040001065602157394
1391,LALPATHLAB,2018-02-06,2018-03-07,0.0346067415730337,876.0,896.1,0.000794058796367555
1392,MARICO,2018-02-06,2018-03-07,0.03325842696629212,289.0,310.5,0.002474242836592667
1393,TCS,2018-02-06,2018-03-07,0.03191011235955055,1505.0,1535.0,0.0006360819739445293
1394,CASTROLIND,2018-02-06,2018-03-07,0.030561797752808977,178.0,201.1,0.003966165888145434
1395,ASIANPAINT,2018-02-06,2018-03-07,0.0292134831460674,1110.0,1105.7,-0.00011316934912440404
1396,AMBUJACEM,2018-02-06,2018-03-07,0.027865168539325826,250.05,240.0,-0.0011199557841240747
1397,DABUR,2018-02-06,2018-03-07,0.026516853932584253,330.6,321.2,-0.0007539577343203051
1398,OFSS,2018-02-06,2018-03-07,0.025168539325842676,4200.0,3755.0,-0.0026666666666666644
1399,HCLTECH,2018-02-06,2018-03-07,0.023820224719101103,482.475,469.0,-0.000665272870283202
1400,PGHH,2018-03-06,2018-04-04,0.056179775280898896,9300.15,9475.0,0.0010562231477841964
1401,HDFCBANK,2018-03-06,2018-04-04,0.05483146067415732,935.0,956.475,0.0012593642973021707
1402,GLAXO,2018-03-06,2018-04-04,0.05348314606741574,1182.525,1086.4,-0.004347533807513869
1403,NTPC,2018-03-06,2018-04-04,0.05213483146067417,164.3,169.15,0.0015389770698981703
1404,CRISIL,2018-03-06,2018-04-04,0.050786516853932595,1931.0,1853.0,-0.002051449153084797
1405,POWERGRID,2018-03-06,2018-04-04,0.04943820224719102,111.43,112.47,0.00046141730536730023
1406,ITC,2018-03-06,2018-04-04,0.04808988764044945,261.05,259.5,-0.00028553658625817734
1407,COLPAL,2018-03-06,2018-04-04,0.04674157303370787,1052.9,1086.0,0.0014694140634587578
1408,HINDUNILVR,2018-03-06,2018-04-04,0.045393258426966294,1300.0,1348.0,0.0016760587726879863
1409,BRITANNIA,2018-03-06,2018-04-04,0.044044943820224725,2447.5,2528.5,0.0014576671907816966
1410,HEROMOTOCO,2018-03-06,2018-04-04,0.04269662921348315,3571.1,3653.5,0.000985187266441997
1411,RBLBANK,2018-03-06,2018-04-04,0.04134831460674157,482.0,486.45,0.00038174273858921064
1412,DABUR,2018-03-06,2018-04-04,0.04,326.35,338.0,0.0014279148153822554
1413,ASIANPAINT,2018-03-06,2018-04-04,0.038651685393258424,1112.6,1156.9,0.0015389804628090557
1414,INFY,2018-03-06,2018-04-04,0.03730337078651685,581.275,572.0,-0.0005952238855016006
1415,KOTAKBANK,2018-03-06,2018-04-04,0.03595505617977528,1105.0,1108.9,0.00012690019828156277
1416,WIPRO,2018-03-06,2018-04-04,0.0346067415730337,109.49,107.14,-0.0007427695926260755
1417,LALPATHLAB,2018-03-06,2018-04-04,0.03325842696629212,908.0,869.05,-0.001426669306538634
1418,MARUTI,2018-03-06,2018-04-04,0.03191011235955055,8855.55,9078.0,0.0008015769200537566
1419,OFSS,2018-03-06,2018-04-04,0.030561797752808977,3790.0,4026.1,0.0019038629154190492
1420,BAJAJ-AUTO,2018-03-06,2018-04-04,0.0292134831460674,2969.9,2807.0,-0.001602369239534793
1421,BOSCHLTD,2018-03-06,2018-04-04,0.027865168539325826,18376.15,19180.0,0.001218939534686919
1422,ALKEM,2018-03-06,2018-04-04,0.026516853932584253,2225.0,1924.8,-0.00357768968564575
1423,HDFC,2018-03-06,2018-04-04,0.025168539325842676,1803.9,1830.7,0.0003739214224361564
1424,MARICO,2018-03-06,2018-04-04,0.023820224719101103,309.65,326.0,0.0012577447897862218
1425,PGHH,2018-04-05,2018-05-04,0.056179775280898896,9648.0,9677.0,0.0001688654107738462
1426,HDFCBANK,2018-04-05,2018-05-04,0.05483146067415732,950.65,985.0,0.0019812346017538582
1427,HINDUNILVR,2018-04-05,2018-05-04,0.05348314606741574,1380.0,1455.0,0.0029066927210552036
1428,COLPAL,2018-04-05,2018-05-04,0.05213483146067417,1099.95,1100.0,2.3698727878824834e-06
1429,POWERGRID,2018-04-05,2018-05-04,0.050786516853932595,111.88,117.02,0.0023332382608975116
1430,ITC,2018-04-05,2018-05-04,0.04943820224719102,255.5,287.0,0.006095120824996153
1431,NTPC,2018-04-05,2018-05-04,0.04808988764044945,167.0,174.2,0.0020733364731211706
1432,DABUR,2018-04-05,2018-05-04,0.04674157303370787,337.25,370.0,0.004539025995119148
1433,BRITANNIA,2018-04-05,2018-05-04,0.045393258426966294,2512.5,2675.0,0.002935882385823691
1434,HEROMOTOCO,2018-04-05,2018-05-04,0.044044943820224725,3700.0,3655.0,-0.0005356817491648952
1435,RBLBANK,2018-04-05,2018-05-04,0.04269662921348315,498.8,521.0,0.0019002910355640043
1436,ASIANPAINT,2018-04-05,2018-05-04,0.04134831460674157,1151.8,1212.0,0.0021611117722919295
1437,INFY,2018-04-05,2018-05-04,0.04,569.775,592.5,0.001595366592075821
1438,BAJAJ-AUTO,2018-04-05,2018-05-04,0.038651685393258424,2790.0,2985.0,0.0027014618823245134
1439,APLLTD,2018-04-05,2018-05-04,0.03730337078651685,553.0,530.0,-0.0015514964341589285
1440,INDUSINDBK,2018-04-05,2018-05-04,0.03595505617977528,1832.7,1878.5,0.000898533078536425
1441,MARUTI,2018-04-05,2018-05-04,0.0346067415730337,9050.0,8784.0,-0.0010171705257930347
1442,KOTAKBANK,2018-04-05,2018-05-04,0.03325842696629212,1091.9,1240.2,0.004517102957323125
1443,BHARATFIN,2018-04-05,2018-05-04,0.03191011235955055,1120.0,1148.55,0.0008134229534510418
1444,WIPRO,2018-04-05,2018-05-04,0.030561797752808977,106.39,102.44,-0.0011346846613741475
1445,ACC,2018-04-05,2018-05-04,0.0292134831460674,1551.4,1541.95,-0.00017794728356989702
1446,HDFC,2018-04-05,2018-05-04,0.027865168539325826,1821.0,1929.0,0.0016526294356107574
1447,MARICO,2018-04-05,2018-05-04,0.026516853932584253,328.8,314.0,-0.0011935810164301923
1448,OFSS,2018-04-05,2018-05-04,0.025168539325842676,3949.65,4255.0,0.0019457960789300468
1449,GICRE,2018-04-05,2018-05-04,0.023820224719101103,368.45,351.5,-0.0010958143818394991
1450,HDFCBANK,2018-05-08,2018-06-06,0.056179775280898896,989.625,1030.1,0.0022977151996911734
1451,POWERGRID,2018-05-08,2018-06-06,0.05483146067415732,118.44,111.65,-0.0031434111615799374
1452,PGHH,2018-05-08,2018-06-06,0.05348314606741574,9739.95,9300.0,-0.0024158142610957545
1453,COLPAL,2018-05-08,2018-06-06,0.05213483146067417,1102.65,1247.95,0.006869986860051652
1454,HINDUNILVR,2018-05-08,2018-06-06,0.050786516853932595,1494.0,1561.1,0.002280974083600316
1455,DABUR,2018-05-08,2018-06-06,0.04943820224719102,370.3,382.0,0.001562049598412461
1456,NTPC,2018-05-08,2018-06-06,0.04808988764044945,171.05,161.4,-0.0027130512465965355
1457,BRITANNIA,2018-05-08,2018-06-06,0.04674157303370787,2745.0,2902.5,0.002681893534720943
1458,ITC,2018-05-08,2018-06-06,0.045393258426966294,283.15,268.0,-0.0024287757908124257
1459,INDUSINDBK,2018-05-08,2018-06-06,0.044044943820224725,1892.1,1903.0,0.0002537338870252384
1460,ASIANPAINT,2018-05-08,2018-06-06,0.04269662921348315,1219.0,1270.9,0.0018178466416569148
1461,HEROMOTOCO,2018-05-08,2018-06-06,0.04134831460674157,3659.9,3624.95,-0.00039485330077478325
1462,GICRE,2018-05-08,2018-06-06,0.04,347.45,350.55,0.00035688588286084594
1463,BHARATFIN,2018-05-08,2018-06-06,0.038651685393258424,1148.05,1156.5,0.00028448825536608635
1464,SANOFI,2018-05-08,2018-06-06,0.03730337078651685,3232.97,3380.0,0.0016964941235896342
1465,KOTAKBANK,2018-05-08,2018-06-06,0.03595505617977528,1247.5,1307.0,0.0017148904550674379
1466,MARUTI,2018-05-08,2018-06-06,0.0346067415730337,8785.0,8829.0,0.0001733291552889565
1467,RBLBANK,2018-05-08,2018-06-06,0.03325842696629212,523.95,511.9,-0.0007648898653379565
1468,ZEEL,2018-05-08,2018-06-06,0.03191011235955055,602.9,540.5,-0.0033026886900579763
1469,BAJAJ-AUTO,2018-05-08,2018-06-06,0.030561797752808977,2915.0,2850.0,-0.0006814809104399944
1470,ULTRACEMCO,2018-05-08,2018-06-06,0.0292134831460674,4046.2,3665.0,-0.0027522563826011784
1471,HDFC,2018-05-08,2018-06-06,0.027865168539325826,1920.1,1848.0,-0.0010463406341781102
1472,ACC,2018-05-08,2018-06-06,0.026516853932584253,1526.2,1285.0,-0.004190712336875457
1473,RELIANCE,2018-05-08,2018-06-06,0.025168539325842676,488.75,473.5,-0.0007853099226989276
1474,LT,2018-05-08,2018-06-06,0.023820224719101103,1391.3,1331.0,-0.0010323866531745816
1475,POWERGRID,2018-06-05,2018-07-04,0.056179775280898896,113.52,104.73,-0.004350072451718648
1476,COLPAL,2018-06-05,2018-07-04,0.05483146067415732,1240.05,1151.3,-0.003924270904263104
1477,HDFCBANK,2018-06-05,2018-07-04,0.05348314606741574,1025.0,1038.125,0.0006848451630583724
1478,DABUR,2018-06-05,2018-07-04,0.05213483146067417,386.7,382.0,-0.0006336532398892371
1479,PGHH,2018-06-05,2018-07-04,0.050786516853932595,9241.0,9913.95,0.0036983861613303732
1480,HINDUNILVR,2018-06-05,2018-07-04,0.04943820224719102,1564.0,1642.0,0.0024655880916118283
1481,NTPC,2018-06-05,2018-07-04,0.04808988764044945,161.5,154.95,-0.0019503948238077053
1482,ITC,2018-06-05,2018-07-04,0.04674157303370787,269.0,266.3,-0.00046915333528256775
1483,BRITANNIA,2018-06-05,2018-07-04,0.045393258426966294,2877.775,3105.025,0.0035845811356093127
1484,SANOFI,2018-06-05,2018-07-04,0.044044943820224725,3365.23,3426.67,0.0008041415737749305
1485,BHARATFIN,2018-06-05,2018-07-04,0.04269662921348315,1145.0,1177.0,0.0011932682400274766
1486,ASIANPAINT,2018-06-05,2018-07-04,0.04134831460674157,1276.25,1296.0,0.0006398661809858147
1487,INDUSINDBK,2018-06-05,2018-07-04,0.04,1897.0,1954.0,0.001201897733263047
1488,HEROMOTOCO,2018-06-05,2018-07-04,0.038651685393258424,3600.1,3460.0,-0.001504152974527236
1489,RELIANCE,2018-06-05,2018-07-04,0.03730337078651685,471.4,485.9,0.0011474307942394874
1490,ZEEL,2018-06-05,2018-07-04,0.03595505617977528,556.6,544.0,-0.0008139304848457946
1491,KOTAKBANK,2018-06-05,2018-07-04,0.0346067415730337,1303.95,1355.1,0.0013575174135976602
1492,BOSCHLTD,2018-06-05,2018-07-04,0.03325842696629212,18289.9,17525.0,-0.0013908972048243507
1493,INFY,2018-06-05,2018-07-04,0.03191011235955055,621.0,676.025,0.00282746204925003
1494,MARUTI,2018-06-05,2018-07-04,0.030561797752808977,8750.0,9014.0,0.0009220930979133222
1495,HDFC,2018-06-05,2018-07-04,0.0292134831460674,1832.1,1883.0,0.0008116185208966941
1496,RBLBANK,2018-06-05,2018-07-04,0.027865168539325826,510.0,566.35,0.0030788279356686486
1497,LT,2018-06-05,2018-07-04,0.026516853932584253,1361.8,1251.9,-0.002139963465406819
1498,ULTRACEMCO,2018-06-05,2018-07-04,0.025168539325842676,3710.0,3758.0,0.0003256306974772098
1499,GODREJCP,2018-06-05,2018-07-04,0.023820224719101103,756.7,834.0,0.0024333333828287485
1500,HDFCBANK,2018-07-05,2018-08-03,0.056179775280898896,1052.5,1066.775,0.0007619632229309614
1501,POWERGRID,2018-07-05,2018-08-03,0.05483146067415732,103.54,107.3,0.001991175315190564
1502,DABUR,2018-07-05,2018-08-03,0.05348314606741574,380.9,422.0,0.00577095642785715
1503,PGHH,2018-07-05,2018-08-03,0.05213483146067417,9948.8,10280.0,0.001735591848240524
1504,HINDUNILVR,2018-07-05,2018-08-03,0.050786516853932595,1679.0,1754.0,0.002268605577156012
1505,SANOFI,2018-07-05,2018-08-03,0.04943820224719102,3410.03,4002.0,0.008582309417884786
1506,COLPAL,2018-07-05,2018-08-03,0.04808988764044945,1161.6,1134.05,-0.0011405616429875864
1507,BRITANNIA,2018-07-05,2018-08-03,0.04674157303370787,3174.5,3260.0,0.0012589083302510704
1508,NTPC,2018-07-05,2018-08-03,0.045393258426966294,152.85,155.85,0.000890937358723578
1509,HEROMOTOCO,2018-07-05,2018-08-03,0.044044943820224725,3480.9,3270.0,-0.0026685853232455395
1510,ITC,2018-07-05,2018-08-03,0.04269662921348315,264.6,300.0,0.005712247445794794
1511,MARUTI,2018-07-05,2018-08-03,0.04134831460674157,9228.0,9150.0,-0.00034949810785932407
1512,ASIANPAINT,2018-07-05,2018-08-03,0.04,1294.8,1424.0,0.003991350015446402
1513,BHARATFIN,2018-07-05,2018-08-03,0.038651685393258424,1191.0,1229.9,0.0012624270040283428
1514,INDUSINDBK,2018-07-05,2018-08-03,0.03730337078651685,1980.2,2033.1,0.0009965399023364994
1515,KOTAKBANK,2018-07-05,2018-08-03,0.03595505617977528,1373.0,1297.0,-0.001990228892689673
1516,ZEEL,2018-07-05,2018-08-03,0.0346067415730337,543.0,521.0,-0.0014021147598650857
1517,HDFC,2018-07-05,2018-08-03,0.03325842696629212,1923.7,1945.0,0.00036825102374695676
1518,LT,2018-07-05,2018-08-03,0.03191011235955055,1265.0,1285.2,0.0005095527823422313
1519,INFY,2018-07-05,2018-08-03,0.030561797752808977,673.55,683.1,0.00043332368575358597
1520,GODREJCP,2018-07-05,2018-08-03,0.0292134831460674,844.0,888.633333333333,0.0015448994444148476
1521,BOSCHLTD,2018-07-05,2018-08-03,0.027865168539325826,17515.0,18700.0,0.001885254051904145
1522,RBLBANK,2018-07-05,2018-08-03,0.026516853932584253,572.9,571.05,-8.562782296261384e-05
1523,RELIANCE,2018-07-05,2018-08-03,0.025168539325842676,498.5,587.5,0.004493480441323968
1524,ULTRACEMCO,2018-07-05,2018-08-03,0.023820224719101103,3797.0,4200.0,0.002528193458466617
1525,HDFCBANK,2018-08-07,2018-09-05,0.056179775280898896,1062.5,1026.9,-0.0018823529411764663
1526,SANOFI,2018-08-07,2018-09-05,0.05483146067415732,4111.57,4349.07,0.0031672747661142496
1527,BRITANNIA,2018-08-07,2018-09-05,0.05348314606741574,3167.0,3134.0,-0.0005572920177533058
1528,HDFC,2018-08-07,2018-09-05,0.05213483146067417,1982.0,1950.0,-0.0008417328994659806
1529,POWERGRID,2018-08-07,2018-09-05,0.050786516853932595,107.33,109.76,0.0011498298328058935
1530,BHARATFIN,2018-08-07,2018-09-05,0.04943820224719102,1210.0,1125.0,-0.003472931562819204
1531,COLPAL,2018-08-07,2018-09-05,0.04808988764044945,1124.5,1139.0,0.0006201008188408333
1532,INDUSINDBK,2018-08-07,2018-09-05,0.04674157303370787,2004.8,1855.8,-0.0034739098074733003
1533,PGHH,2018-08-07,2018-09-05,0.045393258426966294,10728.9,10115.0,-0.0025973698467051227
1534,HINDUNILVR,2018-08-07,2018-09-05,0.044044943820224725,1730.8,1643.0,-0.002234311340083042
1535,MARUTI,2018-08-07,2018-09-05,0.04269662921348315,9316.0,8871.0,-0.0020395019321597253
1536,NTPC,2018-08-07,2018-09-05,0.04134831460674157,157.0,167.7,0.0028180061547269705
1537,ASIANPAINT,2018-08-07,2018-09-05,0.04,1399.0,1314.5,-0.0024160114367405288
1538,ITC,2018-08-07,2018-09-05,0.038651685393258424,302.95,310.4,0.0009505035688389992
1539,KOTAKBANK,2018-08-07,2018-09-05,0.03730337078651685,1287.0,1257.0,-0.0008695424425761504
1540,WIPRO,2018-08-07,2018-09-05,0.03595505617977528,103.61,118.25,0.0050804171650604205
1541,ZEEL,2018-08-07,2018-09-05,0.0346067415730337,526.0,492.0,-0.002236937668218908
1542,DABUR,2018-08-07,2018-09-05,0.03325842696629212,436.45,445.8,0.0007124900724821448
1543,LT,2018-08-07,2018-09-05,0.03191011235955055,1296.7,1357.9,0.0015060529624465915
1544,HEROMOTOCO,2018-08-07,2018-09-05,0.030561797752808977,3304.0,3179.0,-0.0011562423483962234
1545,MRF,2018-08-07,2018-09-05,0.0292134831460674,76880.0,71299.0,-0.0021207134422242735
1546,RBLBANK,2018-08-07,2018-09-05,0.027865168539325826,565.2,605.1,0.0019671270784131275
1547,INFY,2018-08-07,2018-09-05,0.026516853932584253,687.0,741.95,0.002120962334200154
1548,GODREJCP,2018-08-07,2018-09-05,0.025168539325842676,878.7,932.3,0.0015352608488280017
1549,RELIANCE,2018-08-07,2018-09-05,0.023820224719101103,597.45,621.25,0.0009489017462793625
1550,HDFCBANK,2018-09-04,2018-10-03,0.056179775280898896,1038.45,1015.225,-0.001256464231208896
1551,BHARATFIN,2018-09-04,2018-10-03,0.05483146067415732,1156.9,1016.9,-0.006635322408489956
1552,INDUSINDBK,2018-09-04,2018-10-03,0.05348314606741574,1895.0,1639.8,-0.0072025851590525065
1553,HDFC,2018-09-04,2018-10-03,0.05213483146067417,1939.0,1804.8,-0.003608300351739286
1554,BRITANNIA,2018-09-04,2018-10-03,0.050786516853932595,3268.2,2912.0,-0.005535205098638633
1555,SANOFI,2018-09-04,2018-10-03,0.04943820224719102,4333.33,4160.67,-0.0019698476691135903
1556,COLPAL,2018-09-04,2018-10-03,0.04808988764044945,1175.7,1093.15,-0.003376558837049502
1557,MARUTI,2018-09-04,2018-10-03,0.04674157303370787,8912.0,7400.0,-0.007930123252577009
1558,POWERGRID,2018-09-04,2018-10-03,0.045393258426966294,109.96,107.69,-0.0009370925484650174
1559,ASIANPAINT,2018-09-04,2018-10-03,0.044044943820224725,1360.0,1264.9,-0.0030799074686054173
1560,ITC,2018-09-04,2018-10-03,0.04269662921348315,312.0,297.0,-0.002052722558340536
1561,NTPC,2018-09-04,2018-10-03,0.04134831460674157,169.5,168.8,-0.00017076000132577364
1562,HINDUNILVR,2018-09-04,2018-10-03,0.04,1697.0,1642.0,-0.001296405421331762
1563,KOTAKBANK,2018-09-04,2018-10-03,0.038651685393258424,1270.0,1116.9,-0.004659506325754221
1564,WIPRO,2018-09-04,2018-10-03,0.03730337078651685,116.71,123.82,0.002272529914250148
1565,MRF,2018-09-04,2018-10-03,0.03595505617977528,73300.0,63077.0,-0.00501457761699649
1566,ZEEL,2018-09-04,2018-10-03,0.0346067415730337,501.0,440.0,-0.004213595281347417
1567,PGHH,2018-09-04,2018-10-03,0.03325842696629212,9988.8,9612.0,-0.0012545826606698352
1568,HEROMOTOCO,2018-09-04,2018-10-03,0.03191011235955055,3257.7,2989.0,-0.002631994103512057
1569,M&M,2018-09-04,2018-10-03,0.030561797752808977,952.2,845.5,-0.0034246416931576554
1570,RBLBANK,2018-09-04,2018-10-03,0.0292134831460674,623.1,526.0,-0.0045524461779540126
1571,INFY,2018-09-04,2018-10-03,0.027865168539325826,722.0,743.8,0.0008413582744560966
1572,LT,2018-09-04,2018-10-03,0.026516853932584253,1365.0,1247.1,-0.0022903568341770594
1573,PIDILITIND,2018-09-04,2018-10-03,0.025168539325842676,1167.5,1042.1,-0.0027033274787671723
1574,TCS,2018-09-04,2018-10-03,0.023820224719101103,2059.8,2250.3,0.0022030065098498685
1575,HDFCBANK,2018-10-04,2018-11-02,0.056179775280898896,1004.0,963.0,-0.002294194010474955
1576,WIPRO,2018-10-04,2018-11-02,0.05483146067415732,122.22,123.68,0.0006549986302100321
1577,SANOFI,2018-10-04,2018-11-02,0.05348314606741574,4071.33,3960.0,-0.0014624898133252255
1578,NTPC,2018-10-04,2018-11-02,0.05213483146067417,166.4,157.9,-0.00266313742437338
1579,COLPAL,2018-10-04,2018-11-02,0.050786516853932595,1088.5,1115.0,0.0012364195651164115
1580,BHARATFIN,2018-10-04,2018-11-02,0.04943820224719102,1005.9,915.0,-0.00446757389826987
1581,INDUSINDBK,2018-10-04,2018-11-02,0.04808988764044945,1614.8,1485.0,-0.003865535927502066
1582,ASIANPAINT,2018-10-04,2018-11-02,0.04674157303370787,1228.0,1242.0,0.0005328843831204481
1583,MRF,2018-10-04,2018-11-02,0.045393258426966294,62699.95,65050.0,0.0017013797772772112
1584,ZEEL,2018-10-04,2018-11-02,0.044044943820224725,437.5,450.1,0.0012684943820224742
1585,KOTAKBANK,2018-10-04,2018-11-02,0.04269662921348315,1085.0,1118.25,0.0013084450888002901
1586,ITC,2018-10-04,2018-11-02,0.04134831460674157,293.85,278.3,-0.0021880765429124786
1587,MARUTI,2018-10-04,2018-11-02,0.04,7150.0,6769.8,-0.002126993006993006
1588,HDFC,2018-10-04,2018-11-02,0.038651685393258424,1780.0,1790.0,0.00021714429996212597
1589,BRITANNIA,2018-10-04,2018-11-02,0.03730337078651685,2849.0,2810.5,-0.0005040996052232007
1590,PGHH,2018-10-04,2018-11-02,0.03595505617977528,9499.0,9485.2,-5.223494844519135e-05
1591,LT,2018-10-04,2018-11-02,0.0346067415730337,1258.0,1340.0,0.0022557653489576816
1592,POWERGRID,2018-10-04,2018-11-02,0.03325842696629212,106.28,106.87,0.0001846299577541632
1593,INFY,2018-10-04,2018-11-02,0.03191011235955055,728.5,665.95,-0.002739845611653927
1594,HEROMOTOCO,2018-10-04,2018-11-02,0.030561797752808977,2881.1,2849.95,-0.0003304293499010803
1595,HINDUNILVR,2018-10-04,2018-11-02,0.0292134831460674,1600.0,1610.7,0.00019536516853932656
1596,TATACHEM,2018-10-04,2018-11-02,0.027865168539325826,660.0,694.75,0.001467143343547837
1597,NATCOPHARM,2018-10-04,2018-11-02,0.026516853932584253,749.9,758.7,0.0003111725758191002
1598,RELIANCE,2018-10-04,2018-11-02,0.025168539325842676,594.75,533.5,-0.0025919681104798046
1599,TCS,2018-10-04,2018-11-02,0.023820224719101103,2156.6,1934.2,-0.0024564675774497277
1600,HDFCBANK,2018-11-06,2018-12-05,0.056179775280898896,977.5,1039.0,0.0035345843271358383
1601,SANOFI,2018-11-06,2018-12-05,0.05483146067415732,3959.9,4121.13,0.002232499912748904
1602,NTPC,2018-11-06,2018-12-05,0.05348314606741574,153.95,142.95,-0.0038214654546383452
1603,WIPRO,2018-11-06,2018-12-05,0.05213483146067417,122.11,125.19,0.0013150051666438159
1604,MRF,2018-11-06,2018-12-05,0.050786516853932595,66200.0,66000.0,-0.00015343358566142777
1605,COLPAL,2018-11-06,2018-12-05,0.04943820224719102,1110.1,1232.4,0.005446619344952231
1606,POWERGRID,2018-11-06,2018-12-05,0.04808988764044945,105.77,104.64,-0.0005137711358013394
1607,PGHH,2018-11-06,2018-12-05,0.04674157303370787,9701.0,9820.0,0.000573368435317105
1608,ITC,2018-11-06,2018-12-05,0.045393258426966294,281.1,281.0,-1.614843771859716e-05
1609,SYNGENE,2018-11-06,2018-12-05,0.044044943820224725,290.0,277.65,-0.001875707090275091
1610,LT,2018-11-06,2018-12-05,0.04269662921348315,1350.15,1412.0,0.001955920836095196
1611,KOTAKBANK,2018-11-06,2018-12-05,0.04134831460674157,1128.45,1221.55,0.003411341299913719
1612,HINDUNILVR,2018-11-06,2018-12-05,0.04,1650.0,1803.0,0.0037090909090909093
1613,TCS,2018-11-06,2018-12-05,0.038651685393258424,1894.0,2006.0,0.0022856329271620612
1614,BRITANNIA,2018-11-06,2018-12-05,0.03730337078651685,2862.25,3090.0,0.002968239216221229
1615,INFY,2018-11-06,2018-12-05,0.03595505617977528,667.9,683.0,0.0008128781978059702
1616,TATACHEM,2018-11-06,2018-12-05,0.0346067415730337,681.25,682.5,6.349860839088752e-05
1617,ASIANPAINT,2018-11-06,2018-12-05,0.03325842696629212,1242.2,1328.5,0.0023105798158034206
1618,ZEEL,2018-11-06,2018-12-05,0.03191011235955055,440.95,481.4,0.0029272344822402077
1619,GODREJAGRO,2018-11-06,2018-12-05,0.030561797752808977,531.0,507.1,-0.0013755686747497814
1620,HEROMOTOCO,2018-11-06,2018-12-05,0.0292134831460674,2864.0,3059.9,0.0019982267277634798
1621,INDUSTOWER,2018-11-06,2018-12-05,0.027865168539325826,261.15,255.0,-0.000656215916204684
1622,BHARATFIN,2018-11-06,2018-12-05,0.026516853932584253,919.6,1022.0,0.0029527249268123386
1623,MGL,2018-11-06,2018-12-05,0.025168539325842676,850.0,855.0,0.00014805023132848634
1624,HDFC,2018-11-06,2018-12-05,0.023820224719101103,1801.4,1927.0,0.0016608305899406552
1625,HDFCBANK,2018-12-04,2019-01-02,0.056179775280898896,1052.7,1071.4,0.0009979688398905784
1626,SANOFI,2018-12-04,2019-01-02,0.05483146067415732,4198.67,4228.87,0.00039438920238064456
1627,NTPC,2018-12-04,2019-01-02,0.05348314606741574,144.75,147.95,0.0011823562515767168
1628,MRF,2018-12-04,2019-01-02,0.05213483146067417,66800.0,66500.0,-0.00023413846464374628
1629,PGHH,2018-12-04,2019-01-02,0.050786516853932595,9599.85,9900.05,0.0015881615191435815
1630,WIPRO,2018-12-04,2019-01-02,0.04943820224719102,123.4,123.61,8.413308324076015e-05
1631,COLPAL,2018-12-04,2019-01-02,0.04808988764044945,1273.35,1315.0,0.0015729719403343339
1632,SYNGENE,2018-12-04,2019-01-02,0.04674157303370787,274.5,280.625,0.0010429585968359223
1633,GODREJAGRO,2018-12-04,2019-01-02,0.045393258426966294,508.0,501.2,-0.0006076262939042743
1634,POWERGRID,2018-12-04,2019-01-02,0.044044943820224725,103.68,112.56,0.0037723678734914675
1635,ITC,2018-12-04,2019-01-02,0.04269662921348315,281.0,282.25,0.00018993162461513856
1636,LT,2018-12-04,2019-01-02,0.04134831460674157,1423.05,1441.0,0.0005215573923551618
1637,TATACHEM,2018-12-04,2019-01-02,0.04,697.05,706.9,0.0005652392224374162
1638,MGL,2018-12-04,2019-01-02,0.038651685393258424,856.0,907.0,0.00230284574188806
1639,ASIANPAINT,2018-12-04,2019-01-02,0.03730337078651685,1336.55,1367.0,0.0008498654299872357
1640,KOTAKBANK,2018-12-04,2019-01-02,0.03595505617977528,1227.0,1247.9,0.0006124373872512686
1641,HINDUNILVR,2018-12-04,2019-01-02,0.0346067415730337,1835.0,1792.4,-0.0008034044637663392
1642,BRITANNIA,2018-12-04,2019-01-02,0.03325842696629212,3100.2,3100.0,-2.1455665419174166e-06
1643,ALKEM,2018-12-04,2019-01-02,0.03191011235955055,1899.0,1925.0,0.00043689463999384645
1644,TCS,2018-12-04,2019-01-02,0.030561797752808977,1983.0,1905.0,-0.0012021282020772063
1645,OFSS,2018-12-04,2019-01-02,0.0292134831460674,3449.0,3738.95,0.002455914595013696
1646,COALINDIA,2018-12-04,2019-01-02,0.027865168539325826,248.9,240.9,-0.0008956261483109948
1647,INFY,2018-12-04,2019-01-02,0.026516853932584253,672.55,666.0,-0.00025824904209118384
1648,ZEEL,2018-12-04,2019-01-02,0.025168539325842676,478.0,476.05,-0.00010267500352592664
1649,HDFC,2018-12-04,2019-01-02,0.023820224719101103,1980.0,2004.7,0.0002971512881625244
1650,HDFCBANK,2019-01-03,2019-02-01,0.056179775280898896,1062.1,1039.975,-0.0011703017871103362
1651,NTPC,2019-01-03,2019-02-01,0.05483146067415732,147.0,140.0,-0.002611021936864634
1652,SANOFI,2019-01-03,2019-02-01,0.05348314606741574,4156.67,4309.33,0.001964249526339998
1653,PGHH,2019-01-03,2019-02-01,0.05213483146067417,9928.95,9988.95,0.0003150474005449166
1654,MRF,2019-01-03,2019-02-01,0.050786516853932595,66750.0,61489.2,-0.0040026622901148876
1655,ITC,2019-01-03,2019-02-01,0.04943820224719102,280.6,280.65,8.80937317304812e-06
1656,GODREJAGRO,2019-01-03,2019-02-01,0.04808988764044945,500.0,501.9,0.00018274157303370574
1657,LT,2019-01-03,2019-02-01,0.04674157303370787,1426.0,1315.5,-0.0036219802385867605
1658,WIPRO,2019-01-03,2019-02-01,0.045393258426966294,122.93,139.14,0.005985721297495507
1659,SYNGENE,2019-01-03,2019-02-01,0.044044943820224725,276.825,289.975,0.00209226410633417
1660,POWERGRID,2019-01-03,2019-02-01,0.04269662921348315,110.18,107.95,-0.0008641630345440877
1661,MGL,2019-01-03,2019-02-01,0.04134831460674157,900.0,926.9,0.0012358551810237193
1662,COLPAL,2019-01-03,2019-02-01,0.04,1301.0,1286.45,-0.00044734819369715464
1663,GSPL,2019-01-03,2019-02-01,0.038651685393258424,175.9,176.7,0.00017578935937809025
1664,TATACHEM,2019-01-03,2019-02-01,0.03730337078651685,701.5,678.0,-0.0012496496272033442
1665,HINDUNILVR,2019-01-03,2019-02-01,0.03595505617977528,1782.6,1763.25,-0.0003902896539204804
1666,ALKEM,2019-01-03,2019-02-01,0.0346067415730337,1957.95,1878.55,-0.001403393999284394
1667,TCS,2019-01-03,2019-02-01,0.03325842696629212,1919.0,2009.5,0.0015684667224853763
1668,HDFCLIFE,2019-01-03,2019-02-01,0.03191011235955055,392.65,372.85,-0.0016091181070141335
1669,INFY,2019-01-03,2019-02-01,0.030561797752808977,672.0,751.35,0.0036087479935794538
1670,BRITANNIA,2019-01-03,2019-02-01,0.0292134831460674,3116.85,3201.0,0.0007887176497879509
1671,INDUSTOWER,2019-01-03,2019-02-01,0.027865168539325826,265.0,296.0,0.0032596989612041533
1672,ASIANPAINT,2019-01-03,2019-02-01,0.026516853932584253,1381.8,1412.4,0.0005872164787502402
1673,ABB,2019-01-03,2019-02-01,0.025168539325842676,1318.9,1290.0,-0.0005514980563476045
1674,COALINDIA,2019-01-03,2019-02-01,0.023820224719101103,238.7,224.35,-0.001432007644403438
1675,HDFCBANK,2019-02-05,2019-03-06,0.056179775280898896,1054.0,1055.0,5.330149457390787e-05
1676,PGHH,2019-02-05,2019-03-06,0.05483146067415732,9880.0,11245.0,0.007575399172087525
1677,NTPC,2019-02-05,2019-03-06,0.05348314606741574,137.0,147.7,0.004177150824243415
1678,SANOFI,2019-02-05,2019-03-06,0.05213483146067417,4296.67,3860.07,-0.005297606615292852
1679,GODREJAGRO,2019-02-05,2019-03-06,0.050786516853932595,480.0,509.8,0.00315299625468165
1680,MRF,2019-02-05,2019-03-06,0.04943820224719102,60299.0,58040.0,-0.0018521185902984215
1681,MGL,2019-02-05,2019-03-06,0.04808988764044945,944.0,899.0,-0.0022924204913349843
1682,ALKEM,2019-02-05,2019-03-06,0.04674157303370787,1900.35,1756.0,-0.0035504754742103966
1683,ITC,2019-02-05,2019-03-06,0.045393258426966294,277.35,285.0,0.0012520585071797046
1684,PIIND,2019-02-05,2019-03-06,0.044044943820224725,835.0,956.85,0.00642739689161004
1685,LT,2019-02-05,2019-03-06,0.04269662921348315,1310.7,1310.5,-6.515088000838155e-06
1686,COLPAL,2019-02-05,2019-03-06,0.04134831460674157,1292.0,1247.0,-0.0014401502765505965
1687,POWERGRID,2019-02-05,2019-03-06,0.04,104.08,103.51,-0.0002190622598001511
1688,TATACHEM,2019-02-05,2019-03-06,0.038651685393258424,657.35,588.0,-0.004077727819308546
1689,GICRE,2019-02-05,2019-03-06,0.03730337078651685,250.0,250.2,2.984269662921178e-05
1690,HINDUNILVR,2019-02-05,2019-03-06,0.03595505617977528,1805.0,1726.1,-0.0015716642285785443
1691,COALINDIA,2019-02-05,2019-03-06,0.0346067415730337,222.0,241.15,0.0029852211762324125
1692,HDFCLIFE,2019-02-05,2019-03-06,0.03325842696629212,375.0,379.8,0.0004257078651685402
1693,SYNGENE,2019-02-05,2019-03-06,0.03191011235955055,298.075,297.5,-6.155603323573332e-05
1694,TCS,2019-02-05,2019-03-06,0.030561797752808977,2050.0,1989.3,-0.0009049273773636615
1695,BAJAJ-AUTO,2019-02-05,2019-03-06,0.0292134831460674,2647.0,2895.65,0.0027442132921305863
1696,WIPRO,2019-02-05,2019-03-06,0.027865168539325826,139.1,137.2,-0.0003806169678268816
1697,BRITANNIA,2019-02-05,2019-03-06,0.026516853932584253,3278.0,3086.95,-0.0015454682561989708
1698,COROMANDEL,2019-02-05,2019-03-06,0.025168539325842676,461.7,460.0,-9.267168476052039e-05
1699,ASIANPAINT,2019-02-05,2019-03-06,0.023820224719101103,1444.95,1408.0,-0.0006091264772973367
1700,HDFCBANK,2019-03-06,2019-04-04,0.056179775280898896,1055.0,1146.375,0.004865807550987807
1701,PGHH,2019-03-06,2019-04-04,0.05483146067415732,11245.0,10834.0,-0.002004066726285341
1702,ALKEM,2019-03-06,2019-04-04,0.05348314606741574,1756.0,1748.0,-0.00024365897980599426
1703,SANOFI,2019-03-06,2019-04-04,0.05213483146067417,3860.07,3933.33,0.000989463339475444
1704,MGL,2019-03-06,2019-04-04,0.050786516853932595,899.0,1006.25,0.0060587919161115365
1705,LT,2019-03-06,2019-04-04,0.04943820224719102,1310.5,1384.9,0.002806716709035495
1706,ITC,2019-03-06,2019-04-04,0.04808988764044945,285.0,296.0,0.0018561009264734874
1707,MRF,2019-03-06,2019-04-04,0.04674157303370787,58040.0,60262.0,0.0017894516761009457
1708,NTPC,2019-03-06,2019-04-04,0.045393258426966294,147.7,134.8,-0.003964610925577957
1709,HINDUNILVR,2019-03-06,2019-04-04,0.044044943820224725,1726.1,1668.0,-0.0014825393870314886
1710,POWERGRID,2019-03-06,2019-04-04,0.04269662921348315,103.51,113.88,0.004277500192675295
1711,COLPAL,2019-03-06,2019-04-04,0.04134831460674157,1247.0,1245.0,-6.63164628817026e-05
1712,GODREJAGRO,2019-03-06,2019-04-04,0.04,509.8,521.0,0.0008787759905845421
1713,PIIND,2019-03-06,2019-04-04,0.038651685393258424,956.85,1040.05,0.0033608404919465936
1714,SYNGENE,2019-03-06,2019-04-04,0.03730337078651685,297.5,295.0,-0.0003134737040883769
1715,ABB,2019-03-06,2019-04-04,0.03595505617977528,1238.0,1335.0,0.0028171570673975782
1716,TATACHEM,2019-03-06,2019-04-04,0.0346067415730337,588.0,590.15,0.00012653825575173754
1717,RAJESHEXPO,2019-03-06,2019-04-04,0.03325842696629212,573.0,683.0,0.0063846892954487495
1718,COALINDIA,2019-03-06,2019-04-04,0.03191011235955055,241.15,235.0,-0.0008137971843717026
1719,COROMANDEL,2019-03-06,2019-04-04,0.030561797752808977,460.0,469.55,0.0006344894968246219
1720,ASIANPAINT,2019-03-06,2019-04-04,0.0292134831460674,1408.0,1504.8,0.002008426966292133
1721,BAJAJ-AUTO,2019-03-06,2019-04-04,0.027865168539325826,2895.65,2862.0,-0.0003238177684969926
1722,BRITANNIA,2019-03-06,2019-04-04,0.026516853932584253,3086.95,3001.95,-0.0007301487177536602
1723,MARICO,2019-03-06,2019-04-04,0.025168539325842676,336.85,356.35,0.0014569883237462733
1724,NIACL,2019-03-06,2019-04-04,0.023820224719101103,204.0,190.2,-0.001611368142762723
1725,HDFCBANK,2019-04-04,2019-05-03,0.056179775280898896,1146.375,1182.1,0.0017507556182838147
1726,ALKEM,2019-04-04,2019-05-03,0.05483146067415732,1748.0,1727.95,-0.0006289306559020891
1727,PGHH,2019-04-04,2019-05-03,0.05348314606741574,10834.0,10136.0,-0.003445748195962358
1728,GSKCONS,2019-04-04,2019-05-03,0.05213483146067417,7018.25,7161.0,0.0010604135206085902
1729,SANOFI,2019-04-04,2019-05-03,0.050786516853932595,3933.33,3716.67,-0.002797478660975059
1730,ITC,2019-04-04,2019-05-03,0.04943820224719102,296.0,304.25,0.0013779228666869119
1731,HINDUNILVR,2019-04-04,2019-05-03,0.04808988764044945,1668.0,1720.0,0.0014992051302778005
1732,LT,2019-04-04,2019-05-03,0.04674157303370787,1384.9,1362.0,-0.0007728948100743118
1733,MRF,2019-04-04,2019-05-03,0.045393258426966294,60262.0,52500.0,-0.00584684331602191
1734,HDFCAMC,2019-04-04,2019-05-03,0.044044943820224725,1560.0,1701.1,0.003983808700662631
1735,POWERGRID,2019-04-04,2019-05-03,0.04269662921348315,113.88,107.92,-0.002234561908257458
1736,RAJESHEXPO,2019-04-04,2019-05-03,0.04134831460674157,683.0,680.05,-0.00017859081711550442
1737,MGL,2019-04-04,2019-05-03,0.04,1006.25,956.25,-0.001987577639751553
1738,ABB,2019-04-04,2019-05-03,0.038651685393258424,1335.0,1476.0,0.004082312839287968
1739,GODREJAGRO,2019-04-04,2019-05-03,0.03730337078651685,521.0,520.0,-7.159956005089606e-05
1740,COLPAL,2019-04-04,2019-05-03,0.03595505617977528,1245.0,1188.0,-0.001646135102206579
1741,BAJAJ-AUTO,2019-04-04,2019-05-03,0.0346067415730337,2862.0,3028.0,0.002007239378449893
1742,SYNGENE,2019-04-04,2019-05-03,0.03325842696629212,295.0,303.5,0.0009582936583507899
1743,OFSS,2019-04-04,2019-05-03,0.03191011235955055,3524.0,3445.0,-0.0007153515540307871
1744,PIIND,2019-04-04,2019-05-03,0.030561797752808977,1040.05,1042.05,5.876986251201188e-05
1745,BRITANNIA,2019-04-04,2019-05-03,0.0292134831460674,3001.95,2782.95,-0.002131198990319213
1746,TATACHEM,2019-04-04,2019-05-03,0.027865168539325826,590.15,575.0,-0.0007153389873265875
1747,HDFCLIFE,2019-04-04,2019-05-03,0.026516853932584253,385.15,402.0,0.0011600908445126453
1748,HDFC,2019-04-04,2019-05-03,0.025168539325842676,2008.0,2017.5,0.00011907426473879753
1749,COALINDIA,2019-04-04,2019-05-03,0.023820224719101103,235.0,253.05,0.0018295959837437243
1750,HDFCBANK,2019-05-07,2019-06-06,0.056179775280898896,1175.95,1226.6,0.002419750514883729
1751,ALKEM,2019-05-07,2019-06-06,0.05483146067415732,1712.1,1767.3,0.0017678270131496329
1752,GSKCONS,2019-05-07,2019-06-06,0.05348314606741574,6972.45,7620.1,0.004967889271427093
1753,ITC,2019-05-07,2019-06-06,0.05213483146067417,308.25,280.4,-0.004710316483957103
1754,HINDUNILVR,2019-05-07,2019-06-06,0.050786516853932595,1678.8,1822.15,0.004336578026573293
1755,PGHH,2019-05-07,2019-06-06,0.04943820224719102,10427.95,10939.85,0.002426883110327251
1756,LT,2019-05-07,2019-06-06,0.04808988764044945,1357.4,1569.65,0.0075195805596621436
1757,HINDZINC,2019-05-07,2019-06-06,0.04674157303370787,273.7,248.4,-0.004320649608157868
1758,SANOFI,2019-05-07,2019-06-06,0.045393258426966294,3717.4,3600.0,-0.001433574148417132
1759,HDFC,2019-05-07,2019-06-06,0.044044943820224725,1974.8,2230.0,0.005691852168787397
1760,BOSCHLTD,2019-05-07,2019-06-06,0.04269662921348315,18022.0,17540.0,-0.0011419251626289466
1761,ABB,2019-05-07,2019-06-06,0.04134831460674157,1475.0,1560.0,0.002382784231574938
1762,CIPLA,2019-05-07,2019-06-06,0.04,564.0,565.0,7.092198581560284e-05
1763,BAJAJ-AUTO,2019-05-07,2019-06-06,0.038651685393258424,3026.0,3002.0,-0.00030655665877006024
1764,RAJESHEXPO,2019-05-07,2019-06-06,0.03730337078651685,677.2,657.55,-0.0010824147016465732
1765,MRF,2019-05-07,2019-06-06,0.03595505617977528,54000.0,57599.95,0.002396970453599665
1766,PFIZER,2019-05-07,2019-06-06,0.0346067415730337,3160.0,3111.0,-0.0005366235243919783
1767,HDFCAMC,2019-05-07,2019-06-06,0.03325842696629212,1645.0,1813.0,0.0033966053071957914
1768,ARE&M,2019-05-07,2019-06-06,0.03191011235955055,649.0,637.9,-0.0005457661744083387
1769,OFSS,2019-05-07,2019-06-06,0.030561797752808977,3425.0,3386.0,-0.00034800295251373724
1770,GODREJAGRO,2019-05-07,2019-06-06,0.0292134831460674,522.0,512.85,-0.0005120754229626744
1771,ASIANPAINT,2019-05-07,2019-06-06,0.027865168539325826,1426.8,1434.95,0.0001591681550290917
1772,SYNGENE,2019-05-07,2019-06-06,0.026516853932584253,305.0,340.0,0.003042917664394914
1773,POWERGRID,2019-05-07,2019-06-06,0.025168539325842676,107.69,110.24,0.0005959678269189224
1774,COALINDIA,2019-05-07,2019-06-06,0.023820224719101103,252.0,263.9,0.001124843945068661
1775,HINDUNILVR,2019-06-04,2019-07-03,0.056179775280898896,1831.0,1793.0,-0.0011659374443878526
1776,HDFCBANK,2019-06-04,2019-07-03,0.05483146067415732,1227.5,1249.5,0.0009827227167669744
1777,ALKEM,2019-06-04,2019-07-03,0.05348314606741574,1778.0,1711.0,-0.002015394143147837
1778,GSKCONS,2019-06-04,2019-07-03,0.05213483146067417,7647.8,7799.65,0.0010351570591939309
1779,PGHH,2019-06-04,2019-07-03,0.050786516853932595,11047.0,10991.0,-0.000257449528724561
1780,CIPLA,2019-06-04,2019-07-03,0.04943820224719102,564.0,555.35,-0.0007582277472308531
1781,SANOFI,2019-06-04,2019-07-03,0.04808988764044945,3649.93,3767.87,0.0015539260611339425
1782,ITC,2019-06-04,2019-07-03,0.04674157303370787,279.25,274.3,-0.0008285435506422684
1783,COLPAL,2019-06-04,2019-07-03,0.045393258426966294,1169.7,1148.0,-0.0008421250815295978
1784,OFSS,2019-06-04,2019-07-03,0.044044943820224725,3415.5,3245.0,-0.002198700899238271
1785,HINDZINC,2019-06-04,2019-07-03,0.04269662921348315,248.6,243.0,-0.0009617905213013089
1786,BOSCHLTD,2019-06-04,2019-07-03,0.04134831460674157,17419.3,16720.0,-0.0016599333156036324
1787,BRITANNIA,2019-06-04,2019-07-03,0.04,2970.2,2779.0,-0.0025749107804188247
1788,INFY,2019-06-04,2019-07-03,0.038651685393258424,737.25,741.0,0.00019660063780904587
1789,MINDTREE,2019-06-04,2019-07-03,0.03730337078651685,981.4,917.45,-0.0024307627489278073
1790,HDFCAMC,2019-06-04,2019-07-03,0.03595505617977528,1780.0,2001.95,0.004483272314101755
1791,POWERGRID,2019-06-04,2019-07-03,0.0346067415730337,108.85,117.7,0.002813685465515375
1792,COFORGE,2019-06-04,2019-07-03,0.03325842696629212,261.6,269.0,0.0009407964814623889
1793,BAJAJ-AUTO,2019-06-04,2019-07-03,0.03191011235955055,3026.2,2900.0,-0.0013307303482173267
1794,ARE&M,2019-06-04,2019-07-03,0.030561797752808977,638.0,625.0,-0.000622732556091719
1795,MRF,2019-06-04,2019-07-03,0.0292134831460674,56026.0,56700.0,0.00035144196695194063
1796,RAJESHEXPO,2019-06-04,2019-07-03,0.027865168539325826,658.5,719.0,0.00256012558333973
1797,TITAN,2019-06-04,2019-07-03,0.026516853932584253,1267.0,1329.55,0.0013090996160087954
1798,HDFC,2019-06-04,2019-07-03,0.025168539325842676,2220.0,2280.0,0.0006802307925903426
1799,OIL,2019-06-04,2019-07-03,0.023820224719101103,121.13,118.33,-0.0005506202362212748
1800,HINDUNILVR,2019-07-04,2019-08-02,0.056179775280898896,1780.55,1722.2,-0.001841054667176123
1801,HDFCBANK,2019-07-04,2019-08-02,0.05483146067415732,1247.4,1105.5,-0.006237441293621074
1802,COLPAL,2019-07-04,2019-08-02,0.05348314606741574,1150.0,1180.0,0.0013952125061064975
1803,GSKCONS,2019-07-04,2019-08-02,0.05213483146067417,7801.0,7398.0,-0.0026932876655110486
1804,ALKEM,2019-07-04,2019-08-02,0.050786516853932595,1716.85,1716.0,-2.514403665191373e-05
1805,COFORGE,2019-07-04,2019-08-02,0.04943820224719102,265.4,239.24,-0.004873034554583705
1806,ITC,2019-07-04,2019-08-02,0.04808988764044945,277.45,267.2,-0.001776613257576525
1807,PGHH,2019-07-04,2019-08-02,0.04674157303370787,10900.0,10710.0,-0.0008147613648077519
1808,KOTAKBANK,2019-07-04,2019-08-02,0.045393258426966294,1475.0,1488.0,0.0004000761759664826
1809,SANOFI,2019-07-04,2019-08-02,0.044044943820224725,3800.0,4034.27,0.0027153707865168538
1810,INFY,2019-07-04,2019-08-02,0.04269662921348315,729.0,765.05,0.0021114039549328745
1811,OFSS,2019-07-04,2019-08-02,0.04134831460674157,3210.0,3260.0,0.0006440547446532954
1812,CIPLA,2019-07-04,2019-08-02,0.04,554.65,509.0,-0.0032921662309564575
1813,ASIANPAINT,2019-07-04,2019-08-02,0.038651685393258424,1356.0,1509.0,0.004361141493487123
1814,MINDTREE,2019-07-04,2019-08-02,0.03730337078651685,904.0,691.8,-0.008756388585065129
1815,MARICO,2019-07-04,2019-08-02,0.03595505617977528,372.0,364.8,-0.0006959043131569397
1816,BOSCHLTD,2019-07-04,2019-08-02,0.0346067415730337,16715.0,14420.2,-0.004751154685121012
1817,HINDZINC,2019-07-04,2019-08-02,0.03325842696629212,241.0,208.95,-0.004422956781201921
1818,MRF,2019-07-04,2019-08-02,0.03191011235955055,56810.0,53050.0,-0.002111987721737548
1819,TITAN,2019-07-04,2019-08-02,0.030561797752808977,1321.8,1062.0,-0.006006926203797678
1820,HDFC,2019-07-04,2019-08-02,0.0292134831460674,2277.0,2075.25,-0.002588414679279358
1821,BAJAJ-AUTO,2019-07-04,2019-08-02,0.027865168539325826,2900.0,2517.1,-0.003679163115071676
1822,BRITANNIA,2019-07-04,2019-08-02,0.026516853932584253,2790.0,2588.9,-0.0019113044178647638
1823,POWERGRID,2019-07-04,2019-08-02,0.025168539325842676,118.15,120.39,0.00047716909090044407
1824,DABUR,2019-07-04,2019-08-02,0.023820224719101103,407.65,424.0,0.0009553800420883198
1825,HINDUNILVR,2019-08-06,2019-09-04,0.056179775280898896,1731.5,1847.0,0.003747481400487336
1826,HDFCBANK,2019-08-06,2019-09-04,0.05483146067415732,1083.5,1103.5,0.0010121174097675555
1827,GSKCONS,2019-08-06,2019-09-04,0.05348314606741574,7425.0,8002.0,0.004156198691030153
1828,ITC,2019-08-06,2019-09-04,0.05213483146067417,258.75,241.6,-0.0034555067035770526
1829,COLPAL,2019-08-06,2019-09-04,0.050786516853932595,1195.0,1245.0,0.00212495886418128
1830,COFORGE,2019-08-06,2019-09-04,0.04943820224719102,238.5,295.2,0.011753232987068051
1831,ALKEM,2019-08-06,2019-09-04,0.04808988764044945,1688.0,1880.0,0.005469939826401833
1832,MARICO,2019-08-06,2019-09-04,0.04674157303370787,374.0,386.1,0.0015122273628552574
1833,PGHH,2019-08-06,2019-09-04,0.045393258426966294,10500.0,10161.2,-0.0014646891385767758
1834,SANOFI,2019-08-06,2019-09-04,0.044044943820224725,4033.33,4126.0,0.0010119789215909008
1835,CIPLA,2019-08-06,2019-09-04,0.04269662921348315,518.0,471.1,-0.0038657758882477966
1836,KOTAKBANK,2019-08-06,2019-09-04,0.04134831460674157,1454.3,1414.1,-0.0011429569189238898
1837,MRF,2019-08-06,2019-09-04,0.04,53200.0,57801.55,0.00345981203007519
1838,UBL,2019-08-06,2019-09-04,0.038651685393258424,1406.7,1318.6,-0.0024207105162053545
1839,INFY,2019-08-06,2019-09-04,0.03730337078651685,778.8,810.75,0.0015303578539152735
1840,DABUR,2019-08-06,2019-09-04,0.03595505617977528,428.15,443.55,0.0012932567211690776
1841,ASIANPAINT,2019-08-06,2019-09-04,0.0346067415730337,1530.0,1579.0,0.0011083204817507524
1842,BRITANNIA,2019-08-06,2019-09-04,0.03325842696629212,2563.0,2710.0,0.0019075258540947884
1843,HCLTECH,2019-08-06,2019-09-04,0.03191011235955055,505.55,556.175,0.003195429607758372
1844,BOSCHLTD,2019-08-06,2019-09-04,0.030561797752808977,14250.0,13974.0,-0.0005919337670017738
1845,AXISBANK,2019-08-06,2019-09-04,0.0292134831460674,658.7,644.2,-0.0006430780410171205
1846,HDFC,2019-08-06,2019-09-04,0.027865168539325826,2146.05,2091.65,-0.0007063512819083093
1847,GODREJCP,2019-08-06,2019-09-04,0.026516853932584253,614.95,604.0,-0.0004721677381279759
1848,MPHASIS,2019-08-06,2019-09-04,0.025168539325842676,946.0,974.0,0.0007449461956909037
1849,BAJAJ-AUTO,2019-08-06,2019-09-04,0.023820224719101103,2600.0,2774.4,0.001597787381158167
1850,HINDUNILVR,2019-09-04,2019-10-03,0.056179775280898896,1847.0,1984.75,0.004189910148859677
1851,COLPAL,2019-09-04,2019-10-03,0.05483146067415732,1245.0,1499.7,0.011217327737917969
1852,GSKCONS,2019-09-04,2019-10-03,0.05348314606741574,8002.0,8588.8,0.003922008261979445
1853,PGHH,2019-09-04,2019-10-03,0.05213483146067417,10161.2,11999.95,0.009434212627279713
1854,SANOFI,2019-09-04,2019-10-03,0.050786516853932595,4126.0,3907.33,-0.002691586922067243
1855,HDFCBANK,2019-09-04,2019-10-03,0.04943820224719102,1103.5,1239.95,0.006113133390692539
1856,ALKEM,2019-09-04,2019-10-03,0.04808988764044945,1880.0,1916.0,0.0009208701888596704
1857,ITC,2019-09-04,2019-10-03,0.04674157303370787,241.6,257.7,0.003114815090408512
1858,MARICO,2019-09-04,2019-10-03,0.045393258426966294,386.1,386.4,3.5270597068344526e-05
1859,MRF,2019-09-04,2019-10-03,0.044044943820224725,57801.55,61863.4,0.0030951411347304655
1860,NATCOPHARM,2019-09-04,2019-10-03,0.04269662921348315,535.0,570.0,0.002793237425181141
1861,INFY,2019-09-04,2019-10-03,0.04134831460674157,810.75,792.55,-0.0009282014503147684
1862,DABUR,2019-09-04,2019-10-03,0.04,443.55,436.1,-0.0006718521023559903
1863,KOTAKBANK,2019-09-04,2019-10-03,0.038651685393258424,1414.1,1644.25,0.0062907046130107
1864,ASIANPAINT,2019-09-04,2019-10-03,0.03730337078651685,1579.0,1765.0,0.004394190605631496
1865,GODREJCP,2019-09-04,2019-10-03,0.03595505617977528,604.0,678.1,0.004411042488280379
1866,WIPRO,2019-09-04,2019-10-03,0.0346067415730337,125.75,117.1,-0.002380503495878662
1867,CIPLA,2019-09-04,2019-10-03,0.03325842696629212,471.1,411.0,-0.004242902697249326
1868,TECHM,2019-09-04,2019-10-03,0.03191011235955055,705.0,705.25,1.1315642680691686e-05
1869,COFORGE,2019-09-04,2019-10-03,0.030561797752808977,295.2,271.62,-0.0024412167717182765
1870,DRREDDY,2019-09-04,2019-10-03,0.0292134831460674,507.98,535.96,0.0016091051978955203
1871,UBL,2019-09-04,2019-10-03,0.027865168539325826,1318.6,1321.15,5.388759273114359e-05
1872,MPHASIS,2019-09-04,2019-10-03,0.026516853932584253,974.0,940.0,-0.0009256396649978076
1873,TCS,2019-09-04,2019-10-03,0.025168539325842676,2265.0,2070.0,-0.0021668278889798334
1874,PIDILITIND,2019-09-04,2019-10-03,0.023820224719101103,1351.95,1444.9,0.0016377010153041521
1875,MARICO,2019-10-04,2019-11-04,0.056179775280898896,384.6,371.0,-0.0019865963177852996
1876,SANOFI,2019-10-04,2019-11-04,0.05483146067415732,3896.67,4466.67,0.008020677292218656
1877,DABUR,2019-10-04,2019-11-04,0.05348314606741574,434.75,464.2,0.003622952620322928
1878,WIPRO,2019-10-04,2019-11-04,0.05213483146067417,119.0,129.65,0.00466584836181664
1879,MPHASIS,2019-10-04,2019-11-04,0.050786516853932595,940.0,951.2,0.0006051159454936674
1880,HINDUNILVR,2019-10-04,2019-11-04,0.04943820224719102,1966.0,2179.35,0.005365025660955341
1881,NATCOPHARM,2019-10-04,2019-11-04,0.04808988764044945,566.2,584.1,0.0015203267198234615
1882,ALKEM,2019-10-04,2019-11-04,0.04674157303370787,1919.9,2014.1,0.0022933778737305446
1883,TCS,2019-10-04,2019-11-04,0.045393258426966294,2060.6,2207.0,0.0032250669871434876
1884,NESTLEIND,2019-10-04,2019-11-04,0.044044943820224725,689.6,749.42,0.0038207200396256384
1885,PGHH,2019-10-04,2019-11-04,0.04269662921348315,11740.0,12115.8,0.001366728556935855
1886,COFORGE,2019-10-04,2019-11-04,0.04134831460674157,273.6,310.68,0.005603784742755762
1887,HCLTECH,2019-10-04,2019-11-04,0.04,538.0,580.025,0.0031245353159851286
1888,INFY,2019-10-04,2019-11-04,0.038651685393258424,790.0,681.8,-0.0052938131133551435
1889,POWERGRID,2019-10-04,2019-11-04,0.03730337078651685,112.53,111.88,-0.00021547312726593942
1890,TECHM,2019-10-04,2019-11-04,0.03595505617977528,705.0,760.45,0.002827954418678781
1891,DRREDDY,2019-10-04,2019-11-04,0.0346067415730337,537.4,553.05,0.0010078070443207605
1892,ITC,2019-10-04,2019-11-04,0.03325842696629212,263.0,262.95,-6.322894860513248e-06
1893,IPCALAB,2019-10-04,2019-11-04,0.03191011235955055,452.65,512.5,0.004219198552345304
1894,GODREJAGRO,2019-10-04,2019-11-04,0.030561797752808977,469.05,515.0,0.0029939550298295962
1895,GODREJCP,2019-10-04,2019-11-04,0.0292134831460674,664.7,738.0,0.003221525973532028
1896,CIPLA,2019-10-04,2019-11-04,0.027865168539325826,419.5,471.4,0.003447442782338521
1897,HDFCBANK,2019-10-04,2019-11-04,0.026516853932584253,1236.65,1246.45,0.00021013639149260053
1898,COLPAL,2019-10-04,2019-11-04,0.025168539325842676,1496.95,1530.0,0.0005556766924206548
1899,KOTAKBANK,2019-10-04,2019-11-04,0.023820224719101103,1630.0,1584.0,-0.0006722272006617489
1900,WIPRO,2019-11-05,2019-12-04,0.056179775280898896,128.65,118.3,-0.004519709865194746
1901,MARICO,2019-11-05,2019-12-04,0.05483146067415732,365.6,346.05,-0.0029320433702947923
1902,DABUR,2019-11-05,2019-12-04,0.05348314606741574,459.05,452.9,-0.0007165261917320741
1903,NATCOPHARM,2019-11-05,2019-12-04,0.05213483146067417,591.9,583.7,-0.000722259871561961
1904,SANOFI,2019-11-05,2019-12-04,0.050786516853932595,4513.33,4693.6,0.0020284990003519464
1905,HINDUNILVR,2019-11-05,2019-12-04,0.04943820224719102,2153.5,2027.0,-0.002904078283849391
1906,TCS,2019-11-05,2019-12-04,0.04808988764044945,2197.0,2053.0,-0.003151999918172381
1907,RAJESHEXPO,2019-11-05,2019-12-04,0.04674157303370787,675.5,674.5,-6.91955189248081e-05
1908,ALKEM,2019-11-05,2019-12-04,0.045393258426966294,2029.8,2056.7,0.0006015758457411504
1909,MPHASIS,2019-11-05,2019-12-04,0.044044943820224725,937.05,851.95,-0.004000026379703452
1910,NESTLEIND,2019-11-05,2019-12-04,0.04269662921348315,742.0,716.5,-0.001467336987794906
1911,HCLTECH,2019-11-05,2019-12-04,0.04134831460674157,578.05,563.5,-0.0010407715206782943
1912,POWERGRID,2019-11-05,2019-12-04,0.04,110.1,107.1,-0.0010899182561307902
1913,ITC,2019-11-05,2019-12-04,0.038651685393258424,261.0,243.5,-0.0025915881010805455
1914,DRREDDY,2019-11-05,2019-12-04,0.03730337078651685,558.76,572.0,0.0008839155079345039
1915,PGHH,2019-11-05,2019-12-04,0.03595505617977528,12190.0,11300.0,-0.002625102543068088
1916,COFORGE,2019-11-05,2019-12-04,0.0346067415730337,317.02,288.77,-0.0030838447083408054
1917,GODREJCP,2019-11-05,2019-12-04,0.03325842696629212,724.7,717.4,-0.00033501658183239237
1918,TECHM,2019-11-05,2019-12-04,0.03191011235955055,772.0,746.9,-0.0010374919951097405
1919,HDFCBANK,2019-11-05,2019-12-04,0.030561797752808977,1241.0,1252.5,0.00028320763429275043
1920,GODREJAGRO,2019-11-05,2019-12-04,0.0292134831460674,519.0,485.0,-0.001913792730185533
1921,TATACHEM,2019-11-05,2019-12-04,0.027865168539325826,639.0,661.0,0.000959364175062861
1922,COLPAL,2019-11-05,2019-12-04,0.026516853932584253,1544.9,1450.1,-0.0016271588794154908
1923,BATAINDIA,2019-11-05,2019-12-04,0.025168539325842676,1730.55,1678.35,-0.0007591793087798612
1924,KOTAKBANK,2019-11-05,2019-12-04,0.023820224719101103,1568.6,1643.3,0.0011343687278572317
1925,MARICO,2019-12-04,2020-01-02,0.056179775280898896,346.05,345.75,-4.87037497016914e-05
1926,WIPRO,2019-12-04,2020-01-02,0.05483146067415732,118.3,123.3,0.0023174750918916872
1927,DABUR,2019-12-04,2020-01-02,0.05348314606741574,452.9,459.8,0.0008148238195300738
1928,TATACHEM,2019-12-04,2020-01-02,0.05213483146067417,661.0,672.2,0.0008833738462323043
1929,NATCOPHARM,2019-12-04,2020-01-02,0.050786516853932595,583.7,619.0,0.0030713792101144735
1930,HCLTECH,2019-12-04,2020-01-02,0.04943820224719102,563.5,572.55,0.0007939941975813247
1931,HINDUNILVR,2019-12-04,2020-01-02,0.04808988764044945,2027.0,1940.0,-0.002064045498134732
1932,TCS,2019-12-04,2020-01-02,0.04674157303370787,2053.0,2179.95,0.002890327665187144
1933,NESTLEIND,2019-12-04,2020-01-02,0.045393258426966294,716.5,742.45,0.0016440405529375818
1934,ITC,2019-12-04,2020-01-02,0.044044943820224725,243.5,238.2,-0.000958678448653764
1935,DRREDDY,2019-12-04,2020-01-02,0.04269662921348315,572.0,576.76,0.00035530761373457934
1936,POWERGRID,2019-12-04,2020-01-02,0.04134831460674157,107.1,110.55,0.001331948509740976
1937,RAJESHEXPO,2019-12-04,2020-01-02,0.04,674.5,679.0,0.00026686434395848773
1938,TECHM,2019-12-04,2020-01-02,0.038651685393258424,746.9,762.1,0.0007865920711976567
1939,SANOFI,2019-12-04,2020-01-02,0.03730337078651685,4693.6,4676.0,-0.00013987969273962633
1940,HDFCBANK,2019-12-04,2020-01-02,0.03595505617977528,1252.5,1279.0,0.0007607257395321716
1941,GODREJCP,2019-12-04,2020-01-02,0.0346067415730337,717.4,691.0,-0.0012735126533706285
1942,GODREJAGRO,2019-12-04,2020-01-02,0.03325842696629212,485.0,520.0,0.0024000926676705655
1943,ALKEM,2019-12-04,2020-01-02,0.03191011235955055,2056.7,2100.0,0.0006718081709381752
1944,GODREJIND,2019-12-04,2020-01-02,0.030561797752808977,428.2,430.05,0.00013203952789046544
1945,PGHH,2019-12-04,2020-01-02,0.0292134831460674,11300.0,11360.0,0.0001551158397136322
1946,PETRONET,2019-12-04,2020-01-02,0.027865168539325826,275.5,267.0,-0.0008597238932278385
1947,NTPC,2019-12-04,2020-01-02,0.026516853932584253,115.05,121.5,0.0014866032843560931
1948,MPHASIS,2019-12-04,2020-01-02,0.025168539325842676,851.95,923.8,0.0021226123018508055
1949,ASIANPAINT,2019-12-04,2020-01-02,0.023820224719101103,1731.2,1791.0,0.0008228104425844759
1950,WIPRO,2020-01-07,2020-02-05,0.056179775280898896,126.63,120.8,-0.0025864968008184512
1951,MARICO,2020-01-07,2020-02-05,0.05483146067415732,331.1,309.1,-0.0036432864235320475
1952,DABUR,2020-01-07,2020-02-05,0.05348314606741574,450.3,505.0,0.006496842304880392
1953,TATACHEM,2020-01-07,2020-02-05,0.05213483146067417,661.0,740.0,0.006230940522531406
1954,DRREDDY,2020-01-07,2020-02-05,0.050786516853932595,578.0,647.0,0.0060627502818708465
1955,HCLTECH,2020-01-07,2020-02-05,0.04943820224719102,582.0,589.4,0.0006285956986756227
1956,RAJESHEXPO,2020-01-07,2020-02-05,0.04808988764044945,691.45,718.5,0.0018813095099778079
1957,NATCOPHARM,2020-01-07,2020-02-05,0.04674157303370787,610.0,630.85,0.0015976422913980494
1958,HINDUNILVR,2020-01-07,2020-02-05,0.045393258426966294,1919.25,2167.4,0.005869134859268824
1959,POWERGRID,2020-01-07,2020-02-05,0.044044943820224725,109.19,109.73,0.00021782461455189695
1960,TECHM,2020-01-07,2020-02-05,0.04269662921348315,770.0,810.0,0.002218006712388735
1961,SANOFI,2020-01-07,2020-02-05,0.04134831460674157,4500.7,4482.67,-0.00016564314714589731
1962,NESTLEIND,2020-01-07,2020-02-05,0.04,721.18,823.8,0.005691782911339749
1963,TORNTPOWER,2020-01-07,2020-02-05,0.038651685393258424,282.4,305.0,0.0030932297800553873
1964,ITC,2020-01-07,2020-02-05,0.03730337078651685,236.05,216.3,-0.0031211250711023412
1965,ALKEM,2020-01-07,2020-02-05,0.03595505617977528,2095.0,2396.0,0.00516585771365745
1966,TCS,2020-01-07,2020-02-05,0.0346067415730337,2200.5,2115.0,-0.001344638220629121
1967,NTPC,2020-01-07,2020-02-05,0.03325842696629212,119.25,111.3,-0.0022172284644194754
1968,PETRONET,2020-01-07,2020-02-05,0.03191011235955055,268.0,270.5,0.0002976689585778969
1969,HDFCBANK,2020-01-07,2020-02-05,0.030561797752808977,1258.9,1234.9,-0.0005826381333445193
1970,PGHH,2020-01-07,2020-02-05,0.0292134831460674,11360.0,11659.0,0.000768911220129767
1971,SYNGENE,2020-01-07,2020-02-05,0.027865168539325826,321.1,311.05,-0.0008721424597328709
1972,BAJAJ-AUTO,2020-01-07,2020-02-05,0.026516853932584253,3045.5,3185.0,0.001214612091149402
1973,GODREJIND,2020-01-07,2020-02-05,0.025168539325842676,433.4,406.0,-0.0015911813048640718
1974,DIVISLAB,2020-01-07,2020-02-05,0.023820224719101103,1838.0,1962.05,0.0016076707706226827
1975,WIPRO,2020-02-04,2020-03-04,0.056179775280898896,119.5,112.45,-0.0033143716797517744
1976,TATACHEM,2020-02-04,2020-03-04,0.05483146067415732,750.0,315.0,-0.03180224719101125
1977,RAJESHEXPO,2020-02-04,2020-03-04,0.05348314606741574,726.3,678.0,-0.003556706533190387
1978,TORNTPOWER,2020-02-04,2020-03-04,0.05213483146067417,303.9,319.4,0.0026590651123410652
1979,DRREDDY,2020-02-04,2020-03-04,0.050786516853932595,630.8,613.0,-0.0014331008243500284
1980,HCLTECH,2020-02-04,2020-03-04,0.04943820224719102,583.0,569.0,-0.0011871952512189953
1981,TECHM,2020-02-04,2020-03-04,0.04808988764044945,794.3,754.0,-0.0024399124662093804
1982,DABUR,2020-02-04,2020-03-04,0.04674157303370787,498.2,511.0,0.001200907536795386
1983,NATCOPHARM,2020-02-04,2020-03-04,0.045393258426966294,625.95,608.05,-0.001298089824814603
1984,BAJAJ-AUTO,2020-02-04,2020-03-04,0.044044943820224725,3270.0,2720.0,-0.00740817097893688
1985,SANOFI,2020-02-04,2020-03-04,0.04269662921348315,4401.33,4940.0,0.0052255552886120715
1986,HINDUNILVR,2020-02-04,2020-03-04,0.04134831460674157,2177.0,2179.0,3.798650859599593e-05
1987,PETRONET,2020-02-04,2020-03-04,0.04,266.6,249.0,-0.0026406601650412636
1988,POWERGRID,2020-02-04,2020-03-04,0.038651685393258424,106.48,107.81,0.00048278307262428286
1989,SYNGENE,2020-02-04,2020-03-04,0.03730337078651685,315.0,297.4,-0.002084251828072055
1990,LUPIN,2020-02-04,2020-03-04,0.03595505617977528,717.65,653.2,-0.003229016053489186
1991,MINDTREE,2020-02-04,2020-03-04,0.0346067415730337,906.0,991.0,0.0032467693528784375
1992,GSPL,2020-02-04,2020-03-04,0.03325842696629212,252.3,236.0,-0.0021486815677786843
1993,MARICO,2020-02-04,2020-03-04,0.03191011235955055,309.0,298.35,-0.0010998145521980993
1994,VGUARD,2020-02-04,2020-03-04,0.030561797752808977,219.0,204.0,-0.002093273818685546
1995,GODREJIND,2020-02-04,2020-03-04,0.0292134831460674,402.0,414.95,0.000941081111297444
1996,HDFCBANK,2020-02-04,2020-03-04,0.027865168539325826,1198.0,1178.35,-0.0004570538913169909
1997,BATAINDIA,2020-02-04,2020-03-04,0.026516853932584253,1855.0,1625.8,-0.003276368151670249
1998,DIVISLAB,2020-02-04,2020-03-04,0.025168539325842676,1979.0,2183.0,0.0025944325530429034
1999,CIPLA,2020-02-04,2020-03-04,0.023820224719101103,446.7,425.6,-0.0011251550068794099
2000,WIPRO,2020-03-05,2020-04-03,0.056179775280898896,114.53,94.0,-0.010070468755058537
2001,DIVISLAB,2020-03-05,2020-04-03,0.05483146067415732,2175.0,1910.0,-0.006680614748805374
2002,RAJESHEXPO,2020-03-05,2020-04-03,0.05348314606741574,682.65,553.5,-0.010118433039781355
2003,DABUR,2020-03-05,2020-04-03,0.05213483146067417,520.0,444.5,-0.0075695764909248075
2004,HCLTECH,2020-03-05,2020-04-03,0.050786516853932595,568.0,418.9,-0.013331460674157308
2005,TECHM,2020-03-05,2020-04-03,0.04943820224719102,769.95,513.75,-0.016450506416949593
2006,NTPC,2020-03-05,2020-04-03,0.04808988764044945,108.1,82.05,-0.01158872870521469
2007,VGUARD,2020-03-05,2020-04-03,0.04674157303370787,201.55,162.5,-0.00905610730323142
2008,HDFCBANK,2020-03-05,2020-04-03,0.045393258426966294,1153.0,843.0,-0.012204605474726411
2009,SYNGENE,2020-03-05,2020-04-03,0.044044943820224725,299.5,247.95,-0.007581024554032003
2010,PETRONET,2020-03-05,2020-04-03,0.04269662921348315,248.5,201.0,-0.008161327515655733
2011,BAJAJ-AUTO,2020-03-05,2020-04-03,0.04134831460674157,2719.95,2051.1,-0.010167767872467913
2012,SANOFI,2020-03-05,2020-04-03,0.04,4976.67,4283.33,-0.0055727223223561145
2013,HINDUNILVR,2020-03-05,2020-04-03,0.038651685393258424,2185.0,2234.0,0.0008667883680868022
2014,MARICO,2020-03-05,2020-04-03,0.03730337078651685,295.45,263.0,-0.004097120941013611
2015,COROMANDEL,2020-03-05,2020-04-03,0.03595505617977528,613.65,534.8,-0.004619988885806701
2016,NESTLEIND,2020-03-05,2020-04-03,0.0346067415730337,827.5,796.99,-0.0012759536983604324
2017,LUPIN,2020-03-05,2020-04-03,0.03325842696629212,668.0,582.45,-0.004259368902644146
2018,BATAINDIA,2020-03-05,2020-04-03,0.03191011235955055,1600.0,1201.9,-0.00793963483146067
2019,DRREDDY,2020-03-05,2020-04-03,0.030561797752808977,634.2,617.0,-0.000828859857061362
2020,POWERGRID,2020-03-05,2020-04-03,0.0292134831460674,110.83,87.37,-0.006183779794340351
2021,KOTAKBANK,2020-03-05,2020-04-03,0.027865168539325826,1615.0,1181.65,-0.007477009774933031
2022,UBL,2020-03-05,2020-04-03,0.026516853932584253,1234.5,895.0,-0.007292403329374122
2023,CUB,2020-03-05,2020-04-03,0.025168539325842676,216.5,121.0,-0.011102057762669634
2024,HDFC,2020-03-05,2020-04-03,0.023820224719101103,2206.0,1575.5,-0.006808092332453873
2025,SANOFI,2020-04-08,2020-05-07,0.056179775280898896,4763.27,5320.7,0.006574536428720487
2026,COLPAL,2020-04-08,2020-05-07,0.05483146067415732,1318.85,1339.0,0.000837740404582989
2027,SYNGENE,2020-04-08,2020-05-07,0.05348314606741574,273.1,311.85,0.00758869245738689
2028,ALKEM,2020-04-08,2020-05-07,0.05213483146067417,2360.0,2617.0,0.005677394781946297
2029,PGHH,2020-04-08,2020-05-07,0.050786516853932595,10498.75,10145.0,-0.0017112256542044203
2030,OBEROIRLTY,2020-04-08,2020-05-07,0.04943820224719102,321.0,340.0,0.0029262487311421475
2031,GODREJIND,2020-04-08,2020-05-07,0.04808988764044945,283.55,233.4,-0.008505405978376089
2032,UBL,2020-04-08,2020-05-07,0.04674157303370787,921.9,905.65,-0.0008238969105084639
2033,NTPC,2020-04-08,2020-05-07,0.045393258426966294,81.55,94.1,0.0069857191080125915
2034,CUMMINSIND,2020-04-08,2020-05-07,0.044044943820224725,286.0,372.2,0.013275084466095701
2035,HAVELLS,2020-04-08,2020-05-07,0.04269662921348315,499.85,510.3,0.0008926273387634258
2036,ACC,2020-04-08,2020-05-07,0.04134831460674157,1000.0,1178.9,0.007397213483146071
2037,MARICO,2020-04-08,2020-05-07,0.04,284.0,299.1,0.002126760563380285
2038,PAGEIND,2020-04-08,2020-05-07,0.038651685393258424,16689.0,17100.0,0.0009518750492317821
2039,DIVISLAB,2020-04-08,2020-05-07,0.03730337078651685,2065.0,2280.35,0.0038902086677367557
2040,IOC,2020-04-08,2020-05-07,0.03595505617977528,55.2333333333333,51.2333333333333,-0.0026038664704725626
2041,POWERGRID,2020-04-08,2020-05-07,0.0346067415730337,89.26,92.52,0.0012639253588179423
2042,WIPRO,2020-04-08,2020-05-07,0.03325842696629212,95.75,92.0,-0.001302549358993164
2043,PFIZER,2020-04-08,2020-05-07,0.03191011235955055,4295.0,4770.0,0.0035290578278897584
2044,CROMPTON,2020-04-08,2020-05-07,0.030561797752808977,211.0,208.0,-0.00043452793013472476
2045,VOLTAS,2020-04-08,2020-05-07,0.0292134831460674,481.0,460.0,-0.0012754327361068926
2046,DABUR,2020-04-08,2020-05-07,0.027865168539325826,474.3,456.5,-0.001045751633986928
2047,RAJESHEXPO,2020-04-08,2020-05-07,0.026516853932584253,625.0,553.85,-0.0030186786516853904
2048,COROMANDEL,2020-04-08,2020-05-07,0.025168539325842676,501.0,611.95,0.005573751373657177
2049,LUPIN,2020-04-08,2020-05-07,0.023820224719101103,701.0,820.0,0.004043661542900187
2050,SANOFI,2020-05-05,2020-06-03,0.056179775280898896,5400.0,5283.33,-0.0012137952559300887
2051,PGHH,2020-05-05,2020-06-03,0.05483146067415732,10499.0,10035.0,-0.002423259143995523
2052,GODREJIND,2020-05-05,2020-06-03,0.05348314606741574,257.0,334.95,0.016221833602937965
2053,UBL,2020-05-05,2020-06-03,0.05213483146067417,974.7,970.0,-0.0002513939754439017
2054,COLPAL,2020-05-05,2020-06-03,0.050786516853932595,1405.0,1378.4,-0.0009615098564516743
2055,PAGEIND,2020-05-05,2020-06-03,0.04943820224719102,17775.0,20400.05,0.007301139398536638
2056,SYNGENE,2020-05-05,2020-06-03,0.04808988764044945,325.5,389.2,0.009411139301679352
2057,MARICO,2020-05-05,2020-06-03,0.04674157303370787,291.0,336.0,0.00722807830418163
2058,POWERGRID,2020-05-05,2020-06-03,0.045393258426966294,91.27,93.56,0.0011389346093760612
2059,DABUR,2020-05-05,2020-06-03,0.044044943820224725,471.0,464.1,-0.0006452443999141181
2060,NTPC,2020-05-05,2020-06-03,0.04269662921348315,92.2,97.75,0.002570133320334396
2061,IOC,2020-05-05,2020-06-03,0.04134831460674157,54.0,57.5333333333333,0.00270550700513245
2062,PFIZER,2020-05-05,2020-06-03,0.04,5080.0,4032.0,-0.008251968503937009
2063,WIPRO,2020-05-05,2020-06-03,0.038651685393258424,95.72,108.05,0.004978847481183413
2064,DIVISLAB,2020-05-05,2020-06-03,0.03730337078651685,2273.2,2420.0,0.0024089982542058247
2065,TORNTPOWER,2020-05-05,2020-06-03,0.03595505617977528,333.0,328.0,-0.0005398657084050342
2066,DRREDDY,2020-05-05,2020-06-03,0.0346067415730337,796.0,785.76,-0.0004451922534018409
2067,HINDZINC,2020-05-05,2020-06-03,0.03325842696629212,168.0,173.8,0.0011482075976458016
2068,HAVELLS,2020-05-05,2020-06-03,0.03191011235955055,534.8,557.0,0.0013246157336986232
2069,ENDURANCE,2020-05-05,2020-06-03,0.030561797752808977,643.7,769.35,0.005965651526550329
2070,COROMANDEL,2020-05-05,2020-06-03,0.0292134831460674,574.0,647.0,0.0037153036056845295
2071,ASIANPAINT,2020-05-05,2020-06-03,0.027865168539325826,1681.0,1724.0,0.0007127913427668117
2072,VGUARD,2020-05-05,2020-06-03,0.026516853932584253,173.0,182.0,0.0013794895109436893
2073,CROMPTON,2020-05-05,2020-06-03,0.025168539325842676,216.6,245.55,0.003363939120420803
2074,VOLTAS,2020-05-05,2020-06-03,0.023820224719101103,475.0,560.0,0.00426256652868125
2075,SANOFI,2020-06-04,2020-07-03,0.056179775280898896,5500.0,5234.6,-0.002710929519918281
2076,PGHH,2020-06-04,2020-07-03,0.05483146067415732,10140.0,10343.95,0.0011028477716463932
2077,SYNGENE,2020-06-04,2020-07-03,0.05348314606741574,371.0,408.9,0.005463642145431416
2078,COLPAL,2020-06-04,2020-07-03,0.05213483146067417,1370.0,1380.0,0.0003805462150414173
2079,PAGEIND,2020-06-04,2020-07-03,0.050786516853932595,19900.0,20301.0,0.0010233865959008528
2080,UBL,2020-06-04,2020-07-03,0.04943820224719102,934.0,1060.0,0.006669393450905855
2081,MARICO,2020-06-04,2020-07-03,0.04808988764044945,334.5,355.1,0.0029615894929544387
2082,DIVISLAB,2020-06-04,2020-07-03,0.04674157303370787,2392.0,2206.0,-0.003634587200781632
2083,PFIZER,2020-06-04,2020-07-03,0.045393258426966294,4076.0,4199.0,0.001369816189037501
2084,POWERGRID,2020-06-04,2020-07-03,0.044044943820224725,93.39,99.5,0.0028816212307696014
2085,DABUR,2020-06-04,2020-07-03,0.04269662921348315,465.0,467.1,0.00019282348677057112
2086,FORTIS,2020-06-04,2020-07-03,0.04134831460674157,117.65,129.0,0.0039889789272122105
2087,TORNTPOWER,2020-06-04,2020-07-03,0.04,326.0,326.0,0.0
2088,IOC,2020-06-04,2020-07-03,0.038651685393258424,57.3666666666667,58.9333333333333,0.001055566074074995
2089,NATCOPHARM,2020-06-04,2020-07-03,0.03730337078651685,588.5,646.0,0.003644764350424331
2090,DRREDDY,2020-06-04,2020-07-03,0.03595505617977528,791.98,788.0,-0.00018068779968623733
2091,WIPRO,2020-06-04,2020-07-03,0.0346067415730337,105.67,112.1,0.002105813838502947
2092,NTPC,2020-06-04,2020-07-03,0.03325842696629212,94.15,93.6,-0.00019428714637770628
2093,VGUARD,2020-06-04,2020-07-03,0.03191011235955055,186.85,171.0,-0.002706851918110121
2094,ASIANPAINT,2020-06-04,2020-07-03,0.030561797752808977,1716.45,1695.4,-0.0003748002229582146
2095,CROMPTON,2020-06-04,2020-07-03,0.0292134831460674,239.9,240.55,7.915283053332212e-05
2096,MRF,2020-06-04,2020-07-03,0.027865168539325826,61844.25,66301.0,0.002008078194620201
2097,HINDZINC,2020-06-04,2020-07-03,0.026516853932584253,172.0,196.8,0.0038233603344656384
2098,COROMANDEL,2020-06-04,2020-07-03,0.025168539325842676,634.0,755.65,0.004829263105660507
2099,NESTLEIND,2020-06-04,2020-07-03,0.023820224719101103,870.35,840.69,-0.0008117514392698775
2100,SCHAEFFLER,2020-07-07,2020-08-05,0.056179775280898896,750.17,725.02,-0.0018834682116248397
2101,PGHH,2020-07-07,2020-08-05,0.05483146067415732,10319.65,10299.35,-0.000107860116543231
2102,SANOFI,2020-07-07,2020-08-05,0.05348314606741574,5097.4,5516.0,0.0043920518193236256
2103,COLPAL,2020-07-07,2020-08-05,0.05213483146067417,1383.0,1444.0,0.0022995117274773134
2104,MARICO,2020-07-07,2020-08-05,0.050786516853932595,354.35,370.0,0.002243005471325085
2105,SYNGENE,2020-07-07,2020-08-05,0.04943820224719102,436.0,471.8,0.004059375322131741
2106,DIVISLAB,2020-07-07,2020-08-05,0.04808988764044945,2179.5,2700.0,0.011484646256872648
2107,PFIZER,2020-07-07,2020-08-05,0.04674157303370787,4100.85,4415.0,0.0035806881911163075
2108,DABUR,2020-07-07,2020-08-05,0.045393258426966294,466.0,508.05,0.004096108405265951
2109,UBL,2020-07-07,2020-08-05,0.044044943820224725,1059.9,947.9,-0.004654244464444924
2110,PAGEIND,2020-07-07,2020-08-05,0.04269662921348315,20646.65,19600.0,-0.0021644396047926515
2111,DRREDDY,2020-07-07,2020-08-05,0.04134831460674157,778.98,931.01,0.008069763369615292
2112,VGUARD,2020-07-07,2020-08-05,0.04,170.5,164.8,-0.001337243401759528
2113,TORNTPOWER,2020-07-07,2020-08-05,0.038651685393258424,331.7,335.7,0.00046610413498050557
2114,FORTIS,2020-07-07,2020-08-05,0.03730337078651685,124.15,139.0,0.004461981926538662
2115,POWERGRID,2020-07-07,2020-08-05,0.03595505617977528,100.91,100.09,-0.00029217268920241285
2116,LALPATHLAB,2020-07-07,2020-08-05,0.0346067415730337,1666.5,1835.0,0.003499091482181925
2117,NESTLEIND,2020-07-07,2020-08-05,0.03325842696629212,842.75,831.5,-0.0004439718817808204
2118,MRF,2020-07-07,2020-08-05,0.03191011235955055,67333.55,61400.0,-0.0028119748207396057
2119,ASIANPAINT,2020-07-07,2020-08-05,0.030561797752808977,1708.95,1718.0,0.0001618445651791567
2120,WIPRO,2020-07-07,2020-08-05,0.0292134831460674,111.6,140.63,0.007599170391848895
2121,IOC,2020-07-07,2020-08-05,0.027865168539325826,58.6666666666667,58.0,-0.00031664964249235447
2122,NTPC,2020-07-07,2020-08-05,0.026516853932584253,95.4,85.9,-0.002640567215508914
2123,ALKEM,2020-07-07,2020-08-05,0.025168539325842676,2351.95,2920.0,0.006078780911177932
2124,PIDILITIND,2020-07-07,2020-08-05,0.023820224719101103,1399.95,1350.0,-0.0008499019427258839
2125,PGHH,2020-08-04,2020-09-02,0.056179775280898896,10480.0,9999.0,-0.0025784801440946917
2126,SCHAEFFLER,2020-08-04,2020-09-02,0.05483146067415732,716.08,794.01,0.005967232334846772
2127,SANOFI,2020-08-04,2020-09-02,0.05348314606741574,5589.93,5426.67,-0.0015620335902178212
2128,COLPAL,2020-08-04,2020-09-02,0.05213483146067417,1421.55,1387.9,-0.0012341015642444366
2129,MARICO,2020-08-04,2020-09-02,0.050786516853932595,366.1,373.5,0.0010265507367361378
2130,PAGEIND,2020-08-04,2020-09-02,0.04943820224719102,19832.0,19250.0,-0.0014508387307314026
2131,PFIZER,2020-08-04,2020-09-02,0.04808988764044945,4420.0,4650.0,0.002502414967715695
2132,DABUR,2020-08-04,2020-09-02,0.04674157303370787,515.0,488.8,-0.002377920802879895
2133,UBL,2020-08-04,2020-09-02,0.045393258426966294,953.3,1003.0,0.0023665634572749682
2134,TORNTPOWER,2020-08-04,2020-09-02,0.044044943820224725,327.8,343.45,0.0021028168724420864
2135,VGUARD,2020-08-04,2020-09-02,0.04269662921348315,163.0,169.9,0.0018074033225339507
2136,FORTIS,2020-08-04,2020-09-02,0.04134831460674157,139.3,132.45,-0.002033280366519603
2137,SYNGENE,2020-08-04,2020-09-02,0.04,479.7,475.0,-0.0003919116114238056
2138,NESTLEIND,2020-08-04,2020-09-02,0.038651685393258424,831.76,809.55,-0.0010320933112728083
2139,DIVISLAB,2020-08-04,2020-09-02,0.03730337078651685,2675.0,3247.3,0.007980829570513496
2140,POWERGRID,2020-08-04,2020-09-02,0.03595505617977528,100.54,100.6,2.1457165016770313e-05
2141,DRREDDY,2020-08-04,2020-09-02,0.0346067415730337,906.14,870.25,-0.0013706888064274605
2142,MRF,2020-08-04,2020-09-02,0.03325842696629212,61500.0,58410.0,-0.0016710331597697995
2143,IOC,2020-08-04,2020-09-02,0.03191011235955055,57.5333333333333,56.9333333333333,-0.0003327821682919534
2144,LALPATHLAB,2020-08-04,2020-09-02,0.030561797752808977,1874.0,1810.9,-0.001029055196479319
2145,ASIANPAINT,2020-08-04,2020-09-02,0.0292134831460674,1719.0,1977.95,0.004400716382009398
2146,NTPC,2020-08-04,2020-09-02,0.027865168539325826,86.5,99.8,0.004284471000844317
2147,PIDILITIND,2020-08-04,2020-09-02,0.026516853932584253,1358.75,1428.25,0.0013563358589251927
2148,SIEMENS,2020-08-04,2020-09-02,0.025168539325842676,1155.3,1186.6,0.0006818794087240324
2149,COROMANDEL,2020-08-04,2020-09-02,0.023820224719101103,787.0,747.3,-0.001201604728523907
2150,PGHH,2020-09-03,2020-10-05,0.056179775280898896,10194.6,9910.0,-0.001568356192979013
2151,SCHAEFFLER,2020-09-03,2020-10-05,0.05483146067415732,795.03,720.2,-0.005160859593030689
2152,SANOFI,2020-09-03,2020-10-05,0.05348314606741574,5580.0,5801.5,0.0021230316942531515
2153,MARICO,2020-09-03,2020-10-05,0.05213483146067417,376.3,362.1,-0.0019673521305914768
2154,COLPAL,2020-09-03,2020-10-05,0.050786516853932595,1396.9,1445.0,0.0017487518510087715
2155,PFIZER,2020-09-03,2020-10-05,0.04943820224719102,4651.0,4929.0,0.0029550247741817037
2156,TORNTPOWER,2020-09-03,2020-10-05,0.04808988764044945,343.75,311.0,-0.004581654749744638
2157,DABUR,2020-09-03,2020-10-05,0.04674157303370787,491.7,515.35,0.0022481964658271156
2158,FORTIS,2020-09-03,2020-10-05,0.045393258426966294,133.7,136.3,0.0008827410015715288
2159,PAGEIND,2020-09-03,2020-10-05,0.044044943820224725,19884.4,21505.0,0.0035897103234221865
2160,DRREDDY,2020-09-03,2020-10-05,0.04269662921348315,874.91,1034.0,0.007763777693217629
2161,NESTLEIND,2020-09-03,2020-10-05,0.04134831460674157,802.5,799.9,-0.00013396338688788663
2162,POWERGRID,2020-09-03,2020-10-05,0.04,101.98,92.71,-0.003636007060207888
2163,VGUARD,2020-09-03,2020-10-05,0.038651685393258424,169.4,169.25,-3.422522319355952e-05
2164,IOC,2020-09-03,2020-10-05,0.03730337078651685,57.1333333333333,49.6666666666667,-0.004875119636044167
2165,MRF,2020-09-03,2020-10-05,0.03595505617977528,58741.0,60800.0,0.0012603030366210536
2166,UBL,2020-09-03,2020-10-05,0.0346067415730337,1085.0,965.0,-0.0038274737223631746
2167,SYNGENE,2020-09-03,2020-10-05,0.03325842696629212,471.7,562.0,0.00636683475738007
2168,LALPATHLAB,2020-09-03,2020-10-05,0.03191011235955055,1861.2,1865.05,6.600791563736661e-05
2169,DMART,2020-09-03,2020-10-05,0.030561797752808977,2239.0,2192.95,-0.0006285711418119067
2170,TCS,2020-09-03,2020-10-05,0.0292134831460674,2268.0,2620.0,0.004534015020906404
2171,ABBOTINDIA,2020-09-03,2020-10-05,0.027865168539325826,16499.0,16406.0,-0.00015706774193328696
2172,SIEMENS,2020-09-03,2020-10-05,0.026516853932584253,1198.5,1268.8,0.0015553899302967642
2173,PIDILITIND,2020-09-03,2020-10-05,0.025168539325842676,1418.1,1479.0,0.0010808575170607301
2174,CROMPTON,2020-09-03,2020-10-05,0.023820224719101103,262.8,291.95,0.0026421596292305802
2175,PGHH,2020-10-06,2020-11-04,0.056179775280898896,9946.1,10100.1,0.0008698570689273616
2176,HINDUNILVR,2020-10-06,2020-11-04,0.05483146067415732,2119.0,2050.0,-0.0017854510554586385
2177,NESTLEIND,2020-10-06,2020-11-04,0.05348314606741574,801.65,850.0,0.0032257345629134316
2178,MARICO,2020-10-06,2020-11-04,0.05213483146067417,377.8,370.0,-0.0010763676161812048
2179,BRITANNIA,2020-10-06,2020-11-04,0.050786516853932595,3870.0,3423.0,-0.005866039543593765
2180,DABUR,2020-10-06,2020-11-04,0.04943820224719102,524.25,524.0,-2.3575680613824998e-05
2181,TORNTPOWER,2020-10-06,2020-11-04,0.04808988764044945,312.15,312.7,8.473310332291444e-05
2182,MRF,2020-10-06,2020-11-04,0.04674157303370787,60800.0,67320.25,0.005012610881135424
2183,ABBOTINDIA,2020-10-06,2020-11-04,0.045393258426966294,16173.45,15844.0,-0.0009246517588247454
2184,PIDILITIND,2020-10-06,2020-11-04,0.044044943820224725,1445.0,1570.0,0.003810116247424284
2185,SCHAEFFLER,2020-10-06,2020-11-04,0.04269662921348315,733.8,739.6,0.0003374767640204486
2186,COLPAL,2020-10-06,2020-11-04,0.04134831460674157,1455.3,1495.0,0.001127965429731081
2187,VGUARD,2020-10-06,2020-11-04,0.04,168.5,171.0,0.0005934718100890209
2188,FORTIS,2020-10-06,2020-11-04,0.038651685393258424,135.45,130.8,-0.0013269127875869383
2189,SIEMENS,2020-10-06,2020-11-04,0.03730337078651685,1287.0,1314.05,0.0007840374357228275
2190,BERGEPAINT,2020-10-06,2020-11-04,0.03595505617977528,587.0,631.0,0.0026950979078536833
2191,SANOFI,2020-10-06,2020-11-04,0.0346067415730337,5774.37,5519.6,-0.0015268781790155079
2192,ASIANPAINT,2020-10-06,2020-11-04,0.03325842696629212,2050.0,2160.0,0.001784598520142504
2193,HDFCLIFE,2020-10-06,2020-11-04,0.03191011235955055,577.5,591.1,0.0007514762391166896
2194,POWERGRID,2020-10-06,2020-11-04,0.030561797752808977,92.2,101.73,0.0031589363620853532
2195,PFIZER,2020-10-06,2020-11-04,0.0292134831460674,4940.0,4916.0,-0.00014192785334121813
2196,BATAINDIA,2020-10-06,2020-11-04,0.027865168539325826,1349.8,1299.9,-0.0010301318047950473
2197,ITC,2020-10-06,2020-11-04,0.026516853932584253,169.5,170.05,8.604288886679434e-05
2198,HDFCAMC,2020-10-06,2020-11-04,0.025168539325842676,2308.95,2277.8,-0.00033954827952099013
2199,IGL,2020-10-06,2020-11-04,0.023820224719101103,196.0,203.5,0.0009114881907819299
2200,PGHH,2020-11-04,2020-12-03,0.056179775280898896,10100.1,10651.95,0.003069554656762218
2201,HINDUNILVR,2020-11-04,2020-12-03,0.05483146067415732,2050.0,2153.0,0.0027549465607015627
2202,MARICO,2020-11-04,2020-12-03,0.05348314606741574,370.0,381.0,0.0015900394776799276
2203,PIDILITIND,2020-11-04,2020-12-03,0.05213483146067417,1570.0,1620.0,0.0016603449509768843
2204,ABBOTINDIA,2020-11-04,2020-12-03,0.050786516853932595,15844.0,15215.25,-0.0020154015697999316
2205,DABUR,2020-11-04,2020-12-03,0.04943820224719102,524.0,500.5,-0.0022171712839866202
2206,BRITANNIA,2020-11-04,2020-12-03,0.04808988764044945,3423.0,3647.0,0.0031469865122584506
2207,NESTLEIND,2020-11-04,2020-12-03,0.04674157303370787,850.0,872.5,0.0012372769332452084
2208,PFIZER,2020-11-04,2020-12-03,0.045393258426966294,4916.0,5350.0,0.004007460162185388
2209,COLPAL,2020-11-04,2020-12-03,0.044044943820224725,1495.0,1524.5,0.0008691142760512571
2210,HDFCAMC,2020-11-04,2020-12-03,0.04269662921348315,2277.8,2559.95,0.0052888111039530485
2211,VGUARD,2020-11-04,2020-12-03,0.04134831460674157,171.0,194.8,0.005754911623628361
2212,HDFCLIFE,2020-11-04,2020-12-03,0.04,591.1,626.1,0.0023684655726611404
2213,FORTIS,2020-11-04,2020-12-03,0.038651685393258424,130.8,145.9,0.004462082946775244
2214,MRF,2020-11-04,2020-12-03,0.03730337078651685,67320.25,79773.3,0.006900460731697131
2215,BERGEPAINT,2020-11-04,2020-12-03,0.03595505617977528,631.0,667.8,0.0020969034348902195
2216,SIEMENS,2020-11-04,2020-12-03,0.0346067415730337,1314.05,1516.2,0.0053238102119316354
2217,SCHAEFFLER,2020-11-04,2020-12-03,0.03325842696629212,739.6,793.4,0.0024192852498465586
2218,SANOFI,2020-11-04,2020-12-03,0.03191011235955055,5519.6,5299.13,-0.001274589186156627
2219,TORNTPOWER,2020-11-04,2020-12-03,0.030561797752808977,312.7,318.7,0.0005864112136771789
2220,SBILIFE,2020-11-04,2020-12-03,0.0292134831460674,796.75,880.0,0.0030524285809979427
2221,BATAINDIA,2020-11-04,2020-12-03,0.027865168539325826,1299.9,1550.0,0.005361242135306859
2222,TCS,2020-11-04,2020-12-03,0.026516853932584253,2610.0,2773.9,0.0016651771492530887
2223,ITC,2020-11-04,2020-12-03,0.025168539325842676,170.05,197.2,0.004018381903537948
2224,GODREJCP,2020-11-04,2020-12-03,0.023820224719101103,668.55,725.0,0.002011295617969125
2225,HINDUNILVR,2020-12-08,2021-01-06,0.056179775280898896,2259.5,2445.8,0.0046321275215009845
2226,ABBOTINDIA,2020-12-08,2021-01-06,0.05483146067415732,15300.0,15689.25,0.0013949768671513553
2227,DABUR,2020-12-08,2021-01-06,0.05348314606741574,503.0,539.0,0.003827819599258383
2228,MARICO,2020-12-08,2021-01-06,0.05213483146067417,400.0,423.0,0.002997752808988765
2229,PIDILITIND,2020-12-08,2021-01-06,0.050786516853932595,1618.1,1800.55,0.0057264693158642875
2230,COLPAL,2020-12-08,2021-01-06,0.04943820224719102,1548.0,1605.0,0.001820398919954708
2231,PGHH,2020-12-08,2021-01-06,0.04808988764044945,10990.0,11042.0,0.0002275408696363395
2232,TORNTPOWER,2020-12-08,2021-01-06,0.04674157303370787,326.0,321.0,-0.0007168952919280349
2233,BRITANNIA,2020-12-08,2021-01-06,0.045393258426966294,3639.4,3568.0,-0.0008905530174439186
2234,NESTLEIND,2020-12-08,2021-01-06,0.044044943820224725,883.7,925.5,0.0020833751857931328
2235,BERGEPAINT,2020-12-08,2021-01-06,0.04269662921348315,672.2,791.5,0.007577667160322133
2236,PFIZER,2020-12-08,2021-01-06,0.04134831460674157,5376.0,5207.4,-0.0012967495987158937
2237,GODREJCP,2020-12-08,2021-01-06,0.04,717.0,763.0,0.0025662482566248257
2238,VGUARD,2020-12-08,2021-01-06,0.038651685393258424,191.6,196.0,0.0008876169923295266
2239,HDFCLIFE,2020-12-08,2021-01-06,0.03730337078651685,652.55,713.0,0.003455656676185649
2240,SBILIFE,2020-12-08,2021-01-06,0.03595505617977528,854.8,906.55,0.0021767362626384777
2241,ULTRACEMCO,2020-12-08,2021-01-06,0.0346067415730337,5064.85,5360.0,0.0020166796203798503
2242,BAJAJ-AUTO,2020-12-08,2021-01-06,0.03325842696629212,3320.0,3492.65,0.0017295383782320295
2243,SANOFI,2020-12-08,2021-01-06,0.03191011235955055,5370.0,5453.33,0.0004951712593894498
2244,ITC,2020-12-08,2021-01-06,0.030561797752808977,203.9,211.45,0.0011316408682378973
2245,HDFCAMC,2020-12-08,2021-01-06,0.0292134831460674,2735.0,3119.1,0.004102705256455022
2246,TCS,2020-12-08,2021-01-06,0.027865168539325826,2740.0,3100.0,0.0036611170343639776
2247,BATAINDIA,2020-12-08,2021-01-06,0.026516853932584253,1565.0,1618.0,0.0008980148616146744
2248,MRF,2020-12-08,2021-01-06,0.025168539325842676,79600.0,79053.0,-0.00017295466094517518
2249,OFSS,2020-12-08,2021-01-06,0.023820224719101103,3070.0,3448.5,0.0029367931779087186
2250,HINDUNILVR,2021-01-05,2021-02-03,0.056179775280898896,2405.0,2231.5,-0.004052886075357987
2251,DABUR,2021-01-05,2021-02-03,0.05483146067415732,542.0,527.45,-0.0014719515734483144
2252,BERGEPAINT,2021-01-05,2021-02-03,0.05348314606741574,776.8,737.0,-0.002740253879355232
2253,ABBOTINDIA,2021-01-05,2021-02-03,0.05213483146067417,15668.0,14199.85,-0.004885228032230582
2254,PGHH,2021-01-05,2021-02-03,0.050786516853932595,11000.0,11211.85,0.0009781021450459672
2255,OFSS,2021-01-05,2021-02-03,0.04943820224719102,3372.0,3299.75,-0.0010592853239500448
2256,COLPAL,2021-01-05,2021-02-03,0.04808988764044945,1566.1,1630.0,0.0019621632208829095
2257,MARICO,2021-01-05,2021-02-03,0.04674157303370787,416.45,424.8,0.000937188461595538
2258,GODREJCP,2021-01-05,2021-02-03,0.045393258426966294,758.1,745.0,-0.0007843974217032839
2259,BRITANNIA,2021-01-05,2021-02-03,0.044044943820224725,3549.0,3526.05,-0.0002848214879329809
2260,ITC,2021-01-05,2021-02-03,0.04269662921348315,212.45,221.5,0.0018188020446317861
2261,PFIZER,2021-01-05,2021-02-03,0.04134831460674157,5225.3,4475.0,-0.005937197950249403
2262,BAJAJ-AUTO,2021-01-05,2021-02-03,0.04,3500.25,4205.0,0.008053710449253624
2263,PIDILITIND,2021-01-05,2021-02-03,0.038651685393258424,1799.95,1765.0,-0.0007505077388229583
2264,SBILIFE,2021-01-05,2021-02-03,0.03730337078651685,906.45,870.0,-0.0015000362570120147
2265,NESTLEIND,2021-01-05,2021-02-03,0.03595505617977528,917.17,860.0,-0.002241188178634006
2266,HDFCLIFE,2021-01-05,2021-02-03,0.0346067415730337,691.1,685.0,-0.00030545669743236345
2267,SANOFI,2021-01-05,2021-02-03,0.03325842696629212,5546.67,5266.67,-0.0016789099677034678
2268,GODREJAGRO,2021-01-05,2021-02-03,0.03191011235955055,532.0,531.95,-2.9990707104813473e-06
2269,TCS,2021-01-05,2021-02-03,0.030561797752808977,3039.6,3213.0,0.001743458261066285
2270,ULTRACEMCO,2021-01-05,2021-02-03,0.0292134831460674,5336.0,6155.0,0.004483853578828561
2271,VGUARD,2021-01-05,2021-02-03,0.027865168539325826,192.5,243.7,0.007411411060849257
2272,CASTROLIND,2021-01-05,2021-02-03,0.026516853932584253,123.85,127.0,0.0006744294702272147
2273,TORNTPOWER,2021-01-05,2021-02-03,0.025168539325842676,319.5,317.0,-0.0001969369274322588
2274,POWERGRID,2021-01-05,2021-02-03,0.023820224719101103,107.13,109.96,0.0006292470452259505
2275,DABUR,2021-02-04,2021-03-05,0.056179775280898896,524.75,525.45,7.494205373345742e-05
2276,ABBOTINDIA,2021-02-04,2021-03-05,0.05483146067415732,14575.0,14700.0,0.0004702526644438878
2277,HINDUNILVR,2021-02-04,2021-03-05,0.05348314606741574,2239.0,2184.6,-0.0012994565190118004
2278,BRITANNIA,2021-02-04,2021-03-05,0.05213483146067417,3521.95,3486.0,-0.0005321617828223646
2279,OFSS,2021-02-04,2021-03-05,0.050786516853932595,3321.75,3279.65,-0.0006436704627231303
2280,PGHH,2021-02-04,2021-03-05,0.04943820224719102,12319.85,13031.0,0.002853766687751058
2281,SBILIFE,2021-02-04,2021-03-05,0.04808988764044945,866.15,910.0,0.002434614758452589
2282,COLPAL,2021-02-04,2021-03-05,0.04674157303370787,1606.1,1626.4,0.0005907813539532273
2283,SANOFI,2021-02-04,2021-03-05,0.045393258426966294,5292.67,5560.0,0.002292789797074236
2284,MARICO,2021-02-04,2021-03-05,0.044044943820224725,415.75,405.0,-0.0011388650536798936
2285,ALKEM,2021-02-04,2021-03-05,0.04269662921348315,2956.25,2818.25,-0.0019931111480628073
2286,BERGEPAINT,2021-02-04,2021-03-05,0.04134831460674157,730.7,720.0,-0.000605483736543228
2287,PFIZER,2021-02-04,2021-03-05,0.04,4524.0,4620.15,0.0008501326259946917
2288,NESTLEIND,2021-02-04,2021-03-05,0.038651685393258424,860.0,825.8,-0.0015370786516853952
2289,HDFCLIFE,2021-02-04,2021-03-05,0.03730337078651685,685.25,723.0,0.002055019696739892
2290,GODREJCP,2021-02-04,2021-03-05,0.03595505617977528,745.8,690.2,-0.0026804788463334703
2291,PIDILITIND,2021-02-04,2021-03-05,0.0346067415730337,1748.05,1749.95,3.7614947506517076e-05
2292,GODREJAGRO,2021-02-04,2021-03-05,0.03325842696629212,533.0,504.85,-0.001756519172797603
2293,ITC,2021-02-04,2021-03-05,0.03191011235955055,216.1,208.0,-0.0011960754748373869
2294,TCS,2021-02-04,2021-03-05,0.030561797752808977,3216.05,3016.1,-0.001900104619229851
2295,CASTROLIND,2021-02-04,2021-03-05,0.0292134831460674,129.5,136.0,0.0014663138258643868
2296,INFY,2021-02-04,2021-03-05,0.027865168539325826,1285.0,1328.5,0.000943295588685349
2297,ICICIPRULI,2021-02-04,2021-03-05,0.026516853932584253,482.9,498.0,0.0008291664824643255
2298,BATAINDIA,2021-02-04,2021-03-05,0.025168539325842676,1575.0,1520.0,-0.000878901373283395
2299,TORNTPOWER,2021-02-04,2021-03-05,0.023820224719101103,321.8,410.25,0.00654723081542726
2300,ABBOTINDIA,2021-03-09,2021-04-07,0.056179775280898896,14760.0,15216.05,0.0017358256447732995
2301,DABUR,2021-03-09,2021-04-07,0.05483146067415732,531.0,548.0,0.0017554328276095563
2302,SANOFI,2021-03-09,2021-04-07,0.05348314606741574,5550.0,5346.67,-0.0019594104666464216
2303,PFIZER,2021-03-09,2021-04-07,0.05213483146067417,4670.0,4610.0,-0.000669826528402666
2304,HINDUNILVR,2021-03-09,2021-04-07,0.050786516853932595,2176.0,2417.0,0.005624793456708528
2305,BRITANNIA,2021-03-09,2021-04-07,0.04943820224719102,3473.5,3732.0,0.0036792213274503753
2306,ALKEM,2021-03-09,2021-04-07,0.04808988764044945,2791.3,2740.0,-0.0008838216013882655
2307,OFSS,2021-03-09,2021-04-07,0.04674157303370787,3228.0,3320.85,0.0013444718265736592
2308,COLPAL,2021-03-09,2021-04-07,0.045393258426966294,1642.0,1570.0,-0.0019904473853480957
2309,SBILIFE,2021-03-09,2021-04-07,0.044044943820224725,950.0,901.0,-0.002271791839148433
2310,MARICO,2021-03-09,2021-04-07,0.04269662921348315,400.45,402.95,0.00026655405926759366
2311,NESTLEIND,2021-03-09,2021-04-07,0.04134831460674157,845.51,855.0,0.00046409327579564745
2312,GODREJCP,2021-03-09,2021-04-07,0.04,690.1,729.2,0.0022663382118533557
2313,PIDILITIND,2021-03-09,2021-04-07,0.038651685393258424,1729.9,1870.0,0.003130297198448177
2314,AJANTPHARM,2021-03-09,2021-04-07,0.03730337078651685,1171.16666666667,1153.3,-0.0005690794575658651
2315,BERGEPAINT,2021-03-09,2021-04-07,0.03595505617977528,718.35,750.0,0.0015841546990880305
2316,HDFCLIFE,2021-03-09,2021-04-07,0.0346067415730337,732.0,704.45,-0.0013024805059249683
2317,GODREJAGRO,2021-03-09,2021-04-07,0.03325842696629212,499.95,505.25,0.00035257458330102735
2318,PGHH,2021-03-09,2021-04-07,0.03191011235955055,13005.85,12619.95,-0.0009468133462672987
2319,ICICIPRULI,2021-03-09,2021-04-07,0.030561797752808977,477.5,448.9,-0.0018305076769221725
2320,GODREJIND,2021-03-09,2021-04-07,0.0292134831460674,477.0,535.0,0.0035521635691234997
2321,INFY,2021-03-09,2021-04-07,0.027865168539325826,1329.5,1410.25,0.0016924500635957583
2322,TCS,2021-03-09,2021-04-07,0.026516853932584253,3006.95,3259.0,0.002222708403434665
2323,ITC,2021-03-09,2021-04-07,0.025168539325842676,208.7,212.7,0.0004823869540171093
2324,CASTROLIND,2021-03-09,2021-04-07,0.023820224719101103,135.85,123.8,-0.0021128723435051033
2325,ABBOTINDIA,2021-04-06,2021-05-05,0.056179775280898896,15190.0,15309.0,0.0004401180551959821
2326,DABUR,2021-04-06,2021-05-05,0.05483146067415732,537.0,538.8,0.0001837926056116959
2327,SANOFI,2021-04-06,2021-05-05,0.05348314606741574,5366.0,5073.33,-0.0029170541109859427
2328,PFIZER,2021-04-06,2021-05-05,0.05213483146067417,4610.0,5280.15,0.007578775987716004
2329,BRITANNIA,2021-04-06,2021-05-05,0.050786516853932595,3708.0,3441.1,-0.0036555882816382457
2330,COLPAL,2021-04-06,2021-05-05,0.04943820224719102,1566.85,1498.5,-0.002156620687108212
2331,ALKEM,2021-04-06,2021-05-05,0.04808988764044945,2714.0,2805.0,0.0016124464905235443
2332,MARICO,2021-04-06,2021-05-05,0.04674157303370787,402.85,466.0,0.007327120111899344
2333,HINDUNILVR,2021-04-06,2021-05-05,0.045393258426966294,2382.3,2434.0,0.0009851116402947357
2334,GODREJAGRO,2021-04-06,2021-05-05,0.044044943820224725,515.95,508.75,-0.0006146401696009691
2335,TCS,2021-04-06,2021-05-05,0.04269662921348315,3275.0,3070.0,-0.002672613431683678
2336,NESTLEIND,2021-04-06,2021-05-05,0.04134831460674157,845.5,828.05,-0.0008533744410261884
2337,GODREJCP,2021-04-06,2021-05-05,0.04,722.5,704.35,-0.0010048442906574382
2338,PIDILITIND,2021-04-06,2021-05-05,0.038651685393258424,1800.7,1806.6,0.00012664238563904004
2339,SBILIFE,2021-04-06,2021-05-05,0.03730337078651685,872.8,989.95,0.005006977414803451
2340,AJANTPHARM,2021-04-06,2021-05-05,0.03595505617977528,1172.0,1249.9,0.0023898454576830185
2341,HDFCLIFE,2021-04-06,2021-05-05,0.0346067415730337,686.45,670.05,-0.0008267908249657744
2342,NATCOPHARM,2021-04-06,2021-05-05,0.03325842696629212,830.55,934.0,0.004142537197836279
2343,BERGEPAINT,2021-04-06,2021-05-05,0.03191011235955055,755.0,706.0,-0.0020709874246595725
2344,GODREJIND,2021-04-06,2021-05-05,0.030561797752808977,538.0,506.95,-0.0017638360970719685
2345,SCHAEFFLER,2021-04-06,2021-05-05,0.0292134831460674,1065.21,1047.0,-0.0004994109406500956
2346,BATAINDIA,2021-04-06,2021-05-05,0.027865168539325826,1400.75,1368.6,-0.0006395610698121206
2347,DRREDDY,2021-04-06,2021-05-05,0.026516853932584253,911.8,1022.0,0.0032048226621745842
2348,INFY,2021-04-06,2021-05-05,0.025168539325842676,1423.0,1341.1,-0.0014485617503770328
2349,ICICIPRULI,2021-04-06,2021-05-05,0.023820224719101103,438.0,561.0,0.00668924118824072
2350,ABBOTINDIA,2021-05-06,2021-06-04,0.056179775280898896,15390.0,15999.0,0.0022230983200823536
2351,DABUR,2021-05-06,2021-06-04,0.05483146067415732,542.85,542.0,-8.58556536299806e-05
2352,SANOFI,2021-05-06,2021-06-04,0.05348314606741574,5142.03,5167.33,0.00026314968903441406
2353,BRITANNIA,2021-05-06,2021-06-04,0.05213483146067417,3452.0,3500.0,0.0007249339252932678
2354,COLPAL,2021-05-06,2021-06-04,0.050786516853932595,1499.4,1721.0,0.0075058637687284635
2355,NESTLEIND,2021-05-06,2021-06-04,0.04943820224719102,826.25,884.55,0.003488347583674716
2356,HINDUNILVR,2021-05-06,2021-06-04,0.04808988764044945,2400.0,2370.0,-0.0006011235955056181
2357,ALKEM,2021-05-06,2021-06-04,0.04674157303370787,2925.0,3192.0,0.004266666666666668
2358,GODREJAGRO,2021-05-06,2021-06-04,0.045393258426966294,518.05,563.45,0.00397809850899387
2359,TCS,2021-05-06,2021-06-04,0.044044943820224725,3105.5,3128.0,0.00031911487230882506
2360,GODREJCP,2021-05-06,2021-06-04,0.04269662921348315,714.85,864.8,0.008956227950705456
2361,PIDILITIND,2021-05-06,2021-06-04,0.04134831460674157,1816.0,2080.0,0.006010988467059347
2362,INFY,2021-05-06,2021-06-04,0.04,1345.0,1393.95,0.001455762081784388
2363,PFIZER,2021-05-06,2021-06-04,0.038651685393258424,5392.0,5203.0,-0.001354816123762211
2364,MARICO,2021-05-06,2021-06-04,0.03730337078651685,457.6,494.0,0.002967313585291111
2365,AJANTPHARM,2021-05-06,2021-06-04,0.03595505617977528,1313.33333333333,1293.2,-0.0005511891861061106
2366,CASTROLIND,2021-05-06,2021-06-04,0.0346067415730337,123.6,139.3,0.00439584015126723
2367,SBILIFE,2021-05-06,2021-06-04,0.03325842696629212,977.3,994.95,0.0006006458978359347
2368,BERGEPAINT,2021-05-06,2021-06-04,0.03191011235955055,712.0,797.55,0.003834143416235321
2369,SCHAEFFLER,2021-05-06,2021-06-04,0.030561797752808977,1030.2,1044.0,0.00040938925353209323
2370,TATACONSUM,2021-05-06,2021-06-04,0.0292134831460674,652.0,680.85,0.001292651823257738
2371,UNITDSPR,2021-05-06,2021-06-04,0.027865168539325826,545.45,617.0,0.003655243943512258
2372,EMAMILTD,2021-05-06,2021-06-04,0.026516853932584253,487.95,552.0,0.003480693707105281
2373,HINDPETRO,2021-05-06,2021-06-04,0.025168539325842676,164.93,191.77,0.004095820017617277
2374,GODREJIND,2021-05-06,2021-06-04,0.023820224719101103,510.4,529.25,0.000879724208375894
2375,SANOFI,2021-06-08,2021-07-07,0.056179775280898896,5160.0,5165.33,5.8030659350230046e-05
2376,ABBOTINDIA,2021-06-08,2021-07-07,0.05483146067415732,15927.25,17355.0,0.004915199923246518
2377,DABUR,2021-06-08,2021-07-07,0.05348314606741574,551.85,590.8,0.00377488183261002
2378,BRITANNIA,2021-06-08,2021-07-07,0.05213483146067417,3544.5,3521.0,-0.00034565341778130713
2379,COLPAL,2021-06-08,2021-07-07,0.050786516853932595,1712.55,1691.0,-0.0006390759033034044
2380,NESTLEIND,2021-06-08,2021-07-07,0.04943820224719102,876.5,870.0,-0.0003666267137555523
2381,BAJAJHLDNG,2021-06-08,2021-07-07,0.04808988764044945,3500.0,3827.05,0.004493656500802572
2382,HINDUNILVR,2021-06-08,2021-07-07,0.04674157303370787,2339.3,2458.0,0.002371745701321385
2383,INFY,2021-06-08,2021-07-07,0.045393258426966294,1396.0,1566.05,0.005529458162969639
2384,TCS,2021-06-08,2021-07-07,0.044044943820224725,3198.0,3275.0,0.0010604942695926528
2385,PGHH,2021-06-08,2021-07-07,0.04269662921348315,12939.25,13580.0,0.0021143316010231914
2386,SCHAEFFLER,2021-06-08,2021-07-07,0.04134831460674157,1050.0,1099.2,0.0019374638844301783
2387,PFIZER,2021-06-08,2021-07-07,0.04,5230.0,5725.0,0.0037858508604206504
2388,GODREJAGRO,2021-06-08,2021-07-07,0.038651685393258424,561.95,654.7,0.0063794711633147405
2389,ALKEM,2021-06-08,2021-07-07,0.03730337078651685,3150.0,3315.0,0.0019539860888175492
2390,HDFCLIFE,2021-06-08,2021-07-07,0.03595505617977528,684.05,680.0,-0.0002128762188847135
2391,DIVISLAB,2021-06-08,2021-07-07,0.0346067415730337,4229.95,4500.0,0.0022093761301664933
2392,SBILIFE,2021-06-08,2021-07-07,0.03325842696629212,988.0,1023.5,0.0011950143292544233
2393,MARICO,2021-06-08,2021-07-07,0.03191011235955055,491.05,528.5,0.002433629381662087
2394,PIDILITIND,2021-06-08,2021-07-07,0.030561797752808977,2085.85,2231.2,0.0021296628728675513
2395,EXIDEIND,2021-06-08,2021-07-07,0.0292134831460674,197.4,182.8,-0.0021606730189087328
2396,BATAINDIA,2021-06-08,2021-07-07,0.027865168539325826,1575.0,1586.75,0.00020788300338862124
2397,UNITDSPR,2021-06-08,2021-07-07,0.026516853932584253,635.0,654.6,0.0008184729717774045
2398,CIPLA,2021-06-08,2021-07-07,0.025168539325842676,939.8,968.0,0.0007552168642144761
2399,TATACONSUM,2021-06-08,2021-07-07,0.023820224719101103,705.15,759.0,0.001819072681165135
2400,ABBOTINDIA,2021-07-06,2021-08-04,0.056179775280898896,16800.0,19300.0,0.008360085607276623
2401,SANOFI,2021-07-06,2021-08-04,0.05483146067415732,5176.67,5741.87,0.005986617183060482
2402,COLPAL,2021-07-06,2021-08-04,0.05348314606741574,1697.85,1677.1,-0.0006536356456099636
2403,DABUR,2021-07-06,2021-08-04,0.05213483146067417,588.65,615.0,0.002333734492463715
2404,BRITANNIA,2021-07-06,2021-08-04,0.050786516853932595,3526.0,3579.0,0.0007633821308163436
2405,NESTLEIND,2021-07-06,2021-08-04,0.04943820224719102,881.78,914.71,0.0018462655084034605
2406,BAJAJHLDNG,2021-07-06,2021-08-04,0.04808988764044945,3777.0,4009.95,0.002965988701573389
2407,SCHAEFFLER,2021-07-06,2021-08-04,0.04674157303370787,1119.99,1385.4,0.011076599700779836
2408,HINDUNILVR,2021-07-06,2021-08-04,0.045393258426966294,2490.0,2386.85,-0.0018804476332295492
2409,TCS,2021-07-06,2021-08-04,0.044044943820224725,3313.0,3300.0,-0.0001728295410995839
2410,INFY,2021-07-06,2021-08-04,0.04269662921348315,1573.7,1669.1,0.0025883322278492
2411,BATAINDIA,2021-07-06,2021-08-04,0.04134831460674157,1580.5,1695.0,0.002995496376129016
2412,PGHH,2021-07-06,2021-08-04,0.04,13615.0,12825.0,-0.002320969518912964
2413,HDFCLIFE,2021-07-06,2021-08-04,0.038651685393258424,678.6,676.0,-0.00014809074863317534
2414,DIVISLAB,2021-07-06,2021-08-04,0.03730337078651685,4565.0,5017.0,0.003693564862104187
2415,EXIDEIND,2021-07-06,2021-08-04,0.03595505617977528,186.3,173.9,-0.002393143835905602
2416,PIDILITIND,2021-07-06,2021-08-04,0.0346067415730337,2266.8,2270.1,5.0380380797159764e-05
2417,TATACONSUM,2021-07-06,2021-08-04,0.03325842696629212,768.0,770.0,8.661048689138574e-05
2418,CIPLA,2021-07-06,2021-08-04,0.03191011235955055,975.0,928.15,-0.0015333218092768658
2419,ALKEM,2021-07-06,2021-08-04,0.030561797752808977,3247.0,3530.0,0.0026636860991823036
2420,SBILIFE,2021-07-06,2021-08-04,0.0292134831460674,1010.95,1130.0,0.0034401950329287527
2421,UNITDSPR,2021-07-06,2021-08-04,0.027865168539325826,661.4,656.9,-0.000189587629916792
2422,PFIZER,2021-07-06,2021-08-04,0.026516853932584253,5700.0,5965.0,0.001232801103883303
2423,ITC,2021-07-06,2021-08-04,0.025168539325842676,203.25,210.9,0.0009473029561756291
2424,COROMANDEL,2021-07-06,2021-08-04,0.023820224719101103,915.0,897.9,-0.0004451648554061524
2425,SANOFI,2021-08-05,2021-09-03,0.056179775280898896,5743.27,5988.2,0.002395867225387372
2426,BRITANNIA,2021-08-05,2021-09-03,0.05483146067415732,3578.3,4105.0,0.00807079628233481
2427,COLPAL,2021-08-05,2021-09-03,0.05348314606741574,1675.05,1730.0,0.001754514119820004
2428,NESTLEIND,2021-08-05,2021-09-03,0.05213483146067417,907.5,1012.5,0.006032129259912714
2429,DABUR,2021-08-05,2021-09-03,0.050786516853932595,593.45,643.2,0.004257526688824916
2430,INFY,2021-08-05,2021-09-03,0.04943820224719102,1649.5,1696.05,0.0013951793359240617
2431,ABBOTINDIA,2021-08-05,2021-09-03,0.04808988764044945,18080.0,20000.0,0.005106890722879588
2432,PGHH,2021-08-05,2021-09-03,0.04674157303370787,12720.0,13688.0,0.0035570631050809132
2433,HINDUNILVR,2021-08-05,2021-09-03,0.045393258426966294,2391.0,2802.2,0.007806653226753882
2434,TCS,2021-08-05,2021-09-03,0.044044943820224725,3275.0,3825.0,0.007396860794236213
2435,ITC,2021-08-05,2021-09-03,0.04269662921348315,208.6,209.75,0.00023538410160836945
2436,PIDILITIND,2021-08-05,2021-09-03,0.04134831460674157,2277.0,2352.9,0.001378277153558054
2437,UNITDSPR,2021-08-05,2021-09-03,0.04,647.0,749.95,0.006364760432766618
2438,DIVISLAB,2021-08-05,2021-09-03,0.038651685393258424,5000.0,5183.0,0.0014146516853932583
2439,TATACONSUM,2021-08-05,2021-09-03,0.03730337078651685,761.0,873.55,0.005517075403446084
2440,BIOCON,2021-08-05,2021-09-03,0.03595505617977528,386.35,361.7,-0.0022940135494537643
2441,EXIDEIND,2021-08-05,2021-09-03,0.0346067415730337,173.25,196.0,0.004544319600499375
2442,HDFCLIFE,2021-08-05,2021-09-03,0.03325842696629212,678.0,738.95,0.0029898246660700683
2443,BAJAJHLDNG,2021-08-05,2021-09-03,0.03191011235955055,3955.0,4295.0,0.0027432207843861413
2444,MARUTI,2021-08-05,2021-09-03,0.030561797752808977,7072.0,6770.0,-0.001305099394987035
2445,WHIRLPOOL,2021-08-05,2021-09-03,0.0292134831460674,2149.3,2190.0,0.0005531981408109328
2446,TORNTPHARM,2021-08-05,2021-09-03,0.027865168539325826,1541.475,1575.8,0.000620491354133126
2447,BATAINDIA,2021-08-05,2021-09-03,0.026516853932584253,1654.55,1793.0,0.0022188863600170992
2448,HCLTECH,2021-08-05,2021-09-03,0.025168539325842676,1040.0,1173.5,0.003230769230769228
2449,CIPLA,2021-08-05,2021-09-03,0.023820224719101103,944.2,956.1,0.0003002125335281747
2450,INFY,2021-09-07,2021-10-06,0.056179775280898896,1730.0,1702.1,-0.0009060206533740372
2451,COLPAL,2021-09-07,2021-10-06,0.05483146067415732,1702.0,1684.85,-0.0005525026736555834
2452,PGHH,2021-09-07,2021-10-06,0.05348314606741574,13600.15,13967.35,0.001444029017029599
2453,NESTLEIND,2021-09-07,2021-10-06,0.05213483146067417,1008.31,972.25,-0.001864488126143654
2454,ITC,2021-09-07,2021-10-06,0.050786516853932595,210.9,234.8,0.005755323626405829
2455,BRITANNIA,2021-09-07,2021-10-06,0.04943820224719102,4096.9,3893.0,-0.0024605065874691184
2456,DABUR,2021-09-07,2021-10-06,0.04808988764044945,637.0,616.8,-0.0015249854479389027
2457,TCS,2021-09-07,2021-10-06,0.04674157303370787,3864.0,3836.0,-0.00033870705096889766
2458,HEROMOTOCO,2021-09-07,2021-10-06,0.045393258426966294,2818.25,2840.0,0.00035032497854573473
2459,PIDILITIND,2021-09-07,2021-10-06,0.044044943820224725,2346.0,2438.0,0.0017272526988323423
2460,DIVISLAB,2021-09-07,2021-10-06,0.04269662921348315,5220.95,5225.0,3.312066737176462e-05
2461,BERGEPAINT,2021-09-07,2021-10-06,0.04134831460674157,840.0,828.85,-0.0005488496522204376
2462,MRF,2021-09-07,2021-10-06,0.04,81785.0,79645.0,-0.0010466466956043285
2463,ABBOTINDIA,2021-09-07,2021-10-06,0.038651685393258424,19771.4,23200.0,0.006702669944431136
2464,HINDUNILVR,2021-09-07,2021-10-06,0.03730337078651685,2788.6,2694.05,-0.0012648044566682772
2465,ARE&M,2021-09-07,2021-10-06,0.03595505617977528,718.0,765.5,0.0023786422960157738
2466,HDFCLIFE,2021-09-07,2021-10-06,0.0346067415730337,737.0,736.0,-4.695623008552741e-05
2467,MARUTI,2021-09-07,2021-10-06,0.03325842696629212,6879.9,7270.9,0.0018901502847163798
2468,SANOFI,2021-09-07,2021-10-06,0.03191011235955055,5630.0,5333.33,-0.0016814872173548606
2469,TORNTPHARM,2021-09-07,2021-10-06,0.030561797752808977,1572.4,1564.95,-0.00014480119133708234
2470,BATAINDIA,2021-09-07,2021-10-06,0.0292134831460674,1745.0,1849.95,0.0017569943015356875
2471,BPCL,2021-09-07,2021-10-06,0.027865168539325826,245.35,223.5,-0.0024815729879122442
2472,HDFCAMC,2021-09-07,2021-10-06,0.026516853932584253,3210.0,2910.0,-0.00247821064790507
2473,GRASIM,2021-09-07,2021-10-06,0.025168539325842676,1538.0,1621.0,0.0013582501716807166
2474,KOTAKBANK,2021-09-07,2021-10-06,0.023820224719101103,1774.55,1976.05,0.002704784469808612
2475,INFY,2021-10-05,2021-11-03,0.056179775280898896,1671.0,1709.0,0.0012775771757475513
2476,BRITANNIA,2021-10-05,2021-11-03,0.05483146067415732,3894.0,3695.0,-0.0028021213852484094
2477,NESTLEIND,2021-10-05,2021-11-03,0.05348314606741574,975.0,943.0,-0.0017553442811869783
2478,COLPAL,2021-10-05,2021-11-03,0.05213483146067417,1681.9,1526.0,-0.004832522875747136
2479,HINDUNILVR,2021-10-05,2021-11-03,0.050786516853932595,2686.2,2434.0,-0.004768207709985032
2480,TCS,2021-10-05,2021-11-03,0.04943820224719102,3754.0,3504.2,-0.003289734395670838
2481,DABUR,2021-10-05,2021-11-03,0.04808988764044945,626.4,608.0,-0.001412602063512562
2482,HEROMOTOCO,2021-10-05,2021-11-03,0.04674157303370787,2853.0,2697.0,-0.00255579579153818
2483,PGHH,2021-10-05,2021-11-03,0.045393258426966294,13972.0,14350.0,0.0012280741257796493
2484,BERGEPAINT,2021-10-05,2021-11-03,0.044044943820224725,819.4,759.4,-0.003225160640973253
2485,ITC,2021-10-05,2021-11-03,0.04269662921348315,236.4,226.0,-0.001878362706515334
2486,BAJAJ-AUTO,2021-10-05,2021-11-03,0.04134831460674157,3824.45,3726.2,-0.0010622368994528258
2487,PIDILITIND,2021-10-05,2021-11-03,0.04,2416.0,2355.0,-0.001009933774834437
2488,MRF,2021-10-05,2021-11-03,0.038651685393258424,79750.0,78860.0,-0.0004313479623824451
2489,TATACONSUM,2021-10-05,2021-11-03,0.03730337078651685,815.0,833.0,0.0008238781278003721
2490,HDFCLIFE,2021-10-05,2021-11-03,0.03595505617977528,724.2,695.05,-0.0014472381768026131
2491,TORNTPHARM,2021-10-05,2021-11-03,0.0346067415730337,1564.775,1415.5,-0.0033013828494924888
2492,HDFCBANK,2021-10-05,2021-11-03,0.03325842696629212,1592.0,1605.1,0.0002736717294336833
2493,SBILIFE,2021-10-05,2021-11-03,0.03191011235955055,1231.0,1170.0,-0.001581248459734024
2494,RELIANCE,2021-10-05,2021-11-03,0.030561797752808977,1277.55,1253.03,-0.0005865721740040511
2495,ARE&M,2021-10-05,2021-11-03,0.0292134831460674,767.0,706.8,-0.0022928965911255005
2496,SANOFI,2021-10-05,2021-11-03,0.027865168539325826,5306.67,5503.27,0.0010323408342390742
2497,PETRONET,2021-10-05,2021-11-03,0.026516853932584253,235.75,230.95,-0.0005398977682986414
2498,LT,2021-10-05,2021-11-03,0.025168539325842676,1714.5,1818.0,0.001519360641717537
2499,GRASIM,2021-10-05,2021-11-03,0.023820224719101103,1641.15,1745.0,0.0015073151979274578
2500,HEROMOTOCO,2021-11-04,2021-12-03,0.056179775280898896,2650.0,2485.0,-0.003497986008055969
2501,BRITANNIA,2021-11-04,2021-12-03,0.05483146067415732,3658.0,3557.0,-0.001513935901610139
2502,NESTLEIND,2021-11-04,2021-12-03,0.05348314606741574,945.0,970.11,0.0014211235955056193
2503,COLPAL,2021-11-04,2021-12-03,0.05213483146067417,1520.35,1437.15,-0.002853039088057409
2504,HDFCLIFE,2021-11-04,2021-12-03,0.050786516853932595,699.9,707.25,0.0005333346176259548
2505,HINDUNILVR,2021-11-04,2021-12-03,0.04943820224719102,2429.0,2383.3,-0.0009301464976107948
2506,INFY,2021-11-04,2021-12-03,0.04808988764044945,1715.0,1771.1,0.001573086120483504
2507,DABUR,2021-11-04,2021-12-03,0.04674157303370787,616.0,580.0,-0.0027316503720998106
2508,PGHH,2021-11-04,2021-12-03,0.045393258426966294,14560.0,15152.0,0.0018456599580195087
2509,BAJAJ-AUTO,2021-11-04,2021-12-03,0.044044943820224725,3718.5,3335.0,-0.004542486474399941
2510,TATACONSUM,2021-11-04,2021-12-03,0.04269662921348315,834.0,767.5,-0.0034044674372861266
2511,HDFCBANK,2021-11-04,2021-12-03,0.04134831460674157,1595.0,1525.8,-0.0017939206086435855
2512,TCS,2021-11-04,2021-12-03,0.04,3512.95,3646.45,0.001520089952888598
2513,ULTRACEMCO,2021-11-04,2021-12-03,0.038651685393258424,7897.0,7378.45,-0.0025380310827749983
2514,PIDILITIND,2021-11-04,2021-12-03,0.03730337078651685,2378.6,2245.0,-0.0020952368355665715
2515,PETRONET,2021-11-04,2021-12-03,0.03595505617977528,230.05,222.35,-0.0012034511305554021
2516,HDFC,2021-11-04,2021-12-03,0.0346067415730337,2899.05,2790.0,-0.0013017592551143758
2517,MRF,2021-11-04,2021-12-03,0.03325842696629212,78375.0,74189.95,-0.0017759257387595657
2518,PFIZER,2021-11-04,2021-12-03,0.03191011235955055,4997.4,4953.3,-0.00028159361969347304
2519,BERGEPAINT,2021-11-04,2021-12-03,0.030561797752808977,768.7,744.0,-0.0009820169175157839
2520,ALKEM,2021-11-04,2021-12-03,0.0292134831460674,3654.2,3473.2,-0.0014470035710793605
2521,CIPLA,2021-11-04,2021-12-03,0.027865168539325826,912.65,930.0,0.0005297328375141661
2522,LT,2021-11-04,2021-12-03,0.026516853932584253,1900.0,1799.95,-0.0013963217031342386
2523,SBILIFE,2021-11-04,2021-12-03,0.025168539325842676,1189.95,1177.0,-0.00027390443654747156
2524,RELIANCE,2021-11-04,2021-12-03,0.023820224719101103,1246.47,1249.2,5.217070084570542e-05
2525,COLPAL,2021-12-07,2022-01-05,0.056179775280898896,1434.95,1465.0,0.0011764885516505866
2526,HEROMOTOCO,2021-12-07,2022-01-05,0.05483146067415732,2435.0,2484.95,0.0011247767805643318
2527,NESTLEIND,2021-12-07,2022-01-05,0.05348314606741574,961.3,993.7,0.0018026151384419795
2528,HDFCBANK,2021-12-07,2022-01-05,0.05213483146067417,1513.95,1536.8,0.0007868693806773011
2529,BRITANNIA,2021-12-07,2022-01-05,0.050786516853932595,3502.05,3638.0,0.0019715386605822665
2530,HINDUNILVR,2021-12-07,2022-01-05,0.04943820224719102,2327.9,2403.8,0.0016119075349292505
2531,PGHH,2021-12-07,2022-01-05,0.04808988764044945,15125.0,15490.0,0.0011605162967777884
2532,BAJAJ-AUTO,2021-12-07,2022-01-05,0.04674157303370787,3284.95,3289.15,5.976182491105978e-05
2533,DABUR,2021-12-07,2022-01-05,0.045393258426966294,569.95,575.0,0.00040220362322340155
2534,PETRONET,2021-12-07,2022-01-05,0.044044943820224725,222.5,218.3,-0.0008314101754828914
2535,HDFCLIFE,2021-12-07,2022-01-05,0.04269662921348315,688.0,655.0,-0.0020479487849490463
2536,INFY,2021-12-07,2022-01-05,0.04134831460674157,1701.1,1900.0,0.004834624522533009
2537,MRF,2021-12-07,2022-01-05,0.04,73690.0,73937.2,0.00013418374270592867
2538,ULTRACEMCO,2021-12-07,2022-01-05,0.038651685393258424,7285.0,7650.5,0.0019392163364771386
2539,TCS,2021-12-07,2022-01-05,0.03730337078651685,3562.5,3865.0,0.0031675142913463426
2540,BERGEPAINT,2021-12-07,2022-01-05,0.03595505617977528,727.15,787.45,0.002981626745018843
2541,ARE&M,2021-12-07,2022-01-05,0.0346067415730337,631.4,636.9,0.00030145245272677443
2542,HDFC,2021-12-07,2022-01-05,0.03325842696629212,2795.0,2680.95,-0.0013571104098410098
2543,CASTROLIND,2021-12-07,2022-01-05,0.03191011235955055,126.45,125.1,-0.00034067735615178743
2544,PIDILITIND,2021-12-07,2022-01-05,0.030561797752808977,2218.9,2601.7,0.0052724576050183726
2545,TATACONSUM,2021-12-07,2022-01-05,0.0292134831460674,758.35,740.25,-0.0006972559437513293
2546,LT,2021-12-07,2022-01-05,0.027865168539325826,1790.2,1940.7,0.002342591813857969
2547,HDFCAMC,2021-12-07,2022-01-05,0.026516853932584253,2542.0,2480.0,-0.0006467525349410793
2548,MARICO,2021-12-07,2022-01-05,0.025168539325842676,521.95,503.0,-0.0009137730055076537
2549,MGL,2021-12-07,2022-01-05,0.023820224719101103,896.0,874.95,-0.0005596157704654878
2550,COLPAL,2022-01-04,2022-02-02,0.056179775280898896,1473.95,1434.0,-0.0015226988856283548
2551,PETRONET,2022-01-04,2022-02-02,0.05483146067415732,219.9,215.25,-0.0011594647209405722
2552,NESTLEIND,2022-01-04,2022-02-02,0.05348314606741574,983.9,941.0,-0.0023319717108366035
2553,BRITANNIA,2022-01-04,2022-02-02,0.05213483146067417,3623.0,3670.0,0.0006763282027744097
2554,HEROMOTOCO,2022-01-04,2022-02-02,0.050786516853932595,2492.0,2703.0,0.0043001424784028
2555,DABUR,2022-01-04,2022-02-02,0.04943820224719102,583.0,550.5,-0.0027559889760440963
2556,HDFCBANK,2022-01-04,2022-02-02,0.04808988764044945,1520.0,1511.95,-0.00025468657599053674
2557,HINDUNILVR,2022-01-04,2022-02-02,0.04674157303370787,2368.95,2324.1,-0.0008849319532120956
2558,HDFCLIFE,2022-01-04,2022-02-02,0.045393258426966294,652.4,624.1,-0.0019690821788521523
2559,BAJAJ-AUTO,2022-01-04,2022-02-02,0.044044943820224725,3284.0,3540.0,0.0034334669969480905
2560,INFY,2022-01-04,2022-02-02,0.04269662921348315,1898.45,1789.0,-0.0024615586754540455
2561,TCS,2022-01-04,2022-02-02,0.04134831460674157,3831.1,3827.9,-3.453697547481546e-05
2562,MARICO,2022-01-04,2022-02-02,0.04,504.5,502.5,-0.00015857284440039645
2563,BERGEPAINT,2022-01-04,2022-02-02,0.038651685393258424,780.0,731.75,-0.0023909536156727167
2564,PGHH,2022-01-04,2022-02-02,0.03730337078651685,15648.85,14896.65,-0.001793077159383469
2565,CASTROLIND,2022-01-04,2022-02-02,0.03595505617977528,124.05,125.0,0.00027535109529050076
2566,MRF,2022-01-04,2022-02-02,0.0346067415730337,73667.7,71601.0,-0.0009708699037568521
2567,ULTRACEMCO,2022-01-04,2022-02-02,0.03325842696629212,7749.0,7572.7,-0.0007566732061114089
2568,PIDILITIND,2022-01-04,2022-02-02,0.03191011235955055,2482.0,2482.0,0.0
2569,MGL,2022-01-04,2022-02-02,0.030561797752808977,879.25,833.05,-0.001605863015274127
2570,HDFC,2022-01-04,2022-02-02,0.0292134831460674,2645.0,2583.2,-0.0006825683396699321
2571,LT,2022-01-04,2022-02-02,0.027865168539325826,1922.85,1995.1,0.0010470179301382276
2572,ARE&M,2022-01-04,2022-02-02,0.026516853932584253,640.95,629.25,-0.00048404273502026206
2573,TATACONSUM,2022-01-04,2022-02-02,0.025168539325842676,752.0,741.6,-0.0003480755438680362
2574,SHREECEM,2022-01-04,2022-02-02,0.023820224719101103,27247.4,25590.0,-0.0014489323916938202
2575,COLPAL,2022-02-03,2022-03-04,0.056179775280898896,1461.0,1438.0,-0.0008844180913488533
2576,PETRONET,2022-02-03,2022-03-04,0.05483146067415732,214.0,215.45,0.0003715215793342406
2577,NESTLEIND,2022-02-03,2022-03-04,0.05348314606741574,921.0,865.0,-0.0032519611072478628
2578,DABUR,2022-02-03,2022-03-04,0.05213483146067417,549.95,557.0,0.0006683345064055832
2579,HDFCBANK,2022-02-03,2022-03-04,0.050786516853932595,1528.75,1360.0,-0.005606034158038348
2580,BRITANNIA,2022-02-03,2022-03-04,0.04943820224719102,3622.0,3350.0,-0.0037126424658299162
2581,HINDUNILVR,2022-02-03,2022-03-04,0.04808988764044945,2329.0,2075.0,-0.005244667866326389
2582,DRREDDY,2022-02-03,2022-03-04,0.04674157303370787,883.6,742.0,-0.007490501065610044
2583,HDFCLIFE,2022-02-03,2022-03-04,0.045393258426966294,646.05,528.9,-0.008231282756317779
2584,MARICO,2022-02-03,2022-03-04,0.044044943820224725,504.9,507.0,0.0001831934680579777
2585,HEROMOTOCO,2022-02-03,2022-03-04,0.04269662921348315,2704.3,2400.0,-0.00480441676946453
2586,MGL,2022-02-03,2022-03-04,0.04134831460674157,850.0,723.1,-0.006173060145406475
2587,MRF,2022-02-03,2022-03-04,0.04,70450.0,65600.0,-0.0027537260468417316
2588,HDFC,2022-02-03,2022-03-04,0.038651685393258424,2613.0,2250.3,-0.005365084688914973
2589,TCS,2022-02-03,2022-03-04,0.03730337078651685,3851.0,3501.5,-0.0033854915839749778
2590,BERGEPAINT,2022-02-03,2022-03-04,0.03595505617977528,745.0,651.5,-0.004512480205112737
2591,BAJAJ-AUTO,2022-02-03,2022-03-04,0.0346067415730337,3550.0,3251.0,-0.0029147649944611482
2592,PGHH,2022-02-03,2022-03-04,0.03325842696629212,14803.0,15300.0,0.0011166275891540353
2593,INFY,2022-02-03,2022-03-04,0.03191011235955055,1779.0,1695.25,-0.0015022326644813708
2594,COROMANDEL,2022-02-03,2022-03-04,0.030561797752808977,799.9,776.85,-0.0008806718817380241
2595,ULTRACEMCO,2022-02-03,2022-03-04,0.0292134831460674,7461.0,5949.75,-0.005917286745006615
2596,SBILIFE,2022-02-03,2022-03-04,0.027865168539325826,1218.05,1071.5,-0.0033526049418646188
2597,LT,2022-02-03,2022-03-04,0.026516853932584253,1981.5,1740.0,-0.0032318043021544777
2598,ICICIGI,2022-02-03,2022-03-04,0.025168539325842676,1383.0,1235.0,-0.0026933794795551093
2599,CASTROLIND,2022-02-03,2022-03-04,0.023820224719101103,124.2,110.0,-0.002723407335034104
2600,NESTLEIND,2022-03-08,2022-04-06,0.056179775280898896,865.0,898.75,0.002191985451711373
2601,COLPAL,2022-03-08,2022-04-06,0.05483146067415732,1400.0,1585.0,0.007245585874799359
2602,SANOFI,2022-03-08,2022-04-06,0.05348314606741574,4723.33,5163.3,0.004981862324944672
2603,HINDUNILVR,2022-03-08,2022-04-06,0.05213483146067417,1924.55,2135.0,0.005700956213607796
2604,BRITANNIA,2022-03-08,2022-04-06,0.050786516853932595,3115.0,3282.0,0.0027227442422493556
2605,DABUR,2022-03-08,2022-04-06,0.04943820224719102,506.0,548.95,0.004196384953590626
2606,MRF,2022-03-08,2022-04-06,0.04808988764044945,66150.0,67790.0,0.0011922511826203644
2607,MARICO,2022-03-08,2022-04-06,0.04674157303370787,482.0,525.0,0.004169891370227051
2608,ICICIGI,2022-03-08,2022-04-06,0.045393258426966294,1200.0,1349.8,0.005666591760299624
2609,DRREDDY,2022-03-08,2022-04-06,0.044044943820224725,750.0,866.0,0.006812284644194757
2610,TCS,2022-03-08,2022-04-06,0.04269662921348315,3460.0,3809.3,0.004310385139962333
2611,HDFCBANK,2022-03-08,2022-04-06,0.04134831460674157,1302.2,1587.7,0.009065384595472828
2612,BAJAJ-AUTO,2022-03-08,2022-04-06,0.04,3229.0,3801.0,0.007085785072777949
2613,CASTROLIND,2022-03-08,2022-04-06,0.038651685393258424,107.0,104.25,-0.0009933844376772024
2614,PETRONET,2022-03-08,2022-04-06,0.03730337078651685,219.1,200.0,-0.003251914112380062
2615,INFY,2022-03-08,2022-04-06,0.03595505617977528,1718.45,1855.0,0.0028570298358103594
2616,MGL,2022-03-08,2022-04-06,0.0346067415730337,722.75,839.0,0.005566286693690995
2617,PGHH,2022-03-08,2022-04-06,0.03325842696629212,14100.0,14265.0,0.0003891943581161844
2618,ALKEM,2022-03-08,2022-04-06,0.03191011235955055,3206.15,3530.0,0.0032232084860784565
2619,SUNPHARMA,2022-03-08,2022-04-06,0.030561797752808977,826.2,927.8,0.0037582651315485223
2620,CIPLA,2022-03-08,2022-04-06,0.0292134831460674,938.0,1014.0,0.0023669773124745438
2621,BERGEPAINT,2022-03-08,2022-04-06,0.027865168539325826,634.0,723.95,0.003953425725729273
2622,HDFC,2022-03-08,2022-04-06,0.026516853932584253,2106.0,2597.4,0.0061872659176029935
2623,COROMANDEL,2022-03-08,2022-04-06,0.025168539325842676,763.95,816.6,0.001734568486819316
2624,LT,2022-03-08,2022-04-06,0.023820224719101103,1627.9,1833.0,0.003001122974315151
2625,NESTLEIND,2022-04-05,2022-05-04,0.056179775280898896,891.3,914.05,0.0014339615030185683
2626,COLPAL,2022-04-05,2022-05-04,0.05483146067415732,1565.0,1647.1,0.0028764619305740005
2627,MRF,2022-04-05,2022-05-04,0.05348314606741574,67129.9,72800.0,0.004517432418592227
2628,TCS,2022-04-05,2022-05-04,0.05213483146067417,3772.0,3538.5,-0.0032273285116827728
2629,BRITANNIA,2022-04-05,2022-05-04,0.050786516853932595,3280.0,3340.0,0.0009290216497670597
2630,DABUR,2022-04-05,2022-05-04,0.04943820224719102,548.0,557.8,0.0008841138358074266
2631,CASTROLIND,2022-04-05,2022-05-04,0.04808988764044945,104.3,109.0,0.002167041916683725
2632,HINDUNILVR,2022-04-05,2022-05-04,0.04674157303370787,2144.5,2241.95,0.002124022519064968
2633,MARICO,2022-04-05,2022-05-04,0.045393258426966294,534.75,526.0,-0.000742760189314549
2634,ICICIGI,2022-04-05,2022-05-04,0.044044943820224725,1345.0,1283.9,-0.002000852094732882
2635,DRREDDY,2022-04-05,2022-05-04,0.04269662921348315,867.78,824.8,-0.0021147077872219994
2636,BAJAJ-AUTO,2022-04-05,2022-05-04,0.04134831460674157,3765.0,3625.0,-0.0015375203306623691
2637,SUNPHARMA,2022-04-05,2022-05-04,0.04,928.0,920.1,-0.00034051724137930937
2638,INFY,2022-04-05,2022-05-04,0.038651685393258424,1883.8,1547.25,-0.0069053109242494535
2639,ALKEM,2022-04-05,2022-05-04,0.03730337078651685,3475.05,3295.0,-0.0019327698623364743
2640,CIPLA,2022-04-05,2022-05-04,0.03595505617977528,1035.0,977.5,-0.0019975031210986267
2641,PETRONET,2022-04-05,2022-05-04,0.0346067415730337,199.0,208.25,0.0016086048218621192
2642,BHARTIARTL,2022-04-05,2022-05-04,0.03325842696629212,767.8,737.0,-0.001334148932745241
2643,LT,2022-04-05,2022-05-04,0.03191011235955055,1840.0,1679.5,-0.002783463605276013
2644,ABBOTINDIA,2022-04-05,2022-05-04,0.030561797752808977,17500.0,17081.55,-0.0007307762439807394
2645,COROMANDEL,2022-04-05,2022-05-04,0.0292134831460674,812.0,920.0,0.003885537167210935
2646,BERGEPAINT,2022-04-05,2022-05-04,0.027865168539325826,722.65,713.9,-0.0003373973911563011
2647,PGHH,2022-04-05,2022-05-04,0.026516853932584253,14399.95,13800.0,-0.0011047806774922093
2648,SBILIFE,2022-04-05,2022-05-04,0.025168539325842676,1123.05,1081.05,-0.0009412569802639175
2649,EXIDEIND,2022-04-05,2022-05-04,0.023820224719101103,159.95,153.9,-0.0009009838046299548
2650,COLPAL,2022-05-10,2022-06-08,0.056179775280898896,1581.0,1510.0,-0.0025229374098316394
2651,NESTLEIND,2022-05-10,2022-06-08,0.05483146067415732,832.0,831.52,-3.1633535004322725e-05
2652,MRF,2022-05-10,2022-06-08,0.05348314606741574,68490.0,71701.0,0.002507437319644794
2653,CASTROLIND,2022-05-10,2022-06-08,0.05213483146067417,105.6,107.5,0.0009380320054477389
2654,TCS,2022-05-10,2022-06-08,0.050786516853932595,3434.0,3380.15,-0.000796404756139856
2655,BRITANNIA,2022-05-10,2022-06-08,0.04943820224719102,3261.0,3385.0,0.0018798948416595173
2656,DABUR,2022-05-10,2022-06-08,0.04808988764044945,505.8,498.0,-0.0007415996907779878
2657,HINDUNILVR,2022-05-10,2022-06-08,0.04674157303370787,2134.0,2215.0,0.0017741646746627638
2658,SUNPHARMA,2022-05-10,2022-06-08,0.045393258426966294,885.0,845.1,-0.002046543515520852
2659,DRREDDY,2022-05-10,2022-06-08,0.044044943820224725,780.0,834.8,0.003094439642754247
2660,ALKEM,2022-05-10,2022-06-08,0.04269662921348315,3090.0,3133.0,0.0005941602123559144
2661,ITC,2022-05-10,2022-06-08,0.04134831460674157,262.0,273.95,0.001885925036452524
2662,PFC,2022-05-10,2022-06-08,0.04,89.6,88.0,-0.0007142857142857119
2663,BERGEPAINT,2022-05-10,2022-06-08,0.038651685393258424,668.3,582.05,-0.004988340363861348
2664,ICICIBANK,2022-05-10,2022-06-08,0.03730337078651685,705.0,736.6,0.0016720376125587708
2665,BHARTIARTL,2022-05-10,2022-06-08,0.03595505617977528,711.0,682.5,-0.0014412364291471102
2666,MARICO,2022-05-10,2022-06-08,0.0346067415730337,489.45,495.5,0.00042776746657851526
2667,LT,2022-05-10,2022-06-08,0.03325842696629212,1611.0,1595.0,-0.0003303133652766443
2668,ABBOTINDIA,2022-05-10,2022-06-08,0.03191011235955055,16798.95,17800.0,0.0019015246772880483
2669,ICICIGI,2022-05-10,2022-06-08,0.030561797752808977,1268.0,1162.4,-0.002545209655123521
2670,RECLTD,2022-05-10,2022-06-08,0.0292134831460674,91.7293233082707,87.9323308270677,-0.0012092466384232765
2671,PETRONET,2022-05-10,2022-06-08,0.027865168539325826,216.1,228.65,0.0016182686958285026
2672,BAJAJ-AUTO,2022-05-10,2022-06-08,0.026516853932584253,3564.95,3833.5,0.0019975318373597123
2673,CIPLA,2022-05-10,2022-06-08,0.025168539325842676,930.0,972.0,0.0011366437114896694
2674,WHIRLPOOL,2022-05-10,2022-06-08,0.023820224719101103,1579.8,1576.2,-5.4280800727156484e-05
2675,COLPAL,2022-06-07,2022-07-06,0.056179775280898896,1517.5,1530.15,0.0004683190492938228
2676,NESTLEIND,2022-06-07,2022-07-06,0.05483146067415732,842.5,899.25,0.003693395125529291
2677,CASTROLIND,2022-06-07,2022-07-06,0.05348314606741574,108.0,105.7,-0.0011389929255097783
2678,ALKEM,2022-06-07,2022-07-06,0.05213483146067417,3119.1,3050.0,-0.0011549860068393385
2679,MRF,2022-06-07,2022-07-06,0.050786516853932595,74000.0,71721.95,-0.0015634354691770446
2680,TCS,2022-06-07,2022-07-06,0.04943820224719102,3401.05,3218.5,-0.0026535757546124663
2681,WHIRLPOOL,2022-06-07,2022-07-06,0.04808988764044945,1582.8,1558.6,-0.0007352636346341161
2682,BHARTIARTL,2022-06-07,2022-07-06,0.04674157303370787,678.15,684.5,0.0004376745392082077
2683,BRITANNIA,2022-06-07,2022-07-06,0.045393258426966294,3465.0,3650.15,0.0024255589603904225
2684,PFC,2022-06-07,2022-07-06,0.044044943820224725,87.6,85.64,-0.0009854804781694085
2685,CIPLA,2022-06-07,2022-07-06,0.04269662921348315,971.55,940.0,-0.0013865252963670336
2686,DABUR,2022-06-07,2022-07-06,0.04134831460674157,507.9,530.6,0.0018480148485391526
2687,ITC,2022-06-07,2022-07-06,0.04,273.2,286.1,0.0018887262079063008
2688,ICICIBANK,2022-06-07,2022-07-06,0.038651685393258424,741.0,723.0,-0.0009389073374880589
2689,SUNPHARMA,2022-06-07,2022-07-06,0.03730337078651685,855.0,840.0,-0.0006544451015178395
2690,RECLTD,2022-06-07,2022-07-06,0.03595505617977528,86.4661654135338,96.1654135338346,0.004033219345383507
2691,IPCALAB,2022-06-07,2022-07-06,0.0346067415730337,859.0,929.0,0.0028201069966383692
2692,HINDUNILVR,2022-06-07,2022-07-06,0.03325842696629212,2250.0,2400.0,0.0022172284644194746
2693,APLLTD,2022-06-07,2022-07-06,0.03191011235955055,726.6,727.4,3.5133622196034946e-05
2694,DRREDDY,2022-06-07,2022-07-06,0.030561797752808977,852.0,879.0,0.0009685076752650732
2695,MARICO,2022-06-07,2022-07-06,0.0292134831460674,508.25,482.0,-0.0015088124595853797
2696,EMAMILTD,2022-06-07,2022-07-06,0.027865168539325826,421.85,436.0,0.000934673781750527
2697,BAJAJ-AUTO,2022-06-07,2022-07-06,0.026516853932584253,3765.0,3682.0,-0.0005845680946625479
2698,ICICIGI,2022-06-07,2022-07-06,0.025168539325842676,1190.0,1184.1,-0.000124785194976869
2699,EXIDEIND,2022-06-07,2022-07-06,0.023820224719101103,146.0,140.8,-0.0008483915653378456
2700,COLPAL,2022-07-07,2022-08-05,0.056179775280898896,1580.0,1595.0,0.0005333522969705591
2701,NESTLEIND,2022-07-07,2022-08-05,0.05483146067415732,919.5,992.0,0.004323307122214688
2702,CASTROLIND,2022-07-07,2022-08-05,0.05348314606741574,107.5,115.6,0.004029892866475044
2703,ALKEM,2022-07-07,2022-08-05,0.05213483146067417,3094.3,3168.3,0.0012468013858028919
2704,WHIRLPOOL,2022-07-07,2022-08-05,0.050786516853932595,1620.5,1781.55,0.005047311656480001
2705,MRF,2022-07-07,2022-08-05,0.04943820224719102,73825.0,89000.0,0.010162204119216034
2706,TCS,2022-07-07,2022-08-05,0.04808988764044945,3271.0,3361.2,0.001326110628299765
2707,APLLTD,2022-07-07,2022-08-05,0.04674157303370787,734.05,670.1,-0.004072098079838724
2708,ITC,2022-07-07,2022-08-05,0.045393258426966294,291.0,309.5,0.0028858257075562764
2709,PFC,2022-07-07,2022-08-05,0.044044943820224725,86.4,94.96,0.004363712026633369
2710,SUNPHARMA,2022-07-07,2022-08-05,0.04269662921348315,843.05,919.5,0.0038718430738043873
2711,CIPLA,2022-07-07,2022-08-05,0.04134831460674157,950.35,1040.0,0.0039005381222648296
2712,IPCALAB,2022-07-07,2022-08-05,0.04,949.0,1031.0,0.003456269757639621
2713,BHARTIARTL,2022-07-07,2022-08-05,0.038651685393258424,692.0,698.0,0.00033513022017276093
2714,ICICIBANK,2022-07-07,2022-08-05,0.03730337078651685,735.95,823.1,0.004417404394381333
2715,BRITANNIA,2022-07-07,2022-08-05,0.03595505617977528,3828.0,3745.0,-0.0007795897761027554
2716,DABUR,2022-07-07,2022-08-05,0.0346067415730337,542.1,573.9,0.0020300578897296997
2717,PGHH,2022-07-07,2022-08-05,0.03325842696629212,14100.0,14799.95,0.001651009642202567
2718,RECLTD,2022-07-07,2022-08-05,0.03191011235955055,98.1203007518797,100.0,0.0006113048344741494
2719,HCLTECH,2022-07-07,2022-08-05,0.030561797752808977,997.0,962.9,-0.0010452931829195453
2720,KOTAKBANK,2022-07-07,2022-08-05,0.0292134831460674,1718.0,1844.75,0.002155302088919699
2721,CUMMINSIND,2022-07-07,2022-08-05,0.027865168539325826,1103.85,1176.0,0.0018213270916450253
2722,EXIDEIND,2022-07-07,2022-08-05,0.026516853932584253,142.8,156.5,0.0025439838856891033
2723,DRREDDY,2022-07-07,2022-08-05,0.025168539325842676,885.35,831.0,-0.001545050107143559
2724,POWERGRID,2022-07-07,2022-08-05,0.023820224719101103,160.34,166.69,0.0009433605274185596
2725,CASTROLIND,2022-08-10,2022-09-07,0.056179775280898896,114.65,114.0,-0.0003185072301141265
2726,COLPAL,2022-08-10,2022-09-07,0.05483146067415732,1603.8,1632.8,0.0009914654941704465
2727,NESTLEIND,2022-08-10,2022-09-07,0.05348314606741574,992.53,952.1,-0.0021785977204775834
2728,WHIRLPOOL,2022-08-10,2022-09-07,0.05213483146067417,1820.0,1798.8,-0.0006072848499814806
2729,ITC,2022-08-10,2022-09-07,0.050786516853932595,313.15,326.0,0.0020840068388089895
2730,ALKEM,2022-08-10,2022-09-07,0.04943820224719102,3000.0,3048.2,0.000794307116104866
2731,MRF,2022-08-10,2022-09-07,0.04808988764044945,86805.0,84900.0,-0.0010553681925586798
2732,APLLTD,2022-08-10,2022-09-07,0.04674157303370787,659.1,636.65,-0.0015920927243312758
2733,HCLTECH,2022-08-10,2022-09-07,0.045393258426966294,966.05,927.0,-0.0018349016526815712
2734,PFC,2022-08-10,2022-09-07,0.044044943820224725,94.16,93.08,-0.0005051883955590764
2735,SUNPHARMA,2022-08-10,2022-09-07,0.04269662921348315,913.2,879.5,-0.0015756421424599036
2736,BHARTIARTL,2022-08-10,2022-09-07,0.04134831460674157,713.9,755.5,0.0024094269332405804
2737,TCS,2022-08-10,2022-09-07,0.04,3385.0,3102.0,-0.003344165435745938
2738,CIPLA,2022-08-10,2022-09-07,0.038651685393258424,1035.55,1033.85,-6.345214153690413e-05
2739,BRITANNIA,2022-08-10,2022-09-07,0.03730337078651685,3640.0,3600.0,-0.00040992715150018515
2740,IPCALAB,2022-08-10,2022-09-07,0.03595505617977528,1005.0,883.8,-0.0043360724467549905
2741,RECLTD,2022-08-10,2022-09-07,0.0346067415730337,100.375939849624,107.65,0.0025078870512982594
2742,ICICIBANK,2022-08-10,2022-09-07,0.03325842696629212,842.15,878.55,0.0014375191374138012
2743,DABUR,2022-08-10,2022-09-07,0.03191011235955055,588.95,569.95,-0.001029445852502692
2744,TORNTPHARM,2022-08-10,2022-09-07,0.030561797752808977,1557.0,1505.0,-0.001020689456098951
2745,POWERGRID,2022-08-10,2022-09-07,0.0292134831460674,165.98,167.71,0.0003044904557338061
2746,BAJAJ-AUTO,2022-08-10,2022-09-07,0.027865168539325826,4014.0,3915.0,-0.0006872575200282154
2747,LT,2022-08-10,2022-09-07,0.026516853932584253,1830.0,1941.1,0.0016098483453060699
2748,PGHH,2022-08-10,2022-09-07,0.025168539325842676,14654.8,14238.75,-0.0007145352230338748
2749,WIPRO,2022-08-10,2022-09-07,0.023820224719101103,217.5,201.05,-0.0018015756166860361
2750,CASTROLIND,2022-09-06,2022-10-06,0.056179775280898896,114.3,112.7,-0.00078641855161363
2751,COLPAL,2022-09-06,2022-10-06,0.05483146067415732,1663.0,1608.65,-0.001791996324498163
2752,ITC,2022-09-06,2022-10-06,0.05348314606741574,330.0,335.0,0.0008103506979911477
2753,PFC,2022-09-06,2022-10-06,0.05213483146067417,91.64,85.56,-0.003458967429953065
2754,APLLTD,2022-09-06,2022-10-06,0.050786516853932595,643.4,624.0,-0.0015313310956889823
2755,ALKEM,2022-09-06,2022-10-06,0.04943820224719102,3049.8,3295.1,0.003976388947221438
2756,ICICIBANK,2022-09-06,2022-10-06,0.04808988764044945,882.5,873.05,-0.0005149568704841354
2757,NESTLEIND,2022-09-06,2022-10-06,0.04674157303370787,963.03,967.11,0.0001980266637358442
2758,BHARTIARTL,2022-09-06,2022-10-06,0.045393258426966294,740.4,810.55,0.004300833439561972
2759,RECLTD,2022-09-06,2022-10-06,0.044044943820224725,106.9,94.8,-0.004985442658790641
2760,LICI,2022-09-06,2022-10-06,0.04269662921348315,662.0,630.55,-0.0020284123697342097
2761,WHIRLPOOL,2022-09-06,2022-10-06,0.04134831460674157,1800.4,1657.95,-0.0032715326681461553
2762,DABUR,2022-09-06,2022-10-06,0.04,571.55,557.5,-0.0009832910506517333
2763,HCLTECH,2022-09-06,2022-10-06,0.038651685393258424,936.0,955.5,0.0008052434456928838
2764,BRITANNIA,2022-09-06,2022-10-06,0.03730337078651685,3672.0,3837.25,0.0016787532740936571
2765,SUNPHARMA,2022-09-06,2022-10-06,0.03595505617977528,887.0,954.7,0.002744258515637867
2766,PGHH,2022-09-06,2022-10-06,0.0346067415730337,14174.65,14009.45,-0.0004033280333458061
2767,POWERGRID,2022-09-06,2022-10-06,0.03325842696629212,168.42,157.03,-0.0022492191137992333
2768,TCS,2022-09-06,2022-10-06,0.03191011235955055,3135.5,3111.0,-0.00024933750687577375
2769,ACC,2022-09-06,2022-10-06,0.030561797752808977,2297.0,2371.45,0.0009905641457103277
2770,SBIN,2022-09-06,2022-10-06,0.0292134831460674,538.0,534.6,-0.00018462052545841726
2771,CIPLA,2022-09-06,2022-10-06,0.027865168539325826,1025.0,1150.4,0.0034090654973965477
2772,BAJAJ-AUTO,2022-09-06,2022-10-06,0.026516853932584253,3962.0,3597.5,-0.0024395237906176073
2773,AMBUJACEM,2022-09-06,2022-10-06,0.025168539325842676,419.4,497.9,0.0047108496353806635
2774,AJANTPHARM,2022-09-06,2022-10-06,0.023820224719101103,1352.05,1289.9,-0.0010949498659754671
2775,CASTROLIND,2022-10-07,2022-11-07,0.056179775280898896,112.5,126.65,0.0070661672908863965
2776,NESTLEIND,2022-10-07,2022-11-07,0.05483146067415732,963.76,1022.58,0.0033464623110047486
2777,ITC,2022-10-07,2022-11-07,0.05348314606741574,336.8,355.0,0.0028901225012677133
2778,WHIRLPOOL,2022-10-07,2022-11-07,0.05213483146067417,1662.0,1527.85,-0.00420811530712963
2779,ALKEM,2022-10-07,2022-11-07,0.050786516853932595,3275.0,3240.0,-0.0005427566686679819
2780,COLPAL,2022-10-07,2022-11-07,0.04943820224719102,1571.5,1590.9,0.0006103093373181739
2781,PFC,2022-10-07,2022-11-07,0.04808988764044945,84.64,94.04,0.005340795650049918
2782,LICI,2022-10-07,2022-11-07,0.04674157303370787,629.0,629.0,0.0
2783,PGHH,2022-10-07,2022-11-07,0.045393258426966294,13954.7,14130.0,0.0005702335558806107
2784,HDFCBANK,2022-10-07,2022-11-07,0.044044943820224725,1430.25,1510.0,0.002455923278911324
2785,ICICIBANK,2022-10-07,2022-11-07,0.04269662921348315,877.2,910.25,0.001608668029532166
2786,BRITANNIA,2022-10-07,2022-11-07,0.04134831460674157,3776.0,3930.05,0.0016868929727670938
2787,DABUR,2022-10-07,2022-11-07,0.04,537.9,557.5,0.0014575199851273488
2788,RECLTD,2022-10-07,2022-11-07,0.038651685393258424,95.5,100.2,0.0019022295429142902
2789,IOC,2022-10-07,2022-11-07,0.03730337078651685,67.65,68.85,0.000661700590448186
2790,BHARTIARTL,2022-10-07,2022-11-07,0.03595505617977528,792.0,817.0,0.0011349449551696742
2791,HCLTECH,2022-10-07,2022-11-07,0.0346067415730337,965.0,1048.1,0.002980124585201137
2792,SUNPHARMA,2022-10-07,2022-11-07,0.03325842696629212,953.0,1045.0,0.0032106771048256823
2793,AJANTPHARM,2022-10-07,2022-11-07,0.03191011235955055,1273.7,1260.0,-0.0003432272429346345
2794,IPCALAB,2022-10-07,2022-11-07,0.030561797752808977,923.6,905.25,-0.0006071989917324008
2795,CIPLA,2022-10-07,2022-11-07,0.0292134831460674,1135.0,1146.1,0.00028570014354303564
2796,KOTAKBANK,2022-10-07,2022-11-07,0.027865168539325826,1810.5,1908.0,0.0015006097390689135
2797,DRREDDY,2022-10-07,2022-11-07,0.026516853932584253,878.0,906.2,0.0008516802743722974
2798,SBIN,2022-10-07,2022-11-07,0.025168539325842676,535.5,613.0,0.00364250569141514
2799,TCS,2022-10-07,2022-11-07,0.023820224719101103,3097.4,3229.0,0.0010120557800199208
2800,ITC,2022-11-09,2022-12-07,0.056179775280898896,353.5,338.5,-0.002383865994946205
2801,PGHH,2022-11-09,2022-12-07,0.05483146067415732,14090.0,14258.0,0.0006537746907919397
2802,HDFCBANK,2022-11-09,2022-12-07,0.05348314606741574,1515.05,1614.15,0.0034983530413391683
2803,NESTLEIND,2022-11-09,2022-12-07,0.05213483146067417,1030.78,996.0,-0.0017591042105999791
2804,IOC,2022-11-09,2022-12-07,0.050786516853932595,70.35,76.75,0.004620237496306594
2805,COLPAL,2022-11-09,2022-12-07,0.04943820224719102,1598.0,1589.5,-0.0002629691608893139
2806,CASTROLIND,2022-11-09,2022-12-07,0.04808988764044945,127.0,128.6,0.0006058568521631406
2807,LICI,2022-11-09,2022-12-07,0.04674157303370787,635.0,649.75,0.0010857294523577813
2808,ALKEM,2022-11-09,2022-12-07,0.045393258426966294,3227.05,3102.0,-0.0017590142595535064
2809,DABUR,2022-11-09,2022-12-07,0.044044943820224725,555.0,601.0,0.0036505719202348423
2810,WHIRLPOOL,2022-11-09,2022-12-07,0.04269662921348315,1535.25,1533.2,-5.701227154381274e-05
2811,PFC,2022-11-09,2022-12-07,0.04134831460674157,95.76,109.92,0.006114161809016922
2812,ICICIBANK,2022-11-09,2022-12-07,0.04,920.0,922.0,8.695652173913044e-05
2813,BAJAJ-AUTO,2022-11-09,2022-12-07,0.038651685393258424,3790.0,3694.8,-0.000970881385076041
2814,UBL,2022-11-09,2022-12-07,0.03730337078651685,1656.6,1735.0,0.001765413660306003
2815,HDFC,2022-11-09,2022-12-07,0.03595505617977528,2496.1,2677.1,0.0026072133201952346
2816,CIPLA,2022-11-09,2022-12-07,0.0346067415730337,1141.1,1111.0,-0.0009128585762407426
2817,BHARTIARTL,2022-11-09,2022-12-07,0.03325842696629212,824.2,837.55,0.0005387041980101879
2818,HCLTECH,2022-11-09,2022-12-07,0.03191011235955055,1060.9,1114.0,0.0015971599267528807
2819,SUNPHARMA,2022-11-09,2022-12-07,0.030561797752808977,1020.05,1036.55,0.0004943577892469468
2820,DRREDDY,2022-11-09,2022-12-07,0.0292134831460674,908.0,873.0,-0.0011260703855862984
2821,TCS,2022-11-09,2022-12-07,0.027865168539325826,3249.8,3368.3,0.0010160694417841439
2822,RECLTD,2022-11-09,2022-12-07,0.026516853932584253,101.55,110.8,0.0024153707422590286
2823,KOTAKBANK,2022-11-09,2022-12-07,0.025168539325842676,1898.0,1932.5,0.0004574892553959812
2824,PIDILITIND,2022-11-09,2022-12-07,0.023820224719101103,2645.0,2775.0,0.0011707482848707536
2825,PGHH,2022-12-06,2023-01-04,0.056179775280898896,14181.6,14000.0,-0.000719400292704015
2826,ITC,2022-12-06,2023-01-04,0.05483146067415732,334.1,331.85,-0.000369263054525154
2827,TORNTPHARM,2022-12-06,2023-01-04,0.05348314606741574,1612.5,1547.95,-0.0021409842348227496
2828,NESTLEIND,2022-12-06,2023-01-04,0.05213483146067417,987.05,989.0,0.00010299672898872094
2829,COLPAL,2022-12-06,2023-01-04,0.050786516853932595,1597.45,1518.9,-0.002497280602758398
2830,ALKEM,2022-12-06,2023-01-04,0.04943820224719102,3119.85,3010.0,-0.0017407203926002625
2831,DRREDDY,2022-12-06,2023-01-04,0.04808988764044945,892.02,847.0,-0.002427083183754886
2832,IOC,2022-12-06,2023-01-04,0.04674157303370787,77.0,78.9,0.0011533634904421458
2833,HDFCBANK,2022-12-06,2023-01-04,0.045393258426966294,1601.0,1635.0,0.0009640042389237064
2834,ICICIBANK,2022-12-06,2023-01-04,0.044044943820224725,925.0,899.0,-0.0012380200425144248
2835,UBL,2022-12-06,2023-01-04,0.04269662921348315,1755.45,1667.8,-0.0021318519755970274
2836,SUNPHARMA,2022-12-06,2023-01-04,0.04134831460674157,1039.4,1012.0,-0.0010899979028523405
2837,CASTROLIND,2022-12-06,2023-01-04,0.04,130.6,126.25,-0.0013323124042879002
2838,BAJAJ-AUTO,2022-12-06,2023-01-04,0.038651685393258424,3652.0,3588.0,-0.0006773570277022287
2839,GRASIM,2022-12-06,2023-01-04,0.03730337078651685,1814.0,1722.4,-0.0018836762756587319
2840,WHIRLPOOL,2022-12-06,2023-01-04,0.03595505617977528,1528.0,1515.6,-0.0002917818695217387
2841,OFSS,2022-12-06,2023-01-04,0.0346067415730337,3165.05,3011.0,-0.0016843868309587044
2842,CIPLA,2022-12-06,2023-01-04,0.03325842696629212,1115.0,1078.95,-0.001075306091600744
2843,LT,2022-12-06,2023-01-04,0.03191011235955055,2081.0,2090.95,0.00015257357903773291
2844,BHARTIARTL,2022-12-06,2023-01-04,0.030561797752808977,844.9,818.95,-0.0009386657020776315
2845,LICI,2022-12-06,2023-01-04,0.0292134831460674,651.0,736.9,0.0038547437822537465
2846,PIDILITIND,2022-12-06,2023-01-04,0.027865168539325826,2724.0,2538.9,-0.0018934811661634392
2847,PETRONET,2022-12-06,2023-01-04,0.026516853932584253,213.15,216.9,0.00046651748649866737
2848,HCLTECH,2022-12-06,2023-01-04,0.025168539325842676,1121.6,1036.2,-0.001916363461507633
2849,DABUR,2022-12-06,2023-01-04,0.023820224719101103,585.9,562.5,-0.0009513453804863719
2850,ITC,2023-01-10,2023-02-08,0.056179775280898896,337.9,374.75,0.006126737848775157
2851,TORNTPHARM,2023-01-10,2023-02-08,0.05483146067415732,1563.5,1536.1,-0.0009609095122941576
2852,BAJAJ-AUTO,2023-01-10,2023-02-08,0.05348314606741574,3630.6,3898.85,0.003951648193847924
2853,WHIRLPOOL,2023-01-10,2023-02-08,0.05213483146067417,1494.75,1256.75,-0.0083011138234758
2854,PGHH,2023-01-10,2023-02-08,0.050786516853932595,14054.7,13626.0,-0.0015491031310010841
2855,PETRONET,2023-01-10,2023-02-08,0.04943820224719102,219.3,219.8,0.00011271819937800049
2856,UBL,2023-01-10,2023-02-08,0.04808988764044945,1657.1,1583.05,-0.002148968788712377
2857,ALKEM,2023-01-10,2023-02-08,0.04674157303370787,3064.65,3051.5,-0.00020056178858703693
2858,ICICIBANK,2023-01-10,2023-02-08,0.045393258426966294,875.4,852.5,-0.0011874635800520072
2859,NESTLEIND,2023-01-10,2023-02-08,0.044044943820224725,1003.15,947.5,-0.0024434043997363353
2860,DRREDDY,2023-01-10,2023-02-08,0.04269662921348315,864.0,890.0,0.0012848522679983353
2861,PIDILITIND,2023-01-10,2023-02-08,0.04134831460674157,2552.4,2318.0,-0.0037972280770334696
2862,OFSS,2023-01-10,2023-02-08,0.04,3007.0,3180.0,0.002301296973727968
2863,IOC,2023-01-10,2023-02-08,0.038651685393258424,80.55,79.0,-0.0007437630336381186
2864,LT,2023-01-10,2023-02-08,0.03730337078651685,2131.9,2160.55,0.0005013094296325865
2865,CIPLA,2023-01-10,2023-02-08,0.03595505617977528,1086.5,1035.0,-0.0017042663536662925
2866,HDFCBANK,2023-01-10,2023-02-08,0.0346067415730337,1600.0,1654.25,0.001173384831460674
2867,HINDUNILVR,2023-01-10,2023-02-08,0.03325842696629212,2624.05,2592.7,-0.00039734444290058117
2868,BHARTIARTL,2023-01-10,2023-02-08,0.03191011235955055,826.1,778.0,-0.0018579789426151584
2869,GRASIM,2023-01-10,2023-02-08,0.030561797752808977,1673.95,1616.95,-0.0010406657737149327
2870,KOTAKBANK,2023-01-10,2023-02-08,0.0292134831460674,1808.55,1778.8,-0.0004805513386942607
2871,COLPAL,2023-01-10,2023-02-08,0.027865168539325826,1537.95,1470.0,-0.0012311441869028194
2872,SUNPHARMA,2023-01-10,2023-02-08,0.026516853932584253,1016.0,1004.8,-0.00029231177563478824
2873,TCS,2023-01-10,2023-02-08,0.025168539325842676,3285.0,3478.05,0.0014790826535323997
2874,ASIANPAINT,2023-01-10,2023-02-08,0.023820224719101103,2984.15,2768.0,-0.0017253628581115911
2875,ALKEM,2023-02-07,2023-03-08,0.056179775280898896,3074.65,3132.05,0.0010488085151557419
2876,PGHH,2023-02-07,2023-03-08,0.05483146067415732,13700.05,13855.0,0.0006201535637797465
2877,OFSS,2023-02-07,2023-03-08,0.05348314606741574,3130.0,3215.05,0.001453272068061891
2878,DRREDDY,2023-02-07,2023-03-08,0.05213483146067417,876.13,886.6,0.000623025904138952
2879,PETRONET,2023-02-07,2023-03-08,0.050786516853932595,213.95,224.5,0.0025043129367094625
2880,NESTLEIND,2023-02-07,2023-03-08,0.04943820224719102,951.2,920.25,-0.0016086126572230491
2881,TORNTPHARM,2023-02-07,2023-03-08,0.04808988764044945,1550.0,1499.2,-0.0015761072852482772
2882,KOTAKBANK,2023-02-07,2023-03-08,0.04674157303370787,1752.2,1736.0,-0.00043215014447327337
2883,SUNPHARMA,2023-02-07,2023-03-08,0.045393258426966294,1026.25,960.0,-0.0029303808728735853
2884,UBL,2023-02-07,2023-03-08,0.044044943820224725,1578.85,1460.0,-0.0033155407879366023
2885,COLPAL,2023-02-07,2023-03-08,0.04269662921348315,1454.0,1500.0,0.0013507874441679676
2886,PIDILITIND,2023-02-07,2023-03-08,0.04134831460674157,2333.3,2349.9,0.0002941679263154786
2887,CIPLA,2023-02-07,2023-03-08,0.04,1029.8,883.7,-0.005674888327830644
2888,ITC,2023-02-07,2023-03-08,0.038651685393258424,383.9,388.0,0.00041279476455420794
2889,GRASIM,2023-02-07,2023-03-08,0.03730337078651685,1619.6,1599.0,-0.00047446865781813023
2890,ICICIBANK,2023-02-07,2023-03-08,0.03595505617977528,855.0,866.65,0.0004899139233852411
2891,BAJAJ-AUTO,2023-02-07,2023-03-08,0.0346067415730337,3873.0,3723.8,-0.0013331592674145681
2892,LT,2023-02-07,2023-03-08,0.03325842696629212,2162.25,2152.0,-0.00015765932542698315
2893,BOSCHLTD,2023-02-07,2023-03-08,0.03191011235955055,17480.0,18099.0,0.0011299976859589125
2894,RELIANCE,2023-02-07,2023-03-08,0.030561797752808977,1156.0,1204.35,0.0012782551222736255
2895,TCS,2023-02-07,2023-03-08,0.0292134831460674,3468.9,3364.0,-0.0008834196379320456
2896,IOC,2023-02-07,2023-03-08,0.027865168539325826,79.25,78.75,-0.00017580547974338062
2897,HINDUNILVR,2023-02-07,2023-03-08,0.026516853932584253,2645.0,2487.0,-0.00158399354304284
2898,BHARTIARTL,2023-02-07,2023-03-08,0.025168539325842676,793.9,764.0,-0.0009479019093622565
2899,BATAINDIA,2023-02-07,2023-03-08,0.023820224719101103,1520.1,1418.8,-0.0015873881744917708
2900,PGHH,2023-03-09,2023-04-10,0.056179775280898896,13919.6,14199.0,0.0011276638131471545
2901,KOTAKBANK,2023-03-09,2023-04-10,0.05483146067415732,1739.3,1757.15,0.00056272153914432
2902,OFSS,2023-03-09,2023-04-10,0.05348314606741574,3248.7,3269.95,0.00034983742848911396
2903,ALKEM,2023-03-09,2023-04-10,0.05213483146067417,3145.0,3403.25,0.0042810239188296045
2904,COLPAL,2023-03-09,2023-04-10,0.050786516853932595,1502.05,1538.6,0.0012358091881170628
2905,TORNTPHARM,2023-03-09,2023-04-10,0.04943820224719102,1519.55,1575.05,0.0018056794608397892
2906,ICICIGI,2023-03-09,2023-04-10,0.04808988764044945,1093.4,1092.0,-6.157476010301225e-05
2907,SUNPHARMA,2023-03-09,2023-04-10,0.04674157303370787,957.5,1015.0,0.002806935195235721
2908,DRREDDY,2023-03-09,2023-04-10,0.045393258426966294,883.13,946.4,0.003252104968321942
2909,NESTLEIND,2023-03-09,2023-04-10,0.044044943820224725,925.0,985.0,0.0028569693288794415
2910,PIDILITIND,2023-03-09,2023-04-10,0.04269662921348315,2354.0,2333.95,-0.00036366500243430113
2911,ICICIBANK,2023-03-09,2023-04-10,0.04134831460674157,867.2,880.05,0.0006126912392719389
2912,GRASIM,2023-03-09,2023-04-10,0.04,1601.1,1674.95,0.0018449815751670762
2913,TATACONSUM,2023-03-09,2023-04-10,0.038651685393258424,722.85,727.0,0.00022190564346962936
2914,UBL,2023-03-09,2023-04-10,0.03730337078651685,1456.5,1407.9,-0.0012447262754718266
2915,PETRONET,2023-03-09,2023-04-10,0.03595505617977528,231.05,237.0,0.0009259146689879355
2916,HINDUNILVR,2023-03-09,2023-04-10,0.0346067415730337,2484.85,2565.25,0.0011197384238372185
2917,BATAINDIA,2023-03-09,2023-04-10,0.03325842696629212,1432.55,1409.7,-0.0005304911215523172
2918,LT,2023-03-09,2023-04-10,0.03191011235955055,2174.95,2284.9,0.0016131482810789177
2919,TCS,2023-03-09,2023-04-10,0.030561797752808977,3385.0,3220.0,-0.0014897183542728156
2920,IOC,2023-03-09,2023-04-10,0.0292134831460674,79.3,77.7,-0.0005894271504881169
2921,BOSCHLTD,2023-03-09,2023-04-10,0.027865168539325826,18772.95,18940.0,0.0002479565760572717
2922,WIPRO,2023-03-09,2023-04-10,0.026516853932584253,196.4,184.0,-0.001674180187189638
2923,MARUTI,2023-03-09,2023-04-10,0.025168539325842676,8725.0,8456.6,-0.0007742390779433999
2924,BHARTIARTL,2023-03-09,2023-04-10,0.023820224719101103,795.0,768.95,-0.0007805243445692863
2925,OFSS,2023-04-11,2023-05-10,0.056179775280898896,3303.85,3453.95,0.0025523508239365953
2926,TORNTPHARM,2023-04-11,2023-05-10,0.05483146067415732,1575.4,1651.7,0.0026556052110182815
2927,TATACONSUM,2023-04-11,2023-05-10,0.05348314606741574,725.95,789.0,0.004645102775054149
2928,KOTAKBANK,2023-04-11,2023-05-10,0.05213483146067417,1847.2,1960.0,0.0031836341428995475
2929,COLPAL,2023-04-11,2023-05-10,0.050786516853932595,1538.0,1584.0,0.0015189725456962937
2930,SUNPHARMA,2023-04-11,2023-05-10,0.04943820224719102,1008.6,957.0,-0.002529259603366109
2931,DRREDDY,2023-04-11,2023-05-10,0.04808988764044945,954.6,992.97,0.0019329656282883359
2932,ICICIGI,2023-04-11,2023-05-10,0.04674157303370787,1100.0,1110.0,0.00042492339121552613
2933,UBL,2023-04-11,2023-05-10,0.045393258426966294,1397.0,1385.5,-0.00037367392405877767
2934,PGHH,2023-04-11,2023-05-10,0.044044943820224725,14145.15,13887.95,-0.000800865282486347
2935,PIDILITIND,2023-04-11,2023-05-10,0.04269662921348315,2364.0,2477.0,0.0020409133253483907
2936,BATAINDIA,2023-04-11,2023-05-10,0.04134831460674157,1408.55,1502.05,0.0027447143628059616
2937,MARUTI,2023-04-11,2023-05-10,0.04,8580.0,9128.8,0.002558508158508155
2938,ICICIBANK,2023-04-11,2023-05-10,0.038651685393258424,873.7,934.6,0.002694160055453173
2939,GRASIM,2023-04-11,2023-05-10,0.03730337078651685,1709.8,1764.9,0.0012021381040689457
2940,ALKEM,2023-04-11,2023-05-10,0.03595505617977528,3370.0,3622.55,0.0026944953822558614
2941,GODREJCP,2023-04-11,2023-05-10,0.0346067415730337,965.55,955.0,-0.0003781276201082326
2942,NESTLEIND,2023-04-11,2023-05-10,0.03325842696629212,982.4,1098.57,0.003932849613878415
2943,ASIANPAINT,2023-04-11,2023-05-10,0.03191011235955055,2790.0,3042.95,0.0028930691474366686
2944,TCS,2023-04-11,2023-05-10,0.030561797752808977,3264.0,3290.0,0.00024344569288389502
2945,ITC,2023-04-11,2023-05-10,0.0292134831460674,388.55,423.95,0.0026615810149807884
2946,BHARTIARTL,2023-04-11,2023-05-10,0.027865168539325826,776.0,797.0,0.0007540831692343329
2947,MARICO,2023-04-11,2023-05-10,0.026516853932584253,480.5,536.9,0.0031124881619099924
2948,ABBOTINDIA,2023-04-11,2023-05-10,0.025168539325842676,22832.05,22034.0,-0.0008797174502065618
2949,CIPLA,2023-04-11,2023-05-10,0.023820224719101103,905.0,943.5,0.0010133465764479476
2950,TORNTPHARM,2023-05-09,2023-06-07,0.056179775280898896,1667.45,1800.95,0.004497885993583017
2951,COLPAL,2023-05-09,2023-06-07,0.05483146067415732,1574.8,1630.0,0.001921956203462971
2952,SUNPHARMA,2023-05-09,2023-06-07,0.05348314606741574,961.9,1015.0,0.002952443139806401
2953,DRREDDY,2023-05-09,2023-06-07,0.05213483146067417,983.61,930.0,-0.002841520841193911
2954,OFSS,2023-05-09,2023-06-07,0.050786516853932595,3432.35,3579.9,0.0021832128313830942
2955,MARUTI,2023-05-09,2023-06-07,0.04943820224719102,9083.0,9788.0,0.003837271010048406
2956,PIDILITIND,2023-05-09,2023-06-07,0.04808988764044945,2425.0,2631.0,0.0040851615892505515
2957,TATACONSUM,2023-05-09,2023-06-07,0.04674157303370787,789.65,794.0,0.00025748856163696615
2958,UBL,2023-05-09,2023-06-07,0.045393258426966294,1400.0,1444.95,0.0014574478330658122
2959,KOTAKBANK,2023-05-09,2023-06-07,0.044044943820224725,1964.85,1972.0,0.0001602775521360973
2960,PGHH,2023-05-09,2023-06-07,0.04269662921348315,13901.35,13836.4,-0.00019948753663606494
2961,NTPC,2023-05-09,2023-06-07,0.04134831460674157,177.2,175.95,-0.00029167829152611154
2962,BRITANNIA,2023-05-09,2023-06-07,0.04,4624.0,4715.0,0.00078719723183391
2963,BATAINDIA,2023-05-09,2023-06-07,0.038651685393258424,1502.95,1578.0,0.0019300768413879658
2964,ICICIBANK,2023-05-09,2023-06-07,0.03730337078651685,941.0,944.35,0.0001328015856905763
2965,GRASIM,2023-05-09,2023-06-07,0.03595505617977528,1781.0,1768.8,-0.0002462951630506794
2966,ABBOTINDIA,2023-05-09,2023-06-07,0.0346067415730337,22630.0,21900.0,-0.0011163465023559258
2967,ASIANPAINT,2023-05-09,2023-06-07,0.03325842696629212,3016.05,3217.0,0.00221590520676925
2968,NESTLEIND,2023-05-09,2023-06-07,0.03191011235955055,1100.0,1087.49,-0.0003629050051072519
2969,ALKEM,2023-05-09,2023-06-07,0.030561797752808977,3531.8,3396.7,-0.0011690636152682779
2970,BHARTIARTL,2023-05-09,2023-06-07,0.0292134831460674,796.9,828.9,0.001173085030335245
2971,WIPRO,2023-05-09,2023-06-07,0.027865168539325826,191.25,201.2,0.0014497172651832244
2972,BOSCHLTD,2023-05-09,2023-06-07,0.026516853932584253,19353.65,18900.0,-0.0006215556645137679
2973,HINDUNILVR,2023-05-09,2023-06-07,0.025168539325842676,2525.0,2690.0,0.0016446768272332837
2974,ITC,2023-05-09,2023-06-07,0.023820224719101103,432.8,444.0,0.0006164198633408782
2975,SUNPHARMA,2023-06-08,2023-07-07,0.056179775280898896,1015.0,1033.5,0.0010239663474843643
2976,COLPAL,2023-06-08,2023-07-07,0.05483146067415732,1636.7,1779.0,0.004767224814524704
2977,MARUTI,2023-06-08,2023-07-07,0.05348314606741574,9733.0,9854.0,0.0006648988671691466
2978,TATACONSUM,2023-06-08,2023-07-07,0.05213483146067417,824.8,845.05,0.0012799834348674248
2979,GRASIM,2023-06-08,2023-07-07,0.050786516853932595,1772.0,1768.05,-0.00011320922210667949
2980,NTPC,2023-06-08,2023-07-07,0.04943820224719102,178.75,196.75,0.004978392394122732
2981,ICICIBANK,2023-06-08,2023-07-07,0.04808988764044945,936.6,953.0,0.0008420608128372516
2982,BATAINDIA,2023-06-08,2023-07-07,0.04674157303370787,1592.3,1677.65,0.0025054281595346187
2983,PIDILITIND,2023-06-08,2023-07-07,0.045393258426966294,2664.0,2655.0,-0.00015335560279380504
2984,HINDUNILVR,2023-06-08,2023-07-07,0.044044943820224725,2707.0,2753.1,0.000750081976399097
2985,NESTLEIND,2023-06-08,2023-07-07,0.04269662921348315,1123.0,1157.76,0.0013215804376319447
2986,PGHH,2023-06-08,2023-07-07,0.04134831460674157,13830.0,14722.0,0.0026668616507023487
2987,WIPRO,2023-06-08,2023-07-07,0.04,202.05,197.5,-0.0009007671368473172
2988,ABBOTINDIA,2023-06-08,2023-07-07,0.038651685393258424,21940.0,23815.0,0.0033031864226234975
2989,TCS,2023-06-08,2023-07-07,0.03730337078651685,3261.0,3302.0,0.0004690089549976052
2990,UBL,2023-06-08,2023-07-07,0.03595505617977528,1511.85,1545.0,0.000788378551019978
2991,BRITANNIA,2023-06-08,2023-07-07,0.0346067415730337,4901.9,5173.55,0.0019178117359217087
2992,ASIANPAINT,2023-06-08,2023-07-07,0.03325842696629212,3220.0,3385.0,0.0017042361644218013
2993,KOTAKBANK,2023-06-08,2023-07-07,0.03191011235955055,1936.9,1872.0,-0.0010692169405415012
2994,IOC,2023-06-08,2023-07-07,0.030561797752808977,90.75,99.45,0.0029298913548147457
2995,BOSCHLTD,2023-06-08,2023-07-07,0.0292134831460674,18973.6,19515.0,0.0008335887641396959
2996,TORNTPHARM,2023-06-08,2023-07-07,0.027865168539325826,1802.05,1898.0,0.001483678544628792
2997,AXISBANK,2023-06-08,2023-07-07,0.026516853932584253,973.05,976.25,8.720408261062723e-05
2998,POWERGRID,2023-06-08,2023-07-07,0.025168539325842676,179.89,197.41,0.002451235805151837
2999,DRREDDY,2023-06-08,2023-07-07,0.023820224719101103,935.0,1046.0,0.0028278555548879383
3000,COLPAL,2023-07-11,2023-08-09,0.056179775280898896,1785.0,1977.85,0.0060696188587794665
3001,ICICIBANK,2023-07-11,2023-08-09,0.05483146067415732,948.4,974.95,0.0015349802624408273
3002,SUNPHARMA,2023-07-11,2023-08-09,0.05348314606741574,1052.0,1151.15,0.005040735677361479
3003,MARUTI,2023-07-11,2023-08-09,0.05213483146067417,9796.0,9540.0,-0.0013624455751258255
3004,PIDILITIND,2023-07-11,2023-08-09,0.050786516853932595,2595.95,2619.9,0.0004685518128822588
3005,WIPRO,2023-07-11,2023-08-09,0.04943820224719102,195.0,207.75,0.003232497839239413
3006,TCS,2023-07-11,2023-08-09,0.04808988764044945,3295.0,3464.9,0.0024796576358459377
3007,NESTLEIND,2023-07-11,2023-08-09,0.04674157303370787,1130.5,1114.0,-0.0006822078328670322
3008,PGHH,2023-07-11,2023-08-09,0.045393258426966294,14535.0,15665.0,0.00352902525094406
3009,BATAINDIA,2023-07-11,2023-08-09,0.044044943820224725,1671.4,1755.55,0.0022175314242383055
3010,HINDUNILVR,2023-07-11,2023-08-09,0.04269662921348315,2657.1,2565.85,-0.0014662855804186284
3011,NTPC,2023-07-11,2023-08-09,0.04134831460674157,192.65,218.45,0.005537433256443975
3012,GRASIM,2023-07-11,2023-08-09,0.04,1743.8,1844.95,0.0023202202087395365
3013,ABBOTINDIA,2023-07-11,2023-08-09,0.038651685393258424,23550.0,23890.0,0.000558028578926024
3014,BRITANNIA,2023-07-11,2023-08-09,0.03730337078651685,5050.0,4619.9,-0.0031770653020358236
3015,ASIANPAINT,2023-07-11,2023-08-09,0.03595505617977528,3349.95,3332.55,-0.00018675442246244775
3016,COALINDIA,2023-07-11,2023-08-09,0.0346067415730337,233.8,233.25,-8.141021328130423e-05
3017,ITC,2023-07-11,2023-08-09,0.03325842696629212,466.0,452.35,-0.0009742007040555509
3018,AXISBANK,2023-07-11,2023-08-09,0.03191011235955055,967.9,952.0,-0.0005241975271379824
3019,ULTRACEMCO,2023-07-11,2023-08-09,0.030561797752808977,8395.3,8160.0,-0.0008565734412392566
3020,DRREDDY,2023-07-11,2023-08-09,0.0292134831460674,1028.8,1134.22,0.002993473360476699
3021,BHARTIARTL,2023-07-11,2023-08-09,0.027865168539325826,890.0,885.0,-0.0001565458906703698
3022,BOSCHLTD,2023-07-11,2023-08-09,0.026516853932584253,19240.0,18160.0,-0.001488472050269802
3023,TATACONSUM,2023-07-11,2023-08-09,0.025168539325842676,826.0,851.0,0.000761759664825747
3024,MRF,2023-07-11,2023-08-09,0.023820224719101103,100949.9,107634.85,0.0015773865178267158
3025,ICICIBANK,2023-08-08,2023-09-06,0.056179775280898896,975.75,962.55,-0.0007600031091036311
3026,PIDILITIND,2023-08-08,2023-09-06,0.05483146067415732,2611.05,2485.0,-0.002647021549942567
3027,BATAINDIA,2023-08-08,2023-09-06,0.05348314606741574,1766.0,1686.0,-0.0024227925738353677
3028,ULTRACEMCO,2023-08-08,2023-09-06,0.05213483146067417,8175.45,8484.85,0.001973043300849815
3029,HINDUNILVR,2023-08-08,2023-09-06,0.050786516853932595,2569.2,2513.45,-0.0011020349971223504
3030,SUNPHARMA,2023-08-08,2023-09-06,0.04943820224719102,1162.2,1137.0,-0.0010719692794951092
3031,MARUTI,2023-08-08,2023-09-06,0.04808988764044945,9539.95,10260.0,0.0036296965493011583
3032,TITAN,2023-08-08,2023-09-06,0.04674157303370787,2918.0,3136.15,0.003494405125875044
3033,BHARTIARTL,2023-08-08,2023-09-06,0.045393258426966294,892.0,867.15,-0.0012645991837557326
3034,NESTLEIND,2023-08-08,2023-09-06,0.044044943820224725,1123.5,1097.72,-0.0010106619062620315
3035,ASIANPAINT,2023-08-08,2023-09-06,0.04269662921348315,3343.0,3209.0,-0.0017114413145697701
3036,AXISBANK,2023-08-08,2023-09-06,0.04134831460674157,950.0,981.45,0.0013688468361916046
3037,HDFCBANK,2023-08-08,2023-09-06,0.04,1651.7,1576.8,-0.0018138887207119958
3038,BRITANNIA,2023-08-08,2023-09-06,0.038651685393258424,4632.75,4520.0,-0.0009406891215994576
3039,ITC,2023-08-08,2023-09-06,0.03730337078651685,457.0,443.95,-0.0010652275465296394
3040,GRASIM,2023-08-08,2023-09-06,0.03595505617977528,1857.7,1855.0,-5.2257442905417926e-05
3041,PGHH,2023-08-08,2023-09-06,0.0346067415730337,15540.0,16190.2,0.0014479603198704336
3042,WIPRO,2023-08-08,2023-09-06,0.03325842696629212,206.2,216.88,0.0017225994180407379
3043,LICI,2023-08-08,2023-09-06,0.03191011235955055,655.95,661.85,0.00028701831377597
3044,SBILIFE,2023-08-08,2023-09-06,0.030561797752808977,1306.9,1310.0,7.249336065016837e-05
3045,BERGEPAINT,2023-08-08,2023-09-06,0.0292134831460674,709.0,707.4,-6.592605505459591e-05
3046,IOC,2023-08-08,2023-09-06,0.027865168539325826,93.0,91.45,-0.0004644194756554296
3047,DRREDDY,2023-08-08,2023-09-06,0.026516853932584253,1130.4,1115.96,-0.0003387326351614632
3048,COALINDIA,2023-08-08,2023-09-06,0.025168539325842676,233.0,255.95,0.0024790471138544596
3049,COLPAL,2023-08-08,2023-09-06,0.023820224719101103,1995.05,1997.0,2.3282342899801125e-05
3050,ICICIBANK,2023-09-07,2023-10-06,0.056179775280898896,957.4,946.0,-0.0006689465617320306
3051,TITAN,2023-09-07,2023-10-06,0.05483146067415732,3173.0,3230.0,0.0009849962995357603
3052,PIDILITIND,2023-09-07,2023-10-06,0.05348314606741574,2510.0,2443.0,-0.0014276377635525318
3053,HINDUNILVR,2023-09-07,2023-10-06,0.05213483146067417,2510.0,2519.95,0.00020666994941581613
3054,BHARTIARTL,2023-09-07,2023-10-06,0.050786516853932595,880.3,929.2,0.0028211526458676688
3055,SUNPHARMA,2023-09-07,2023-10-06,0.04943820224719102,1140.0,1128.0,-0.0005204021289178002
3056,NESTLEIND,2023-09-07,2023-10-06,0.04808988764044945,1098.91,1149.5,0.0022138914157941356
3057,MARUTI,2023-09-07,2023-10-06,0.04674157303370787,10150.0,10283.0,0.0006124757845796204
3058,ULTRACEMCO,2023-09-07,2023-10-06,0.045393258426966294,8537.4,8198.0,-0.0018045859289845087
3059,ASIANPAINT,2023-09-07,2023-10-06,0.044044943820224725,3225.3,3214.75,-0.00014407160800650445
3060,AXISBANK,2023-09-07,2023-10-06,0.04269662921348315,965.05,1005.0,0.0017675046236761346
3061,BOSCHLTD,2023-09-07,2023-10-06,0.04134831460674157,19275.15,18970.0,-0.0006545961096150872
3062,BRITANNIA,2023-09-07,2023-10-06,0.04,4590.0,4533.85,-0.0004893246187363802
3063,HDFCBANK,2023-09-07,2023-10-06,0.038651685393258424,1595.5,1544.0,-0.0012476100267958688
3064,BATAINDIA,2023-09-07,2023-10-06,0.03730337078651685,1688.0,1624.95,-0.0013933516161669937
3065,LICI,2023-09-07,2023-10-06,0.03595505617977528,680.2,638.05,-0.002228029429546503
3066,BERGEPAINT,2023-09-07,2023-10-06,0.0346067415730337,710.65,566.9,-0.007000237952752543
3067,GRASIM,2023-09-07,2023-10-06,0.03325842696629212,1832.0,1890.1,0.0010547568814091536
3068,SBILIFE,2023-09-07,2023-10-06,0.03191011235955055,1320.0,1276.0,-0.0010636704119850184
3069,ITC,2023-09-07,2023-10-06,0.030561797752808977,448.8,437.85,-0.000745658835546475
3070,TCS,2023-09-07,2023-10-06,0.0292134831460674,3430.8,3591.0,0.0013641133263378779
3071,MRF,2023-09-07,2023-10-06,0.027865168539325826,108831.0,107000.0,-0.00046881057415171766
3072,UPL,2023-09-07,2023-10-06,0.026516853932584253,609.3,607.6,-7.398432904216548e-05
3073,IOC,2023-09-07,2023-10-06,0.025168539325842676,91.45,90.0,-0.00039906377279903723
3074,SBIN,2023-09-07,2023-10-06,0.023820224719101103,568.0,593.4,0.0010652001899034637
3075,ICICIBANK,2023-10-10,2023-11-09,0.056179775280898896,940.4,934.0,-0.0003823379006781706
3076,HINDUNILVR,2023-10-10,2023-11-09,0.05483146067415732,2512.2,2520.05,0.00017133467331110377
3077,NESTLEIND,2023-10-10,2023-11-09,0.05348314606741574,1148.0,1217.5,0.0032378733899698555
3078,BHARTIARTL,2023-10-10,2023-11-09,0.05213483146067417,924.55,936.75,0.0006879508342655641
3079,BOSCHLTD,2023-10-10,2023-11-09,0.050786516853932595,19289.85,19710.0,0.001106175271253009
3080,SUNPHARMA,2023-10-10,2023-11-09,0.04943820224719102,1122.0,1181.0,0.002599691562018066
3081,LICI,2023-10-10,2023-11-09,0.04808988764044945,635.35,614.0,-0.0016159897711868997
3082,PIDILITIND,2023-10-10,2023-11-09,0.04674157303370787,2430.0,2465.1,0.0006751560549313341
3083,TITAN,2023-10-10,2023-11-09,0.045393258426966294,3295.0,3320.95,0.00035749774087398095
3084,ASIANPAINT,2023-10-10,2023-11-09,0.044044943820224725,3150.0,3100.0,-0.0006991260923845194
3085,BRITANNIA,2023-10-10,2023-11-09,0.04269662921348315,4522.2,4670.6,0.0014011277199772064
3086,ULTRACEMCO,2023-10-10,2023-11-09,0.04134831460674157,8147.8,8685.0,0.002726173274594561
3087,MARUTI,2023-10-10,2023-11-09,0.04,10290.0,10349.95,0.00023304178814383177
3088,TCS,2023-10-10,2023-11-09,0.038651685393258424,3640.05,3390.1,-0.0026540813351588447
3089,AXISBANK,2023-10-10,2023-11-09,0.03730337078651685,999.9,1024.75,0.0009270814721921637
3090,ITC,2023-10-10,2023-11-09,0.03595505617977528,440.45,437.8,-0.00021632625468589775
3091,HDFCBANK,2023-10-10,2023-11-09,0.0346067415730337,1520.55,1486.0,-0.0007863358135860792
3092,GRASIM,2023-10-10,2023-11-09,0.03325842696629212,1892.95,1937.4,0.0007809699562332266
3093,BATAINDIA,2023-10-10,2023-11-09,0.03191011235955055,1620.55,1530.0,-0.001783012356395854
3094,MRF,2023-10-10,2023-11-09,0.030561797752808977,107699.0,108325.5,0.00017778221053245456
3095,SBILIFE,2023-10-10,2023-11-09,0.0292134831460674,1285.0,1345.1,0.0013663271105670413
3096,DABUR,2023-10-10,2023-11-09,0.027865168539325826,544.95,540.0,-0.0002531105317362402
3097,SBIN,2023-10-10,2023-11-09,0.026516853932584253,587.0,581.0,-0.0002710410964148305
3098,UPL,2023-10-10,2023-11-09,0.025168539325842676,610.0,555.7,-0.002240412599005338
3099,WIPRO,2023-10-10,2023-11-09,0.023820224719101103,203.2,191.5,-0.0013715385295939107
3100,ICICIBANK,2023-11-07,2023-12-06,0.056179775280898896,943.6,1014.0,0.004191454196455363
3101,HINDUNILVR,2023-11-07,2023-12-06,0.05483146067415732,2496.0,2570.0,0.0016256122154998565
3102,MRF,2023-11-07,2023-12-06,0.05348314606741574,108000.0,113720.0,0.002832625884311278
3103,HDFCBANK,2023-11-07,2023-12-06,0.05213483146067417,1494.0,1638.45,0.005040747258697715
3104,NESTLEIND,2023-11-07,2023-12-06,0.050786516853932595,1214.35,1236.44,0.0009238474552669152
3105,BRITANNIA,2023-11-07,2023-12-06,0.04943820224719102,4610.1,4953.0,0.0036772216547497406
3106,BHARTIARTL,2023-11-07,2023-12-06,0.04808988764044945,936.05,1029.1,0.00478047544996936
3107,BOSCHLTD,2023-11-07,2023-12-06,0.04674157303370787,19524.0,21694.1,0.005195343558720005
3108,SUNPHARMA,2023-11-07,2023-12-06,0.045393258426966294,1149.0,1248.55,0.003932897194433849
3109,ITC,2023-11-07,2023-12-06,0.044044943820224725,434.9,453.9,0.0019242444989291097
3110,LICI,2023-11-07,2023-12-06,0.04269662921348315,612.0,719.95,0.0075312109862671695
3111,TITAN,2023-11-07,2023-12-06,0.04134831460674157,3274.0,3550.0,0.003485685654080841
3112,ASIANPAINT,2023-11-07,2023-12-06,0.04,3029.3,3265.0,0.0031122701614234288
3113,MARUTI,2023-11-07,2023-12-06,0.038651685393258424,10300.0,10721.9,0.0015832180647976422
3114,ULTRACEMCO,2023-11-07,2023-12-06,0.03730337078651685,8640.95,9329.75,0.0029735806592738963
3115,DABUR,2023-11-07,2023-12-06,0.03595505617977528,539.0,554.75,0.0010506347584999269
3116,KOTAKBANK,2023-11-07,2023-12-06,0.0346067415730337,1735.15,1832.05,0.0019326244177315856
3117,TCS,2023-11-07,2023-12-06,0.03325842696629212,3378.0,3532.6,0.0015221293099433864
3118,SBIN,2023-11-07,2023-12-06,0.03191011235955055,574.8,614.0,0.002176194162307556
3119,BATAINDIA,2023-11-07,2023-12-06,0.030561797752808977,1561.0,1660.0,0.0019382562316003131
3120,AXISBANK,2023-11-07,2023-12-06,0.0292134831460674,1008.0,1135.1,0.00368356518637417
3121,GODREJCP,2023-11-07,2023-12-06,0.027865168539325826,1027.55,1048.6,0.0005708352856336016
3122,SBILIFE,2023-11-07,2023-12-06,0.026516853932584253,1332.5,1462.0,0.002577060100765224
3123,WIPRO,2023-11-07,2023-12-06,0.025168539325842676,192.45,203.38,0.0014294213293398837
3124,TATAELXSI,2023-11-07,2023-12-06,0.023820224719101103,7880.0,8431.05,0.0016657531512005894
3125,HINDUNILVR,2023-12-07,2024-01-05,0.056179775280898896,2551.1,2595.0,0.0009667563540556885
3126,BHARTIARTL,2023-12-07,2024-01-05,0.05483146067415732,1015.0,1053.8,0.0020960203686278835
3127,ICICIBANK,2023-12-07,2024-01-05,0.05348314606741574,996.35,988.0,-0.00044822027366178815
3128,MRF,2023-12-07,2024-01-05,0.05213483146067417,114090.0,131600.0,0.00800141028027351
3129,SUNPHARMA,2023-12-07,2024-01-05,0.04943820224719102,1231.0,1318.0,0.003494007794886774
3130,BRITANNIA,2023-12-07,2024-01-05,0.04808988764044945,5003.15,5361.3,0.003442509870467005
3131,KOTAKBANK,2023-12-07,2024-01-05,0.04674157303370787,1825.0,1865.5,0.001037278744035709
3132,HDFCBANK,2023-12-07,2024-01-05,0.045393258426966294,1625.0,1687.15,0.001736117545375975
3133,DABUR,2023-12-07,2024-01-05,0.044044943820224725,550.05,571.0,0.0016775594455662394
3134,ASIANPAINT,2023-12-07,2024-01-05,0.04269662921348315,3284.0,3379.95,0.0012474852536643424
3135,GUJGASLTD,2023-12-07,2024-01-05,0.04134831460674157,441.45,508.9,0.006317689025313667
3136,MARUTI,2023-12-07,2024-01-05,0.04,10790.0,10010.65,-0.0028891566265060254
3137,TITAN,2023-12-07,2024-01-05,0.038651685393258424,3546.9,3719.7,0.0018830559745002804
3138,ITC,2023-12-07,2024-01-05,0.03730337078651685,464.75,479.4,0.0011758889338837459
3139,PAGEIND,2023-12-07,2024-01-05,0.03595505617977528,37060.0,39250.0,0.002124705154714189
3140,BOSCHLTD,2023-12-07,2024-01-05,0.0346067415730337,21679.95,22400.05,0.0011494636568230793
3141,TCS,2023-12-07,2024-01-05,0.03325842696629212,3605.0,3675.0,0.0006457946983746043
3142,GRASIM,2023-12-07,2024-01-05,0.03191011235955055,2057.75,2098.0,0.0006241681557389915
3143,ULTRACEMCO,2023-12-07,2024-01-05,0.030561797752808977,9266.0,10100.0,0.002750759694133681
3144,DRREDDY,2023-12-07,2024-01-05,0.0292134831460674,1154.07,1174.0,0.0005044968841587817
3145,BATAINDIA,2023-12-07,2024-01-05,0.027865168539325826,1645.1,1609.0,-0.0006114719982187465
3146,PIDILITIND,2023-12-07,2024-01-05,0.026516853932584253,2590.0,2765.55,0.0017973103119170541
3147,GODREJCP,2023-12-07,2024-01-05,0.025168539325842676,1042.5,1202.0,0.0038507261606445147
3148,TATAELXSI,2023-12-07,2024-01-05,0.023820224719101103,8469.0,8677.95,0.0005877005496583059
3149,HINDUNILVR,2024-01-09,2024-02-07,0.056179775280898896,2582.55,2439.9,-0.0031031519017328734
3150,HDFCBANK,2024-01-09,2024-02-07,0.05483146067415732,1667.15,1453.0,-0.007043251838989169
3151,SUNPHARMA,2024-01-09,2024-02-07,0.05348314606741574,1314.95,1483.0,0.006835121256800041
3152,ICICIBANK,2024-01-09,2024-02-07,0.05213483146067417,986.25,1028.0,0.00220697512140243
3153,BHARTIARTL,2024-01-09,2024-02-07,0.050786516853932595,1057.0,1138.8,0.003930309440540855
3154,MARUTI,2024-01-09,2024-02-07,0.04943820224719102,9975.0,10860.0,0.004386246515164316
3155,KOTAKBANK,2024-01-09,2024-02-07,0.04808988764044945,1837.0,1791.0,-0.0012042105778229042
3156,TITAN,2024-01-09,2024-02-07,0.04674157303370787,3736.95,3578.0,-0.0019881381965795256
3157,BRITANNIA,2024-01-09,2024-02-07,0.045393258426966294,5199.0,5140.0,-0.0005151379586826334
3158,ASIANPAINT,2024-01-09,2024-02-07,0.044044943820224725,3310.0,2957.0,-0.004697240232187108
3159,MRF,2024-01-09,2024-02-07,0.04269662921348315,132000.0,144385.0,0.004006043581886279
3160,ITC,2024-01-09,2024-02-07,0.04134831460674157,467.5,435.0,-0.002874481764105029
3161,DABUR,2024-01-09,2024-02-07,0.04,555.0,533.15,-0.0015747747747747764
3162,BOSCHLTD,2024-01-09,2024-02-07,0.038651685393258424,22567.8,24890.0,0.003977212835111298
3163,GRASIM,2024-01-09,2024-02-07,0.03730337078651685,2082.15,2079.0,-5.643475156810579e-05
3164,DMART,2024-01-09,2024-02-07,0.03595505617977528,3810.1,3759.0,-0.0004822191991775842
3165,PAGEIND,2024-01-09,2024-02-07,0.0346067415730337,37800.0,36375.0,-0.0013046192259675404
3166,NESTLEIND,2024-01-09,2024-02-07,0.03325842696629212,1320.0,1235.0,-0.0021416411304051746
3167,PIDILITIND,2024-01-09,2024-02-07,0.03191011235955055,2734.75,2648.0,-0.0010122322871161935
3168,GUJGASLTD,2024-01-09,2024-02-07,0.030561797752808977,512.95,620.0,0.006378088409081196
3169,BATAINDIA,2024-01-09,2024-02-07,0.0292134831460674,1596.0,1458.0,-0.002525977866013347
3170,RELIANCE,2024-01-09,2024-02-07,0.027865168539325826,1300.0,1435.92,0.002913410544511668
3171,GODREJCP,2024-01-09,2024-02-07,0.026516853932584253,1180.45,1249.0,0.0015398622026165016
3172,ICICIGI,2024-01-09,2024-02-07,0.025168539325842676,1396.55,1599.9,0.0036647613561348407
3173,HDFCLIFE,2024-01-09,2024-02-07,0.023820224719101103,647.0,597.0,-0.001840821075664691
3174,HINDUNILVR,2024-02-06,2024-03-06,0.056179775280898896,2424.95,2404.0,-0.0004853569319511007
3175,BRITANNIA,2024-02-06,2024-03-06,0.05483146067415732,5124.5,4839.0,-0.0030548115957599598
3176,ITC,2024-02-06,2024-03-06,0.05348314606741574,440.0,406.5,-0.004072012257405517
3177,ASIANPAINT,2024-02-06,2024-03-06,0.05213483146067417,2931.0,2827.95,-0.0018329902361045659
3178,KOTAKBANK,2024-02-06,2024-03-06,0.050786516853932595,1814.0,1722.85,-0.0025519244824895038
3179,ICICIBANK,2024-02-06,2024-03-06,0.04943820224719102,1023.55,1080.3,0.0027410658761448784
3180,MARUTI,2024-02-06,2024-03-06,0.04808988764044945,10499.95,11670.6,0.005361590004361176
3181,DABUR,2024-02-06,2024-03-06,0.04674157303370787,534.25,534.8,4.811954172866112e-05
3182,SUNPHARMA,2024-02-06,2024-03-06,0.045393258426966294,1450.0,1575.0,0.003913211933359163
3183,TITAN,2024-02-06,2024-03-06,0.044044943820224725,3552.05,3748.05,0.0024303737246840684
3184,BOSCHLTD,2024-02-06,2024-03-06,0.04269662921348315,24100.0,30200.0,0.01080703063079864
3185,DMART,2024-02-06,2024-03-06,0.04134831460674157,3730.0,3834.5,0.0011584179293309637
3186,BHARTIARTL,2024-02-06,2024-03-06,0.04,1125.0,1173.95,0.0017404444444444462
3187,GRASIM,2024-02-06,2024-03-06,0.038651685393258424,2082.0,2237.9,0.00289423523189673
3188,TCS,2024-02-06,2024-03-06,0.03730337078651685,3997.0,3994.05,-2.753188486870601e-05
3189,MRF,2024-02-06,2024-03-06,0.03595505617977528,142245.0,145580.0,0.000842982968537035
3190,NESTLEIND,2024-02-06,2024-03-06,0.0346067415730337,1231.17,1270.0,0.0010914656589105453
3191,RELIANCE,2024-02-06,2024-03-06,0.03325842696629212,1441.85,1493.45,0.0011902311831748643
3192,BATAINDIA,2024-02-06,2024-03-06,0.03191011235955055,1434.0,1454.0,0.0004450503815836897
3193,MARICO,2024-02-06,2024-03-06,0.030561797752808977,525.0,511.6,-0.000780053504547885
3194,TATACONSUM,2024-02-06,2024-03-06,0.0292134831460674,1142.1,1203.8,0.001578208484469276
3195,PAGEIND,2024-02-06,2024-03-06,0.027865168539325826,36710.1,35430.05,-0.0009716347541620399
3196,BAJAJFINSV,2024-02-06,2024-03-06,0.026516853932584253,1626.8,1558.0,-0.0011214405892314946
3197,JSWSTEEL,2024-02-06,2024-03-06,0.025168539325842676,814.65,820.4,0.0001776457388124905
3198,SBIN,2024-02-06,2024-03-06,0.023820224719101103,644.45,783.65,0.0051451241848070005
3199,HINDUNILVR,2024-03-07,2024-04-05,0.056179775280898896,2404.95,2264.95,-0.0032704083408494336
3200,ASIANPAINT,2024-03-07,2024-04-05,0.05483146067415732,2825.0,2924.0,0.0019215272944217963
3201,BATAINDIA,2024-03-07,2024-04-05,0.05348314606741574,1444.9,1360.0,-0.003142583639783792
3202,ITC,2024-03-07,2024-04-05,0.05213483146067417,407.85,422.5,0.001872686725263885
3203,DABUR,2024-03-07,2024-04-05,0.050786516853932595,531.5,510.0,-0.002054393438117687
3204,BRITANNIA,2024-03-07,2024-04-05,0.04943820224719102,4870.0,4813.6,-0.0005725492005629478
3205,SUNPHARMA,2024-03-07,2024-04-05,0.04808988764044945,1610.75,1611.0,7.463896886613293e-06
3206,KOTAKBANK,2024-03-07,2024-04-05,0.04674157303370787,1759.75,1749.05,-0.0002842078883140653
3207,DMART,2024-03-07,2024-04-05,0.045393258426966294,3888.65,4645.0,0.00882907718905943
3208,ICICIBANK,2024-03-07,2024-04-05,0.044044943820224725,1094.95,1070.0,-0.0010036269677287629
3209,PAGEIND,2024-03-07,2024-04-05,0.04269662921348315,35660.0,34480.0,-0.001412844152325017
3210,TATACONSUM,2024-03-07,2024-04-05,0.04134831460674157,1228.0,1116.0,-0.0037711817882370158
3211,TITAN,2024-03-07,2024-04-05,0.04,3812.05,3778.4,-0.000353090856625701
3212,MARICO,2024-03-07,2024-04-05,0.038651685393258424,504.0,494.5,-0.000728553593722133
3213,MARUTI,2024-03-07,2024-04-05,0.03730337078651685,11571.05,12492.0,0.0029690079401474127
3214,RELIANCE,2024-03-07,2024-04-05,0.03595505617977528,1502.97,1460.88,-0.0010069052041003735
3215,BHARTIARTL,2024-03-07,2024-04-05,0.0346067415730337,1193.7,1205.9,0.0003536920894621871
3216,NESTLEIND,2024-03-07,2024-04-05,0.03325842696629212,1265.0,1287.5,0.0005915530488075675
3217,PGHH,2024-03-07,2024-04-05,0.03191011235955055,15708.25,16352.55,0.0013088463319121098
3218,TCS,2024-03-07,2024-04-05,0.030561797752808977,4065.0,3978.0,-0.0006540901364069818
3219,DIVISLAB,2024-03-07,2024-04-05,0.0292134831460674,3544.65,3734.25,0.0015626017814154784
3220,JSWSTEEL,2024-03-07,2024-04-05,0.027865168539325826,820.0,860.0,0.001359276514113455
3221,SRF,2024-03-07,2024-04-05,0.026516853932584253,2411.75,2590.0,0.0019598338192114203
3222,SBICARD,2024-03-07,2024-04-05,0.025168539325842676,708.5,694.8,-0.00048667464892596443
3223,MRF,2024-03-07,2024-04-05,0.023820224719101103,145735.9,135690.0,-0.0016419811145065672
3224,HINDUNILVR,2024-04-10,2024-05-08,0.056179775280898896,2276.9,2366.4,0.0022083051023938033
3225,ASIANPAINT,2024-04-10,2024-05-08,0.05483146067415732,2883.3,2900.0,0.0003175824205800358
3226,ICICIBANK,2024-04-10,2024-05-08,0.05348314606741574,1110.95,1126.55,0.0007510122675653095
3227,SUNPHARMA,2024-04-10,2024-05-08,0.05213483146067417,1603.05,1510.0,-0.003026197602954199
3228,BRITANNIA,2024-04-10,2024-05-08,0.050786516853932595,4818.5,5151.0,0.0035045173506137984
3229,MARICO,2024-04-10,2024-05-08,0.04943820224719102,513.2,583.5,0.006772224508919576
3230,KOTAKBANK,2024-04-10,2024-05-08,0.04808988764044945,1788.9,1640.0,-0.004002786220394057
3231,ITC,2024-04-10,2024-05-08,0.04674157303370787,428.3,441.25,0.0014132696025835078
3232,DABUR,2024-04-10,2024-05-08,0.045393258426966294,505.0,558.45,0.0048044943820224765
3233,TITAN,2024-04-10,2024-05-08,0.044044943820224725,3690.0,3275.4,-0.0049487896227276874
3234,BAJAJFINSV,2024-04-10,2024-05-08,0.04269662921348315,1717.0,1601.0,-0.002884571338825885
3235,MARUTI,2024-04-10,2024-05-08,0.04134831460674157,12933.0,12392.0,-0.0017296403156458044
3236,BHARTIARTL,2024-04-10,2024-05-08,0.04,1213.25,1276.15,0.0020737688028023933
3237,PAGEIND,2024-04-10,2024-05-08,0.038651685393258424,36330.0,34300.0,-0.0021597280855577923
3238,RELIANCE,2024-04-10,2024-05-08,0.03730337078651685,1466.35,1397.5,-0.001751517085724201
3239,DRREDDY,2024-04-10,2024-05-08,0.03595505617977528,1239.98,1220.0,-0.0005793496850529128
3240,NESTLEIND,2024-04-10,2024-05-08,0.0346067415730337,1257.0,1251.22,-0.00015913044255539685
3241,DMART,2024-04-10,2024-05-08,0.03325842696629212,4736.6,4674.8,-0.0004339337893250135
3242,UNITDSPR,2024-04-10,2024-05-08,0.03191011235955055,1130.0,1204.9,0.002115103907725964
3243,ULTRACEMCO,2024-04-10,2024-05-08,0.030561797752808977,9810.0,9674.95,-0.0004207309670251611
3244,HDFCBANK,2024-04-10,2024-05-08,0.0292134831460674,1549.9,1495.95,-0.001016883292941698
3245,DIVISLAB,2024-04-10,2024-05-08,0.027865168539325826,3763.0,3903.0,0.0010367057123320796
3246,SRF,2024-04-10,2024-05-08,0.026516853932584253,2586.0,2409.0,-0.0018149586798404537
3247,TCS,2024-04-10,2024-05-08,0.025168539325842676,3956.4,3961.0,2.9262784576603483e-05
3248,TATACONSUM,2024-04-10,2024-05-08,0.023820224719101103,1130.0,1102.4,-0.0005818037188028215
3249,ASIANPAINT,2024-05-08,2024-06-06,0.056179775280898896,2900.0,2960.0,0.0011623401782254945
3250,HINDUNILVR,2024-05-08,2024-06-06,0.05483146067415732,2366.4,2600.0,0.005412706733216338
3251,ITC,2024-05-08,2024-06-06,0.05348314606741574,441.25,436.0,-0.0006363433809720853
3252,SUNPHARMA,2024-05-08,2024-06-06,0.05213483146067417,1510.0,1494.0,-0.0005524220552124416
3253,ICICIBANK,2024-05-08,2024-06-06,0.050786516853932595,1126.55,1118.0,-0.0003854464685110482
3254,DABUR,2024-05-08,2024-06-06,0.04943820224719102,558.45,600.25,0.0037004509874341163
3255,RELIANCE,2024-05-08,2024-06-06,0.04808988764044945,1397.5,1435.0,0.0012904263230889834
3256,BAJAJFINSV,2024-05-08,2024-06-06,0.04674157303370787,1601.0,1521.5,-0.002321021271817474
3257,BRITANNIA,2024-05-08,2024-06-06,0.045393258426966294,5151.0,5465.0,0.0027671293236395684
3258,MARUTI,2024-05-08,2024-06-06,0.044044943820224725,12392.0,12511.55,0.0004249171266710647
3259,BHARTIARTL,2024-05-08,2024-06-06,0.04269662921348315,1276.15,1359.0,0.0027719435257117695
3260,NESTLEIND,2024-05-08,2024-06-06,0.04134831460674157,1251.22,1259.0,0.0002571009795563117
3261,ULTRACEMCO,2024-05-08,2024-06-06,0.04,9674.95,9995.0,0.0013232109726665224
3262,DMART,2024-05-08,2024-06-06,0.038651685393258424,4674.8,4861.95,0.0015473737745675322
3263,DRREDDY,2024-05-08,2024-06-06,0.03730337078651685,1220.0,1167.0,-0.0016205562718732728
3264,DIVISLAB,2024-05-08,2024-06-06,0.03595505617977528,3903.0,4500.0,0.0054996588622408
3265,TCS,2024-05-08,2024-06-06,0.0346067415730337,3961.0,3781.0,-0.0015726365774163256
3266,TITAN,2024-05-08,2024-06-06,0.03325842696629212,3275.4,3329.0,0.0005442546514603574
3267,HDFCBANK,2024-05-08,2024-06-06,0.03191011235955055,1495.95,1564.9,0.0014707725841044232
3268,SBICARD,2024-05-08,2024-06-06,0.030561797752808977,713.4,703.0,-0.00044553223525261096
3269,PIDILITIND,2024-05-08,2024-06-06,0.0292134831460674,2935.5,3141.0,0.0020450930970931187
3270,HAVELLS,2024-05-08,2024-06-06,0.027865168539325826,1670.95,1810.0,0.0023188316139880036
3271,SBILIFE,2024-05-08,2024-06-06,0.026516853932584253,1440.0,1390.1,-0.0009188826466916365
3272,GRASIM,2024-05-08,2024-06-06,0.025168539325842676,2404.0,2306.05,-0.001025481874777989
3273,HDFCLIFE,2024-05-08,2024-06-06,0.023820224719101103,552.1,555.0,0.0001251198183035549
3274,ASIANPAINT,2024-06-11,2024-07-10,0.056179775280898896,2915.0,2900.05,-0.00028812612022278847
3275,ITC,2024-06-11,2024-07-10,0.05483146067415732,437.0,453.7,0.002095389915923173
3276,HINDUNILVR,2024-06-11,2024-07-10,0.05348314606741574,2566.0,2581.0,0.00031264504715948407
3277,SUNPHARMA,2024-06-11,2024-07-10,0.05213483146067417,1524.0,1592.8,0.0023535934412692787
3278,SBICARD,2024-06-11,2024-07-10,0.050786516853932595,718.5,730.85,0.0008729484803703114
3279,BRITANNIA,2024-06-11,2024-07-10,0.04943820224719102,5500.0,5670.05,0.0015285393258426985
3280,DRREDDY,2024-06-11,2024-07-10,0.04808988764044945,1217.0,1314.9,0.003868529170090391
3281,TCS,2024-06-11,2024-07-10,0.04674157303370787,3845.0,3983.7,0.0016861004368726327
3282,ICICIBANK,2024-06-11,2024-07-10,0.045393258426966294,1119.75,1252.75,0.00539165293216032
3283,MARUTI,2024-06-11,2024-07-10,0.044044943820224725,12743.5,12950.05,0.0007138920348465793
3284,NESTLEIND,2024-06-11,2024-07-10,0.04269662921348315,1280.0,1318.95,0.0012992450842696645
3285,TITAN,2024-06-11,2024-07-10,0.04134831460674157,3418.2,3217.75,-0.0024247468442224977
3286,DABUR,2024-06-11,2024-07-10,0.04,619.85,630.0,0.0006549971767363056
3287,BAJAJFINSV,2024-06-11,2024-07-10,0.038651685393258424,1573.0,1583.9,0.00026783431073523225
3288,APOLLOHOSP,2024-06-11,2024-07-10,0.03730337078651685,6081.75,6320.3,0.0014631839686148889
3289,SBILIFE,2024-06-11,2024-07-10,0.03595505617977528,1432.45,1524.75,0.002316766159651825
3290,HDFCLIFE,2024-06-11,2024-07-10,0.0346067415730337,571.5,624.0,0.003179096994898109
3291,SYNGENE,2024-06-11,2024-07-10,0.03325842696629212,711.0,724.25,0.0006197948766573426
3292,DIVISLAB,2024-06-11,2024-07-10,0.03191011235955055,4560.0,4572.0,8.397397989355409e-05
3293,TORNTPHARM,2024-06-11,2024-07-10,0.030561797752808977,2882.0,2950.0,0.0007210972405242923
3294,PIDILITIND,2024-06-11,2024-07-10,0.0292134831460674,3175.0,3127.0,-0.00044165265858621584
3295,ULTRACEMCO,2024-06-11,2024-07-10,0.027865168539325826,10903.95,11689.0,0.0020062042252392684
3296,TATAELXSI,2024-06-11,2024-07-10,0.026516853932584253,7159.9,7075.0,-0.0003144290980148317
3297,BHARTIARTL,2024-06-11,2024-07-10,0.025168539325842676,1426.0,1441.0,0.0002647462060923143
3298,HDFCBANK,2024-06-11,2024-07-10,0.023820224719101103,1556.0,1629.95,0.0011320730192657634
3299,ASIANPAINT,2024-07-09,2024-08-07,0.056179775280898896,2908.95,3101.75,0.003723494963528874
3300,TCS,2024-07-09,2024-08-07,0.05483146067415732,3985.0,4228.0,0.0033435495467553896
3301,ITC,2024-07-09,2024-08-07,0.05348314606741574,447.6,490.0,0.005066321253928566
3302,NESTLEIND,2024-07-09,2024-08-07,0.05213483146067417,1313.65,1259.28,-0.0021577823518569334
3303,BRITANNIA,2024-07-09,2024-08-07,0.050786516853932595,5700.0,5890.2,0.0016946658781785912
3304,SUNPHARMA,2024-07-09,2024-08-07,0.04943820224719102,1564.8,1720.0,0.004903379977482137
3305,SBICARD,2024-07-09,2024-08-07,0.04808988764044945,737.0,703.05,-0.0022152668729894993
3306,HINDUNILVR,2024-07-09,2024-08-07,0.04674157303370787,2587.15,2781.7,0.0035148998062376952
3307,DRREDDY,2024-07-09,2024-08-07,0.045393258426966294,1308.0,1376.0,0.0023598941689860153
3308,PIIND,2024-07-09,2024-08-07,0.044044943820224725,3800.0,4410.0,0.0070703725606150215
3309,BAJAJFINSV,2024-07-09,2024-08-07,0.04269662921348315,1577.7,1584.1,0.0001732004988060381
3310,TATAELXSI,2024-07-09,2024-08-07,0.04134831460674157,7012.0,6750.0,-0.0015449598441195512
3311,MARUTI,2024-07-09,2024-08-07,0.04,12325.0,12399.0,0.00024016227180527383
3312,DABUR,2024-07-09,2024-08-07,0.038651685393258424,622.05,631.2,0.0005685442027944991
3313,APOLLOHOSP,2024-07-09,2024-08-07,0.03730337078651685,6309.3,6701.2,0.002317086049361409
3314,ICICIBANK,2024-07-09,2024-08-07,0.03595505617977528,1234.95,1178.95,-0.0016304167343353297
3315,INFY,2024-07-09,2024-08-07,0.0346067415730337,1659.9,1796.0,0.0028375067944393538
3316,HCLTECH,2024-07-09,2024-08-07,0.03325842696629212,1533.4,1605.0,0.0015529564176252203
3317,HDFCLIFE,2024-07-09,2024-08-07,0.03191011235955055,622.0,682.1,0.0030832761299179885
3318,SYNGENE,2024-07-09,2024-08-07,0.030561797752808977,731.7,828.5,0.0040431625290035635
3319,TORNTPHARM,2024-07-09,2024-08-07,0.0292134831460674,2881.1,3230.05,0.0035382475248412855
3320,DIVISLAB,2024-07-09,2024-08-07,0.027865168539325826,4491.4,4841.0,0.0021689591043657476
3321,SBILIFE,2024-07-09,2024-08-07,0.026516853932584253,1525.0,1690.05,0.0028699060600478883
3322,EICHERMOT,2024-07-09,2024-08-07,0.025168539325842676,4757.6,4664.95,-0.0004901347672228303
3323,MRF,2024-07-09,2024-08-07,0.023820224719101103,129500.0,137500.0,0.0014715196737668634
3324,BRITANNIA,2024-08-08,2024-09-06,0.056179775280898896,5844.75,5846.7,1.874341277175972e-05
3325,NESTLEIND,2024-08-08,2024-09-06,0.05483146067415732,1259.28,1254.3,-0.0002168387286046824
3326,ASIANPAINT,2024-08-08,2024-09-06,0.05348314606741574,3080.0,3238.0,0.0027436159346271713
3327,SUNPHARMA,2024-08-08,2024-09-06,0.05213483146067417,1735.0,1819.55,0.002540634005763688
3328,SBICARD,2024-08-08,2024-09-06,0.050786516853932595,713.5,779.05,0.0046658110438336075
3329,HINDUNILVR,2024-08-08,2024-09-06,0.04943820224719102,2754.0,2828.1,0.0013301999951041575
3330,DRREDDY,2024-08-08,2024-09-06,0.04808988764044945,1385.0,1339.78,-0.0015701261509755418
3331,ITC,2024-08-08,2024-09-06,0.04674157303370787,494.0,512.0,0.0017031342400946187
3332,INFY,2024-08-08,2024-09-06,0.045393258426966294,1779.95,1922.0,0.003622636792915846
3333,TCS,2024-08-08,2024-09-06,0.044044943820224725,4181.0,4473.95,0.00308609574076413
3334,LTIM,2024-08-08,2024-09-06,0.04269662921348315,5547.0,6205.0,0.005064788538394071
3335,TATAELXSI,2024-08-08,2024-09-06,0.04134831460674157,6844.45,7730.0,0.0053497359174221465
3336,HCLTECH,2024-08-08,2024-09-06,0.04,1597.0,1788.0,0.004783969943644334
3337,ICICIBANK,2024-08-08,2024-09-06,0.038651685393258424,1166.95,1225.95,0.001954196356486779
3338,PIDILITIND,2024-08-08,2024-09-06,0.03730337078651685,3184.25,3210.0,0.00030166029606745976
3339,HDFCBANK,2024-08-08,2024-09-06,0.03595505617977528,1624.0,1638.3,0.00031659932473570494
3340,MRF,2024-08-08,2024-09-06,0.0346067415730337,134500.0,136350.0,0.00047600350862537057
3341,SYNGENE,2024-08-08,2024-09-06,0.03325842696629212,854.25,905.0,0.0019758445051674864
3342,BAJAJFINSV,2024-08-08,2024-09-06,0.03191011235955055,1562.45,1864.0,0.006158593479485723
3343,SHREECEM,2024-08-08,2024-09-06,0.030561797752808977,25050.0,25888.0,0.0010223866872995577
3344,DABUR,2024-08-08,2024-09-06,0.0292134831460674,639.0,644.0,0.00022858750505530046
3345,HDFCLIFE,2024-08-08,2024-09-06,0.027865168539325826,691.1,750.0,0.002374849409588034
3346,APOLLOHOSP,2024-08-08,2024-09-06,0.026516853932584253,6740.0,6934.3,0.0007644250325075853
3347,RELIANCE,2024-08-08,2024-09-06,0.025168539325842676,1457.53,1492.5,0.0006038598315127093
3348,SBILIFE,2024-08-08,2024-09-06,0.023820224719101103,1671.1,1898.1,0.0032357076244605054
3349,NESTLEIND,2024-09-10,2024-10-09,0.056179775280898896,1264.5,1289.5,0.0011107112550592902
3350,SUNPHARMA,2024-09-10,2024-10-09,0.05483146067415732,1830.0,1894.55,0.0019340823970037445
3351,ASIANPAINT,2024-09-10,2024-10-09,0.05348314606741574,3290.0,3095.55,-0.003161032751613672
3352,BRITANNIA,2024-09-10,2024-10-09,0.05213483146067417,5980.05,6158.65,0.001557057365553194
3353,DRREDDY,2024-09-10,2024-10-09,0.050786516853932595,1338.8,1339.2,1.5173742711067864e-05
3354,HINDUNILVR,2024-09-10,2024-10-09,0.04943820224719102,2934.0,2823.4,-0.001863621393503518
3355,ITC,2024-09-10,2024-10-09,0.04808988764044945,511.9,509.8,-0.00019728221145720297
3356,TCS,2024-09-10,2024-10-09,0.04674157303370787,4442.45,4260.0,-0.001919661448074822
3357,APOLLOHOSP,2024-09-10,2024-10-09,0.045393258426966294,6900.0,6959.0,0.0003881452532160886
3358,PIDILITIND,2024-09-10,2024-10-09,0.044044943820224725,3284.0,3214.35,-0.0009341444388181048
3359,ICICIBANK,2024-09-10,2024-10-09,0.04269662921348315,1236.95,1243.05,0.00021055777371942544
3360,INFY,2024-09-10,2024-10-09,0.04134831460674157,1904.9,1952.55,0.0010343047881837524
3361,SBICARD,2024-09-10,2024-10-09,0.04,805.0,736.0,-0.003428571428571429
3362,HDFCBANK,2024-09-10,2024-10-09,0.038651685393258424,1654.0,1649.5,-0.00010515875711587841
3363,BAJAJ-AUTO,2024-09-10,2024-10-09,0.03730337078651685,10793.4,11944.0,0.003976620752215826
3364,SHREECEM,2024-09-10,2024-10-09,0.03595505617977528,25948.0,25580.95,-0.0005086058027896751
3365,MRF,2024-09-10,2024-10-09,0.0346067415730337,134850.0,133800.0,-0.00026946294884453386
3366,BAJAJFINSV,2024-09-10,2024-10-09,0.03325842696629212,1874.8,1849.0,-0.00045768477476548715
3367,HCLTECH,2024-09-10,2024-10-09,0.03191011235955055,1749.45,1793.05,0.0007952675977458065
3368,HDFCLIFE,2024-09-10,2024-10-09,0.030561797752808977,730.0,709.85,-0.0008435893489302742
3369,SYNGENE,2024-09-10,2024-10-09,0.0292134831460674,908.0,878.1,-0.00096198584368658
3370,RELIANCE,2024-09-10,2024-10-09,0.027865168539325826,1460.5,1397.53,-0.0012014170920378966
3371,TATATECH,2024-09-10,2024-10-09,0.026516853932584253,1088.9,1064.0,-0.0006063639112143909
3372,MARUTI,2024-09-10,2024-10-09,0.025168539325842676,12150.1,12554.95,0.0008386336858188341
3373,TORNTPHARM,2024-09-10,2024-10-09,0.023820224719101103,3385.0,3534.0,0.0010485121072809644
3374,NESTLEIND,2024-10-08,2024-11-06,0.056179775280898896,1285.3,1134.0,-0.006613242044658835
3375,SUNPHARMA,2024-10-08,2024-11-06,0.05483146067415732,1904.0,1815.55,-0.0025471862902464375
3376,DRREDDY,2024-10-08,2024-11-06,0.05348314606741574,1321.99,1274.0,-0.00194150952713355
3377,ITC,2024-10-08,2024-11-06,0.05213483146067417,510.0,480.2,-0.0030463097598590018
3378,BRITANNIA,2024-10-08,2024-11-06,0.050786516853932595,6137.7,5636.3,-0.004148843956296624
3379,APOLLOHOSP,2024-10-08,2024-11-06,0.04943820224719102,6819.0,7020.0,0.0014572633306475136
3380,TCS,2024-10-08,2024-11-06,0.04808988764044945,4272.6,4003.6,-0.0030277067301598378
3381,SBICARD,2024-10-08,2024-11-06,0.04674157303370787,730.95,700.05,-0.0019759417289029035
3382,ASIANPAINT,2024-10-08,2024-11-06,0.045393258426966294,3058.0,2890.5,-0.002486386784341679
3383,INFY,2024-10-08,2024-11-06,0.044044943820224725,1937.9,1764.0,-0.003952430842838682
3384,HINDUNILVR,2024-10-08,2024-11-06,0.04269662921348315,2844.0,2515.2,-0.004936234769828856
3385,COLPAL,2024-10-08,2024-11-06,0.04134831460674157,3695.25,2999.35,-0.007786832321177582
3386,PIDILITIND,2024-10-08,2024-11-06,0.04,3157.25,3110.0,-0.0005986222187029852
3387,SHREECEM,2024-10-08,2024-11-06,0.038651685393258424,25305.0,24697.0,-0.0009286791036989181
3388,MRF,2024-10-08,2024-11-06,0.03730337078651685,131600.0,119845.0,-0.0033320754072606804
3389,HDFCBANK,2024-10-08,2024-11-06,0.03595505617977528,1630.0,1771.5,0.0031212518094712893
3390,EICHERMOT,2024-10-08,2024-11-06,0.0346067415730337,4650.0,4910.95,0.0019420707985985243
3391,HCLTECH,2024-10-08,2024-11-06,0.03325842696629212,1774.0,1791.1,0.00032058573907756046
3392,ICICIBANK,2024-10-08,2024-11-06,0.03191011235955055,1241.0,1300.25,0.0015235085876739486
3393,PIIND,2024-10-08,2024-11-06,0.030561797752808977,4490.05,4553.4,0.00043119561867694837
3394,TORNTPHARM,2024-10-08,2024-11-06,0.0292134831460674,3415.0,3212.8,-0.0017297119449882351
3395,BAJAJ-AUTO,2024-10-08,2024-11-06,0.027865168539325826,11585.0,9883.4,-0.004092824409712287
3396,TATACONSUM,2024-10-08,2024-11-06,0.026516853932584253,1111.4,1002.0,-0.0026101707937958604
3397,TATATECH,2024-10-08,2024-11-06,0.025168539325842676,1030.0,1020.0,-0.00024435475073633666
3398,RELIANCE,2024-10-08,2024-11-06,0.023820224719101103,1372.97,1310.0,-0.0010924925894679396
3399,APOLLOHOSP,2024-11-07,2024-12-06,0.056179775280898896,7316.5,7263.0,-0.0004107999695931239
3400,DRREDDY,2024-11-07,2024-12-06,0.05483146067415732,1304.95,1246.0,-0.0024769643333013344
3401,BRITANNIA,2024-11-07,2024-12-06,0.05348314606741574,5710.0,4872.0,-0.007849190263484131
3402,SUNPHARMA,2024-11-07,2024-12-06,0.05213483146067417,1845.0,1815.85,-0.0008237020797174291
3403,NESTLEIND,2024-11-07,2024-12-06,0.050786516853932595,1136.5,1133.22,-0.00014657261353356578
3404,ASIANPAINT,2024-11-07,2024-12-06,0.04943820224719102,2900.0,2468.0,-0.007364587369236731
3405,ITC,2024-11-07,2024-12-06,0.04808988764044945,481.75,470.0,-0.00117292408879145
3406,PIDILITIND,2024-11-07,2024-12-06,0.04674157303370787,3197.0,3182.0,-0.0002193067236489265
3407,TCS,2024-11-07,2024-12-06,0.045393258426966294,4169.7,4453.0,0.003084133178012701
3408,MRF,2024-11-07,2024-12-06,0.044044943820224725,121900.0,130900.0,0.0032518826446433346
3409,SBICARD,2024-11-07,2024-12-06,0.04269662921348315,700.05,725.0,0.0015217211611690687
3410,SHREECEM,2024-11-07,2024-12-06,0.04134831460674157,25029.5,26607.0,0.002606003567475772
3411,KOTAKBANK,2024-11-07,2024-12-06,0.04,1763.0,1773.9,0.0002473057288712443
3412,HINDUNILVR,2024-11-07,2024-12-06,0.038651685393258424,2500.7,2495.0,-8.810117436780342e-05
3413,HCLTECH,2024-11-07,2024-12-06,0.03730337078651685,1850.05,1926.0,0.001531413211121838
3414,HDFCBANK,2024-11-07,2024-12-06,0.03595505617977528,1744.3,1857.0,0.002323072195987316
3415,ICICIBANK,2024-11-07,2024-12-06,0.0346067415730337,1297.15,1342.5,0.0012098953323340209
3416,INFY,2024-11-07,2024-12-06,0.03325842696629212,1812.95,1932.8,0.0021986389431093564
3417,TATATECH,2024-11-07,2024-12-06,0.03191011235955055,1035.0,958.7,-0.0023524073169407782
3418,EICHERMOT,2024-11-07,2024-12-06,0.030561797752808977,4917.15,4851.0,-0.000411145261248549
3419,PIIND,2024-11-07,2024-12-06,0.0292134831460674,4636.0,4145.15,-0.0030930625975511637
3420,TITAN,2024-11-07,2024-12-06,0.027865168539325826,3180.0,3453.95,0.0024005229312416055
3421,BHARTIARTL,2024-11-07,2024-12-06,0.026516853932584253,1595.95,1618.0,0.000366362748966748
3422,RELIANCE,2024-11-07,2024-12-06,0.025168539325842676,1324.0,1323.9,-1.9009470789894098e-06
3423,ICICIGI,2024-11-07,2024-12-06,0.023820224719101103,1943.9,1940.0,-4.778994619296078e-05
3424,NESTLEIND,2024-12-10,2025-01-08,0.056179775280898896,1114.5,1111.5,-0.00015122415957173323
3425,SUNPHARMA,2024-12-10,2025-01-08,0.05483146067415732,1821.0,1862.6,0.0012526022866803622
3426,DRREDDY,2024-12-10,2025-01-08,0.05348314606741574,1250.0,1369.5,0.005112988764044944
3427,ITC,2024-12-10,2025-01-08,0.05213483146067417,465.35,443.0,-0.002503950753510409
3428,PIDILITIND,2024-12-10,2025-01-08,0.050786516853932595,3151.0,2930.0,-0.0035619867422148855
3429,ICICIBANK,2024-12-10,2025-01-08,0.04943820224719102,1319.0,1280.55,-0.0014411666993210742
3430,KOTAKBANK,2024-12-10,2025-01-08,0.04808988764044945,1783.25,1780.1,-8.494778974760698e-05
3431,HINDUNILVR,2024-12-10,2025-01-08,0.04674157303370787,2408.7,2391.0,-0.0003434740078451533
3432,MRF,2024-12-10,2025-01-08,0.045393258426966294,133100.0,121998.9,-0.003785988738719728
3433,HDFCBANK,2024-12-10,2025-01-08,0.044044943820224725,1877.7,1708.25,-0.003974764728304352
3434,SBICARD,2024-12-10,2025-01-08,0.04269662921348315,720.05,732.45,0.0007352797753589264
3435,RELIANCE,2024-12-10,2025-01-08,0.04134831460674157,1289.25,1249.0,-0.0012908820344551858
3436,HCLTECH,2024-12-10,2025-01-08,0.04,1916.45,1906.3,-0.00021185003522137475
3437,SHREECEM,2024-12-10,2025-01-08,0.038651685393258424,26818.05,26130.0,-0.0009916564453728526
3438,BHARTIARTL,2024-12-10,2025-01-08,0.03730337078651685,1610.55,1598.75,-0.00027331022028555284
3439,APOLLOHOSP,2024-12-10,2025-01-08,0.03595505617977528,7228.8,7448.75,0.0010940010246156438
3440,TCS,2024-12-10,2025-01-08,0.0346067415730337,4426.15,4034.9,-0.0030590666020016088
3441,ASIANPAINT,2024-12-10,2025-01-08,0.03325842696629212,2399.9,2287.05,-0.0015639041139822755
3442,BAJAJFINSV,2024-12-10,2025-01-08,0.03191011235955055,1644.75,1681.0,0.0007032932500584938
3443,BRITANNIA,2024-12-10,2025-01-08,0.030561797752808977,4799.85,4850.0,0.00031931709476407783
3444,UNITDSPR,2024-12-10,2025-01-08,0.0292134831460674,1517.0,1620.0,0.0019835126987771535
3445,ICICIGI,2024-12-10,2025-01-08,0.027865168539325826,1969.0,1874.15,-0.0013423114453809304
3446,TATATECH,2024-12-10,2025-01-08,0.026516853932584253,949.95,898.0,-0.001450129545552664
3447,AXISBANK,2024-12-10,2025-01-08,0.025168539325842676,1157.0,1063.75,-0.002028492905907372
3448,DABUR,2024-12-10,2025-01-08,0.023820224719101103,507.95,509.8,8.675542027825097e-05
3449,SUNPHARMA,2025-01-07,2025-02-05,0.056179775280898896,1848.55,1773.8,-0.0022717471543897607
3450,NESTLEIND,2025-01-07,2025-02-05,0.05483146067415732,1095.1,1141.9,0.0023432676098535045
3451,ICICIBANK,2025-01-07,2025-02-05,0.05348314606741574,1266.5,1270.2,0.00015624764346580393
3452,HDFCBANK,2025-01-07,2025-02-05,0.05213483146067417,1715.0,1733.0,0.000547187735447309
3453,PIDILITIND,2025-01-07,2025-02-05,0.050786516853932595,2894.7,2921.55,0.0004710740240881987
3454,DRREDDY,2025-01-07,2025-02-05,0.04943820224719102,1352.0,1227.0,-0.0045708397048068615
3455,KOTAKBANK,2025-01-07,2025-02-05,0.04808988764044945,1787.0,1937.8,0.004058172946938878
3456,HINDUNILVR,2025-01-07,2025-02-05,0.04674157303370787,2377.15,2453.0,0.0014914281028150253
3457,RELIANCE,2025-01-07,2025-02-05,0.045393258426966294,1222.0,1282.65,0.0022529469096526267
3458,MRF,2025-01-07,2025-02-05,0.044044943820224725,123450.0,114933.0,-0.003038726500744058
3459,HCLTECH,2025-01-07,2025-02-05,0.04269662921348315,1960.0,1730.0,-0.005010318734235267
3460,ASTRAL,2025-01-07,2025-02-05,0.04134831460674157,1560.0,1516.2,-0.0011609334485738966
3461,APOLLOHOSP,2025-01-07,2025-02-05,0.04,7466.25,6826.15,-0.0034292985099614952
3462,BRITANNIA,2025-01-07,2025-02-05,0.038651685393258424,4804.95,5058.0,0.002035569358424968
3463,ICICIGI,2025-01-07,2025-02-05,0.03730337078651685,1805.5,1883.15,0.0016043238668363537
3464,BHARTIARTL,2025-01-07,2025-02-05,0.03595505617977528,1594.0,1670.0,0.0017142937701774912
3465,ITC,2025-01-07,2025-02-05,0.0346067415730337,445.5,455.15,0.0007496185323900661
3466,TCS,2025-01-07,2025-02-05,0.03325842696629212,4114.95,4150.0,0.0002832860338931324
3467,AXISBANK,2025-01-07,2025-02-05,0.03191011235955055,1064.55,1020.6,-0.0013174105849441027
3468,ULTRACEMCO,2025-01-07,2025-02-05,0.030561797752808977,11514.95,11519.1,1.1014503812360986e-05
3469,ASIANPAINT,2025-01-07,2025-02-05,0.0292134831460674,2272.0,2269.0,-3.8574141478081956e-05
3470,SBICARD,2025-01-07,2025-02-05,0.027865168539325826,730.0,835.05,0.004009912267200242
3471,UNITDSPR,2025-01-07,2025-02-05,0.026516853932584253,1641.45,1470.1,-0.0027680787848233667
3472,DABUR,2025-01-07,2025-02-05,0.025168539325842676,508.0,542.0,0.0016845085375563995
3473,SHREECEM,2025-01-07,2025-02-05,0.023820224719101103,25999.9,27899.0,0.001739890875120476
3474,MRF,2025-02-06,2025-03-07,0.056179775280898896,115200.0,107500.0,-0.003755071785268416
3475,SUNPHARMA,2025-02-06,2025-03-07,0.05483146067415732,1753.0,1624.0,-0.004034944909849569
3476,ICICIBANK,2025-02-06,2025-03-07,0.05348314606741574,1275.0,1211.1,-0.0026804494382022515
3477,NESTLEIND,2025-02-06,2025-03-07,0.05213483146067417,1134.5,1100.5,-0.0015624365532507024
3478,HDFCBANK,2025-02-06,2025-03-07,0.050786516853932595,1735.5,1682.0,-0.0015655883904842373
3479,RELIANCE,2025-02-06,2025-03-07,0.04943820224719102,1273.7,1216.0,-0.002239604514142203
3480,DRREDDY,2025-02-06,2025-03-07,0.04808988764044945,1234.9,1140.1,-0.0036917332158997616
3481,BHARTIARTL,2025-02-06,2025-03-07,0.04674157303370787,1665.9,1629.0,-0.0010353346809195178
3482,HINDUNILVR,2025-02-06,2025-03-07,0.045393258426966294,2400.0,2226.7,-0.0032777715355805283
3483,ITC,2025-02-06,2025-03-07,0.044044943820224725,450.0,403.55,-0.004546416978776529
3484,PIDILITIND,2025-02-06,2025-03-07,0.04269662921348315,2895.0,2733.0,-0.0023892414274902488
3485,TCS,2025-02-06,2025-03-07,0.04134831460674157,4105.4,3600.0,-0.005090231938969937
3486,ALKEM,2025-02-06,2025-03-07,0.04,5095.0,4730.0,-0.0028655544651619235
3487,TITAN,2025-02-06,2025-03-07,0.038651685393258424,3490.9,3121.1,-0.004094472273175104
3488,APOLLOHOSP,2025-02-06,2025-03-07,0.03730337078651685,6837.4,6292.25,-0.0029742201106077817
3489,DABUR,2025-02-06,2025-03-07,0.03595505617977528,531.5,495.0,-0.002469161901339224
3490,BRITANNIA,2025-02-06,2025-03-07,0.0346067415730337,4932.1,4690.0,-0.0016987271415485233
3491,ICICIPRULI,2025-02-06,2025-03-07,0.03325842696629212,606.0,550.1,-0.0030678978010160543
3492,JSWSTEEL,2025-02-06,2025-03-07,0.03191011235955055,950.55,1011.0,0.002029315966687531
3493,SHREECEM,2025-02-06,2025-03-07,0.030561797752808977,28401.8,28061.75,-0.00036591129174357506
3494,MARUTI,2025-02-06,2025-03-07,0.0292134831460674,13060.0,11650.0,-0.0031539824836106455
3495,AXISBANK,2025-02-06,2025-03-07,0.027865168539325826,1012.0,1033.7,0.0005975041080072843
3496,TORNTPHARM,2025-02-06,2025-03-07,0.026516853932584253,3143.8,3065.0,-0.0006646504516469381
3497,PIIND,2025-02-06,2025-03-07,0.025168539325842676,3600.0,3195.0,-0.002831460674157301
3498,ASIANPAINT,2025-02-06,2025-03-07,0.023820224719101103,2287.2,2267.7,-0.00020308428734805507
3499,ICICIBANK,2025-03-11,2025-04-09,0.056179775280898896,1217.2,1304.95,0.004050094709907063
3500,MRF,2025-03-11,2025-04-09,0.05483146067415732,106500.0,112697.0,0.003190521707021154
3501,HDFCBANK,2025-03-11,2025-04-09,0.05348314606741574,1682.4,1765.0,0.002625836819524807
3502,NESTLEIND,2025-03-11,2025-04-09,0.05213483146067417,1120.4,1141.6,0.0009864855649467004
3503,SUNPHARMA,2025-03-11,2025-04-09,0.050786516853932595,1616.1,1650.0,0.0010653195478920363
3504,DRREDDY,2025-03-11,2025-04-09,0.04943820224719102,1117.0,1094.5,-0.0009958456137527285
3505,HINDUNILVR,2025-03-11,2025-04-09,0.04808988764044945,2240.0,2293.95,0.0011582363563402852
3506,PIDILITIND,2025-03-11,2025-04-09,0.04674157303370787,2697.35,2930.95,0.004047984674096485
3507,ITC,2025-03-11,2025-04-09,0.045393258426966294,401.5,413.0,0.0013001805028894455
3508,DABUR,2025-03-11,2025-04-09,0.044044943820224725,490.0,459.8,-0.0027146067415730326
3509,RELIANCE,2025-03-11,2025-04-09,0.04269662921348315,1240.0,1169.5,-0.0024275099673794855
3510,ICICIPRULI,2025-03-11,2025-04-09,0.04134831460674157,542.0,557.0,0.001144326050002073
3511,TCS,2025-03-11,2025-04-09,0.04,3558.0,3260.55,-0.0033440134907251244
3512,TITAN,2025-03-11,2025-04-09,0.038651685393258424,3015.0,3137.85,0.0015749119570685885
3513,AXISBANK,2025-03-11,2025-04-09,0.03730337078651685,1030.4,1073.1,0.0015458597948216832
3514,BRITANNIA,2025-03-11,2025-04-09,0.03595505617977528,4720.0,5149.5,0.003271757760426585
3515,ICICIGI,2025-03-11,2025-04-09,0.0346067415730337,1699.6,1787.9,0.0017979379153323619
3516,JSWSTEEL,2025-03-11,2025-04-09,0.03325842696629212,1003.85,945.15,-0.0019447822512540212
3517,BHARTIARTL,2025-03-11,2025-04-09,0.03191011235955055,1630.0,1719.65,0.0017550561797752822
3518,GRASIM,2025-03-11,2025-04-09,0.030561797752808977,2372.0,2562.5,0.0024544782765219685
3519,SHREECEM,2025-03-11,2025-04-09,0.0292134831460674,27581.45,30409.05,0.002994913064535046
3520,MARUTI,2025-03-11,2025-04-09,0.027865168539325826,11579.5,11460.1,-0.0002873268382568758
3521,SBIN,2025-03-11,2025-04-09,0.026516853932584253,724.9,767.0,0.0015400186930084117
3522,SBILIFE,2025-03-11,2025-04-09,0.025168539325842676,1403.0,1488.0,0.001524822411045351
3523,ASIANPAINT,2025-03-11,2025-04-09,0.023820224719101103,2274.0,2400.0,0.0013198541401085043
3524,MRF,2025-04-08,2025-05-07,0.056179775280898896,112000.0,131500.0,0.009781300160513647
3525,ICICIBANK,2025-04-08,2025-05-07,0.05483146067415732,1299.85,1425.0,0.005279191678555829
3526,NESTLEIND,2025-04-08,2025-05-07,0.05348314606741574,1127.5,1165.5,0.0018025361867510406
3527,HDFCBANK,2025-04-08,2025-05-07,0.05213483146067417,1765.0,1934.0,0.004991947035044723
3528,HINDUNILVR,2025-04-08,2025-05-07,0.050786516853932595,2268.3,2369.0,0.0022546410294894867
3529,PIDILITIND,2025-04-08,2025-05-07,0.04943820224719102,2850.0,2954.0,0.0018040607135817073
3530,ITC,2025-04-08,2025-05-07,0.04808988764044945,411.9,433.4,0.002510154368219624
3531,DABUR,2025-04-08,2025-05-07,0.04674157303370787,454.9,473.3,0.0018906241895366596
3532,RELIANCE,2025-04-08,2025-05-07,0.045393258426966294,1172.0,1420.9,0.009640257698354875
3533,MARUTI,2025-04-08,2025-05-07,0.044044943820224725,11530.0,12355.0,0.003151524601186938
3534,AXISBANK,2025-04-08,2025-05-07,0.04269662921348315,1061.0,1159.0,0.0039437037350813844
3535,SUNPHARMA,2025-04-08,2025-05-07,0.04134831460674157,1645.0,1817.9,0.004345971790580925
3536,DRREDDY,2025-04-08,2025-05-07,0.04,1100.0,1143.4,0.0015781818181818217
3537,BHARTIARTL,2025-04-08,2025-05-07,0.038651685393258424,1720.7,1901.0,0.004050037122336545
3538,ICICIPRULI,2025-04-08,2025-05-07,0.03730337078651685,542.9,583.2,0.002769065836611957
3539,BRITANNIA,2025-04-08,2025-05-07,0.03595505617977528,5062.45,5361.0,0.002120392699675437
3540,TCS,2025-04-08,2025-05-07,0.0346067415730337,3302.05,3420.6,0.0012424491493112264
3541,ASIANPAINT,2025-04-08,2025-05-07,0.03325842696629212,2356.0,2388.0,0.0004517273611720492
3542,SBIN,2025-04-08,2025-05-07,0.03191011235955055,760.0,765.3,0.00022253104671791642
3543,SHREECEM,2025-04-08,2025-05-07,0.030561797752808977,30247.0,29035.0,-0.0012246139741595688
3544,GRASIM,2025-04-08,2025-05-07,0.0292134831460674,2550.0,2699.0,0.0017069839171623697
3545,TITAN,2025-04-08,2025-05-07,0.027865168539325826,3149.7,3280.0,0.00115275469431189
3546,ICICIGI,2025-04-08,2025-05-07,0.026516853932584253,1750.8,1780.1,0.00044376503325606434
3547,BOSCHLTD,2025-04-08,2025-05-07,0.025168539325842676,26800.0,29585.0,0.002615462015763875
3548,TORNTPHARM,2025-04-08,2025-05-07,0.023820224719101103,3241.2,3164.7,-0.0005622137452212867
3549,ICICIBANK,2025-05-08,2025-06-06,0.056179775280898896,1438.6,1448.6,0.00039051699764283953
3550,NESTLEIND,2025-05-08,2025-06-06,0.05483146067415732,1164.0,1201.95,0.0017876751998146673
3551,HDFCBANK,2025-05-08,2025-06-06,0.05348314606741574,1954.8,1944.0,-0.00029548699484759956
3552,HINDUNILVR,2025-05-08,2025-06-06,0.05213483146067417,2361.7,2373.3,0.0002560714929685563
3553,DABUR,2025-05-08,2025-06-06,0.050786516853932595,469.95,487.4,0.001885785124164535
3554,PIDILITIND,2025-05-08,2025-06-06,0.04943820224719102,2987.9,3071.5,0.0013832570393470882
3555,ITC,2025-05-08,2025-06-06,0.04808988764044945,429.0,420.3,-0.000975249469631491
3556,MARUTI,2025-05-08,2025-06-06,0.04674157303370787,12560.0,12139.0,-0.0015667358477062909
3557,MRF,2025-05-08,2025-06-06,0.045393258426966294,140750.0,140700.0,-1.612549144830064e-05
3558,TCS,2025-05-08,2025-06-06,0.044044943820224725,3448.0,3371.1,-0.0009823248781250828
3559,APOLLOHOSP,2025-05-08,2025-06-06,0.04269662921348315,6950.0,6867.0,-0.000509902190607065
3560,PATANJALI,2025-05-08,2025-06-06,0.04134831460674157,1840.1,1680.0,-0.0035975572895708507
3561,TORNTPHARM,2025-05-08,2025-06-06,0.04,3315.0,3141.0,-0.002099547511312217
3562,AXISBANK,2025-05-08,2025-06-06,0.038651685393258424,1170.0,1158.9,-0.00036669547680783334
3563,RELIANCE,2025-05-08,2025-06-06,0.03730337078651685,1404.1,1441.0,0.0009803392792696213
3564,CIPLA,2025-05-08,2025-06-06,0.03595505617977528,1500.0,1489.8,-0.000244494382022473
3565,GRASIM,2025-05-08,2025-06-06,0.0346067415730337,2685.0,2559.8,-0.0016136923817295394
3566,SUNPHARMA,2025-05-08,2025-06-06,0.03325842696629212,1781.3,1685.0,-0.0017980051180901196
3567,DRREDDY,2025-05-08,2025-06-06,0.03191011235955055,1152.7,1295.1,0.003942049102108089
3568,TITAN,2025-05-08,2025-06-06,0.030561797752808977,3349.9,3524.0,0.001588348604066999
3569,BRITANNIA,2025-05-08,2025-06-06,0.0292134831460674,5351.0,5606.5,0.0013948878609269708
3570,ASIANPAINT,2025-05-08,2025-06-06,0.027865168539325826,2322.0,2249.1,-0.0008748366866997653
3571,COALINDIA,2025-05-08,2025-06-06,0.026516853932584253,390.0,397.85,0.0005337366753097102
3572,ICICIPRULI,2025-05-08,2025-06-06,0.025168539325842676,594.4,637.9,0.0018419102635837089
3573,BOSCHLTD,2025-05-08,2025-06-06,0.023820224719101103,30510.0,31625.0,0.000870519520216248
3574,HINDUNILVR,2025-06-10,2025-07-09,0.056179775280898896,2393.4,2399.0,0.00013144762328613216
3575,HDFCBANK,2025-06-10,2025-07-09,0.05483146067415732,1982.8,2007.0,0.0006692159311653266
3576,ICICIBANK,2025-06-10,2025-07-09,0.05348314606741574,1439.0,1436.2,-0.0001040672751832951
3577,NESTLEIND,2025-06-10,2025-07-09,0.05213483146067417,1207.65,1210.0,0.00010145063050766328
3578,BRITANNIA,2025-06-10,2025-07-09,0.050786516853932595,5731.0,5858.0,0.0011254384296718618
3579,ASIANPAINT,2025-06-10,2025-07-09,0.04943820224719102,2240.0,2520.5,0.006190810593900482
3580,PIDILITIND,2025-06-10,2025-07-09,0.04808988764044945,3076.0,3047.1,-0.00045181981560760517
3581,DABUR,2025-06-10,2025-07-09,0.04674157303370787,486.15,511.0,0.0023892380744371935
3582,APOLLOHOSP,2025-06-10,2025-07-09,0.045393258426966294,6951.5,7545.0,0.003875551877494713
3583,ITC,2025-06-10,2025-07-09,0.044044943820224725,424.5,416.2,-0.0008611850028453845
3584,MRF,2025-06-10,2025-07-09,0.04269662921348315,139400.0,144945.0,0.0016983702223010335
3585,SBIN,2025-06-10,2025-07-09,0.04134831460674157,821.0,810.0,-0.0005539969070330783
3586,MARUTI,2025-06-10,2025-07-09,0.04,12660.0,12435.0,-0.0007109004739336493
3587,CIPLA,2025-06-10,2025-07-09,0.038651685393258424,1508.9,1486.0,-0.0005866018924419256
3588,TCS,2025-06-10,2025-07-09,0.03730337078651685,3440.0,3410.0,-0.0003253200940684609
3589,TORNTPHARM,2025-06-10,2025-07-09,0.03595505617977528,3187.0,3318.3,0.001481298674742548
3590,BOSCHLTD,2025-06-10,2025-07-09,0.0346067415730337,31690.0,35500.0,0.004160671675394712
3591,TITAN,2025-06-10,2025-07-09,0.03325842696629212,3545.0,3441.3,-0.0009728910793806733
3592,SHREECEM,2025-06-10,2025-07-09,0.03191011235955055,30000.0,31260.0,0.0013402247191011232
3593,MARICO,2025-06-10,2025-07-09,0.030561797752808977,707.4,730.3,0.0009893485560352345
3594,RELIANCE,2025-06-10,2025-07-09,0.0292134831460674,1450.0,1536.7,0.0017467648198372723
3595,ACC,2025-06-10,2025-07-09,0.027865168539325826,1916.0,1981.9,0.0009584105463160619
3596,DRREDDY,2025-06-10,2025-07-09,0.026516853932584253,1321.0,1280.0,-0.000823006064523811
3597,HDFCLIFE,2025-06-10,2025-07-09,0.025168539325842676,764.15,792.0,0.000917285637930667
3598,SBILIFE,2025-06-10,2025-07-09,0.023820224719101103,1790.9,1820.0,0.0003870503876965994
3599,ITC,2025-07-08,2025-08-06,0.056179775280898896,416.15,414.15,-0.00026999771851927865
3600,HDFCBANK,2025-07-08,2025-08-06,0.05483146067415732,1977.0,1971.1,-0.00016363460696890904
3601,HINDUNILVR,2025-07-08,2025-08-06,0.05348314606741574,2405.4,2538.7,0.002963874353864847
3602,ICICIBANK,2025-07-08,2025-08-06,0.05213483146067417,1432.0,1442.3,0.0003749921536626687
3603,PIDILITIND,2025-07-08,2025-08-06,0.050786516853932595,3075.0,3026.0,-0.0008092810815748608
3604,NESTLEIND,2025-07-08,2025-08-06,0.04943820224719102,1211.05,1135.0,-0.0031045582601039387
3605,BRITANNIA,2025-07-08,2025-08-06,0.04808988764044945,5890.0,5599.5,-0.002371835714694493
3606,ASIANPAINT,2025-07-08,2025-08-06,0.04674157303370787,2440.5,2440.0,-9.576228853453774e-06
3607,MARUTI,2025-07-08,2025-08-06,0.045393258426966294,12525.0,12570.0,0.00016308955123460944
3608,DABUR,2025-07-08,2025-08-06,0.044044943820224725,512.5,524.15,0.001001216771718277
3609,SBIN,2025-07-08,2025-08-06,0.04269662921348315,807.9,800.95,-0.00036729987997735484
3610,APOLLOHOSP,2025-07-08,2025-08-06,0.04134831460674157,7605.0,7270.0,-0.0018213918991792802
3611,MRF,2025-07-08,2025-08-06,0.04,143005.0,147000.0,0.0011174434460333555
3612,TCS,2025-07-08,2025-08-06,0.038651685393258424,3405.0,3063.0,-0.0038821957135078944
3613,CIPLA,2025-07-08,2025-08-06,0.03730337078651685,1505.5,1498.8,-0.00016601300848200902
3614,SHREECEM,2025-07-08,2025-08-06,0.03595505617977528,31270.0,30300.0,-0.0011153311318958111
3615,ACC,2025-07-08,2025-08-06,0.0346067415730337,1964.5,1807.2,-0.0027710055736514124
3616,RELIANCE,2025-07-08,2025-08-06,0.03325842696629212,1536.0,1391.9,-0.0031201427902621693
3617,MARICO,2025-07-08,2025-08-06,0.03191011235955055,730.0,720.0,-0.00043712482684315823
3618,TITAN,2025-07-08,2025-08-06,0.030561797752808977,3581.8,3437.0,-0.0012355096081877117
3619,DRREDDY,2025-07-08,2025-08-06,0.0292134831460674,1310.3,1214.8,-0.002129197619208912
3620,COALINDIA,2025-07-08,2025-08-06,0.027865168539325826,384.95,374.0,-0.0007926317586845499
3621,BHARTIARTL,2025-07-08,2025-08-06,0.026516853932584253,2026.0,1930.0,-0.0012564748161540415
3622,TORNTPHARM,2025-07-08,2025-08-06,0.025168539325842676,3340.0,3580.1,0.0018092713449505463
3623,PATANJALI,2025-07-08,2025-08-06,0.023820224719101103,1655.0,1834.9,0.002589280016293831
3624,ITC,2025-08-07,2025-09-05,0.056179775280898896,412.0,416.9,0.0006681575215446683
3625,PIDILITIND,2025-08-07,2025-09-05,0.05483146067415732,3057.0,3140.0,0.0014887181013919061
3626,HDFCBANK,2025-08-07,2025-09-05,0.05348314606741574,1980.1,967.5,-0.02735065587993797
3627,ICICIBANK,2025-08-07,2025-09-05,0.05213483146067417,1441.1,1411.0,-0.0010889309742323837
3628,ASIANPAINT,2025-08-07,2025-09-05,0.050786516853932595,2484.1,2565.0,0.0016539709405753197
3629,MARUTI,2025-08-07,2025-09-05,0.04943820224719102,12525.0,14740.0,0.008742963511179888
3630,HINDUNILVR,2025-08-07,2025-09-05,0.04808988764044945,2535.7,2667.6,0.0025015010371003225
3631,SBIN,2025-08-07,2025-09-05,0.04674157303370787,801.1,811.5,0.0006068060910629894
3632,NESTLEIND,2025-08-07,2025-09-05,0.045393258426966294,1118.0,1212.0,0.003816606701372837
3633,ACC,2025-08-07,2025-09-05,0.044044943820224725,1830.4,1845.7,0.0003681641392315539
3634,BRITANNIA,2025-08-07,2025-09-05,0.04269662921348315,5380.5,6066.0,0.005439743392963981
3635,TCS,2025-08-07,2025-09-05,0.04134831460674157,3016.0,3097.1,0.0011118528894584674
3636,COALINDIA,2025-08-07,2025-09-05,0.04,375.0,392.4,0.0018559999999999974
3637,SHREECEM,2025-08-07,2025-09-05,0.038651685393258424,30300.0,30100.0,-0.00025512663625913153
3638,MARICO,2025-08-07,2025-09-05,0.03730337078651685,712.15,740.0,0.0014588202996622835
3639,ULTRACEMCO,2025-08-07,2025-09-05,0.03595505617977528,12204.0,12680.0,0.0014023768224822215
3640,DABUR,2025-08-07,2025-09-05,0.0346067415730337,513.75,553.8,0.0026978102189780984
3641,HDFCLIFE,2025-08-07,2025-09-05,0.03325842696629212,747.05,764.0,0.0007546085765057936
3642,APOLLOHOSP,2025-08-07,2025-09-05,0.03191011235955055,7164.0,7900.0,0.0032783141675920163
3643,CIPLA,2025-08-07,2025-09-05,0.030561797752808977,1476.1,1577.8,0.002105639747619182
3644,DRREDDY,2025-08-07,2025-09-05,0.0292134831460674,1184.0,1254.3,0.0017345505617977507
3645,GRASIM,2025-08-07,2025-09-05,0.027865168539325826,2764.0,2810.0,0.0004637473780061462
3646,RELIANCE,2025-08-07,2025-09-05,0.026516853932584253,1387.7,1363.0,-0.0004719797449987982
3647,TATACONSUM,2025-08-07,2025-09-05,0.025168539325842676,1051.0,1074.0,0.0005507863030393735
3648,NTPC,2025-08-07,2025-09-05,0.023820224719101103,332.1,330.05,-0.00014703842419198291
3649,ITC,2025-09-09,2025-10-08,0.056179775280898896,408.5,400.0,-0.0011689794122096465
3650,PIDILITIND,2025-09-09,2025-10-08,0.05483146067415732,3103.8,1469.0,-0.02888023452223481
3651,ICICIBANK,2025-09-09,2025-10-08,0.05348314606741574,1399.0,1372.3,-0.0010207290922087226
3652,ASIANPAINT,2025-09-09,2025-10-08,0.05213483146067417,2540.0,2360.0,-0.003694594355480847
3653,COALINDIA,2025-09-09,2025-10-08,0.050786516853932595,388.7,385.5,-0.00041810356041313025
3654,ULTRACEMCO,2025-09-09,2025-10-08,0.04943820224719102,12699.0,12150.0,-0.0021373000262782794
3655,SBIN,2025-09-09,2025-10-08,0.04808988764044945,812.0,866.8,0.003245475175734763
3656,HINDUNILVR,2025-09-09,2025-10-08,0.04674157303370787,2637.0,2511.0,-0.0022333857422249495
3657,ACC,2025-09-09,2025-10-08,0.045393258426966294,1841.9,1855.0,0.000322846889295431
3658,NTPC,2025-09-09,2025-10-08,0.044044943820224725,327.6,339.25,0.0015663113415922375
3659,TCS,2025-09-09,2025-10-08,0.04269662921348315,3032.1,2975.0,-0.0008040557791926004
3660,SHREECEM,2025-09-09,2025-10-08,0.04134831460674157,30500.0,29675.0,-0.0011184380180512066
3661,MARICO,2025-09-09,2025-10-08,0.04,731.2,710.0,-0.0011597374179431097
3662,NESTLEIND,2025-09-09,2025-10-08,0.038651685393258424,1195.2,1170.0,-0.0008149451739542453
3663,EICHERMOT,2025-09-09,2025-10-08,0.03730337078651685,6782.0,6957.0,0.0009625611748216526
3664,HDFCLIFE,2025-09-09,2025-10-08,0.03595505617977528,755.0,755.6,2.8573554579954946e-05
3665,BHARTIARTL,2025-09-09,2025-10-08,0.0346067415730337,1892.0,1929.0,0.000676770316174549
3666,BRITANNIA,2025-09-09,2025-10-08,0.03325842696629212,6116.0,5855.0,-0.0014193017394052065
3667,TORNTPHARM,2025-09-09,2025-10-08,0.03191011235955055,3634.0,3537.0,-0.0008517558885185481
3668,CIPLA,2025-09-09,2025-10-08,0.030561797752808977,1541.2,1512.0,-0.000579032243954077
3669,AMBUJACEM,2025-09-09,2025-10-08,0.0292134831460674,573.0,569.95,-0.00015549934309861123
3670,RELIANCE,2025-09-09,2025-10-08,0.027865168539325826,1376.6,1384.8,0.00016598458667911744
3671,SBILIFE,2025-09-09,2025-10-08,0.026516853932584253,1789.8,1784.0,-8.593013342775029e-05
3672,TITAN,2025-09-09,2025-10-08,0.025168539325842676,3667.8,3474.0,-0.0013298606579825276
3673,DRREDDY,2025-09-09,2025-10-08,0.023820224719101103,1257.5,1248.3,-0.0001742712265731461
3674,ITC,2025-10-07,2025-11-06,0.056179775280898896,402.5,410.0,0.001046828110824203
3675,ICICIBANK,2025-10-07,2025-11-06,0.05483146067415732,1363.6,1330.0,-0.0013510832198970967
3676,COALINDIA,2025-10-07,2025-11-06,0.05348314606741574,384.0,378.7,-0.0007381788389513125
3677,SBIN,2025-10-07,2025-11-06,0.05213483146067417,874.15,969.65,0.005695677406045168
3678,NTPC,2025-10-07,2025-11-06,0.050786516853932595,339.1,332.05,-0.0010558683097028174
3679,ULTRACEMCO,2025-10-07,2025-11-06,0.04943820224719102,12059.0,11800.0,-0.001061820580647025
3680,CIPLA,2025-10-07,2025-11-06,0.04808988764044945,1514.9,1510.8,-0.00013015284132672077
3681,ASIANPAINT,2025-10-07,2025-11-06,0.04674157303370787,2355.0,2560.1,0.004070784131300841
3682,ONGC,2025-10-07,2025-11-06,0.045393258426966294,245.86,253.55,0.0014198086606335748
3683,MARICO,2025-10-07,2025-11-06,0.044044943820224725,715.95,715.0,-5.8443601688966394e-05
3684,ACC,2025-10-07,2025-11-06,0.04269662921348315,1838.8,1835.6,-7.430346611004352e-05
3685,HINDUNILVR,2025-10-07,2025-11-06,0.04134831460674157,2540.0,2463.9,-0.0012388215518004055
3686,TATACONSUM,2025-10-07,2025-11-06,0.04,1136.4,1172.1,0.0012565997888067519
3687,LT,2025-10-07,2025-11-06,0.038651685393258424,3748.0,3945.0,0.002031585384864437
3688,HDFCLIFE,2025-10-07,2025-11-06,0.03730337078651685,767.0,738.85,-0.0013690872068323966
3689,EICHERMOT,2025-10-07,2025-11-06,0.03595505617977528,6880.0,6945.0,0.000339691664489156
3690,TITAN,2025-10-07,2025-11-06,0.0346067415730337,3425.0,3780.0,0.0035869761338472887
3691,BHARTIARTL,2025-10-07,2025-11-06,0.03325842696629212,1900.0,2115.0,0.003763453577764635
3692,SHREECEM,2025-10-07,2025-11-06,0.03191011235955055,29370.0,27620.0,-0.0019013516046718921
3693,TCS,2025-10-07,2025-11-06,0.030561797752808977,2995.0,2990.1,-5.00009378927435e-05
3694,BRITANNIA,2025-10-07,2025-11-06,0.0292134831460674,6012.0,6186.0,0.0008455000112135275
3695,SBILIFE,2025-10-07,2025-11-06,0.027865168539325826,1777.0,1976.9,0.003134635447952299
3696,NESTLEIND,2025-10-07,2025-11-06,0.026516853932584253,1181.7,1265.0,0.0018692171723654625
3697,SUNPHARMA,2025-10-07,2025-11-06,0.025168539325842676,1649.4,1699.0,0.0007568567664373678
3698,RELIANCE,2025-10-07,2025-11-06,0.023820224719101103,1376.0,1484.0,0.0018696106610922377
