,Ticker,Buy Date,Sell Date,Weight,Buy Price,Sell Price,Returns
0,MANDHANA,2014-01-02,2014-01-31,0.06666666666666667,234.0,233.8,-5.698005698005374e-05
1,TATAINVEST,2014-01-02,2014-01-31,0.06666666666666667,407.6,395.0,-0.00206084396467125
2,FMGOETZE,2014-01-02,2014-01-31,0.06666666666666667,196.0,190.0,-0.0020408163265306124
3,BOSCHLTD,2014-01-02,2014-01-31,0.06666666666666667,10010.0,8935.0,-0.00715950715950716
4,3MINDIA,2014-01-02,2014-01-31,0.06666666666666667,3660.0,3590.2,-0.001271402550091078
5,PGHH,2014-01-02,2014-01-31,0.06666666666666667,3038.85,3030.0,-0.00019415239317504778
6,SUNTECK,2014-01-02,2014-01-31,0.06666666666666667,151.5,131.45,-0.008822882288228827
7,BASF,2014-01-02,2014-01-31,0.06666666666666667,664.7,596.0,-0.006890326463066049
8,TNPL,2014-01-02,2014-01-31,0.06666666666666667,126.45,124.35,-0.0011071569790431046
9,TATACHEM,2014-01-02,2014-01-31,0.06666666666666667,275.0,255.0,-0.0048484848484848485
10,ZYDUSLIFE,2014-01-02,2014-01-31,0.06666666666666667,159.2,162.79,0.0015033500837520954
11,TATASTLLP,2014-01-02,2014-01-31,0.06666666666666667,304.15,354.05,0.010937585621129934
12,MAHLIFE,2014-01-02,2014-01-31,0.06666666666666667,133.0,128.266666666667,-0.002372598162071683
13,HONAUT,2014-01-02,2014-01-31,0.06666666666666667,2750.0,2599.9,-0.0036387878787878768
14,DRREDDY,2014-01-02,2014-01-31,0.06666666666666667,505.12,523.6,0.0024390243902439046
15,MANDHANA,2014-02-03,2014-03-03,0.06666666666666667,233.0,233.0,0.0
16,TATAINVEST,2014-02-03,2014-03-03,0.06666666666666667,391.05,415.1,0.004100072454502836
17,FMGOETZE,2014-02-03,2014-03-03,0.06666666666666667,190.0,189.0,-0.0003508771929824561
18,BOSCHLTD,2014-02-03,2014-03-03,0.06666666666666667,8955.0,9490.0,0.00398287734971152
19,SUNTECK,2014-02-03,2014-03-03,0.06666666666666667,133.475,144.625,0.005569082849472439
20,PGHH,2014-02-03,2014-03-03,0.06666666666666667,3172.95,3088.0,-0.0017848794759871168
21,MAHLIFE,2014-02-03,2014-03-03,0.06666666666666667,125.0,116.35,-0.004613333333333336
22,TATACHEM,2014-02-03,2014-03-03,0.06666666666666667,262.6,267.5,0.001243970550901238
23,BASF,2014-02-03,2014-03-03,0.06666666666666667,591.5,690.0,0.011101718794026485
24,VENKEYS,2014-02-03,2014-03-03,0.06666666666666667,469.85,474.0,0.000588840410059945
25,BAJAJHLDNG,2014-02-03,2014-03-03,0.06666666666666667,929.95,949.0,0.001365664820689281
26,DRREDDY,2014-02-03,2014-03-03,0.06666666666666667,521.0,575.6,0.006986564299424187
27,3MINDIA,2014-02-03,2014-03-03,0.06666666666666667,3630.0,3674.35,0.0008145087235996311
28,BALMLAWRIE,2014-02-03,2014-03-03,0.06666666666666667,60.0,57.92,-0.0023111111111111093
29,HONAUT,2014-02-03,2014-03-03,0.06666666666666667,2585.5,2647.0,0.0015857667762521756
30,MANDHANA,2014-03-05,2014-04-03,0.06666666666666667,233.0,232.5,-0.0001430615164520744
31,FMGOETZE,2014-03-05,2014-04-03,0.06666666666666667,193.0,182.5,-0.0036269430051813468
32,BOSCHLTD,2014-03-05,2014-04-03,0.06666666666666667,9334.95,10765.0,0.010212873841495307
33,TATAINVEST,2014-03-05,2014-04-03,0.06666666666666667,468.9,463.5,-0.000767754318618039
34,VIDEOIND,2014-03-05,2014-04-03,0.06666666666666667,163.0,163.9,0.0003680981595092048
35,BALMLAWRIE,2014-03-05,2014-04-03,0.06666666666666667,58.45,64.98,0.007447961220416311
36,3MINDIA,2014-03-05,2014-04-03,0.06666666666666667,3680.0,3600.0,-0.0014492753623188406
37,1074.0,2014-03-05,2014-04-03,0.06666666666666667,125.2,126.75,0.0008253461128860474
38,BAJAJHLDNG,2014-03-05,2014-04-03,0.06666666666666667,960.75,1014.25,0.003712377482869286
39,VENKEYS,2014-03-05,2014-04-03,0.06666666666666667,468.0,486.95,0.0026994301994301977
40,PGHH,2014-03-05,2014-04-03,0.06666666666666667,3124.5,3204.95,0.001716541313276787
41,MAHLIFE,2014-03-05,2014-04-03,0.06666666666666667,118.416666666667,125.0,0.0037063101102508
42,NAVNETEDUL,2014-03-05,2014-04-03,0.06666666666666667,55.2,60.1,0.0059178743961352635
43,HONAUT,2014-03-05,2014-04-03,0.06666666666666667,2620.0,2975.15,0.009036895674300258
44,DRREDDY,2014-03-05,2014-04-03,0.06666666666666667,565.0,532.0,-0.0038938053097345134
45,MANDHANA,2014-04-04,2014-05-05,0.06666666666666667,232.5,232.5,0.0
46,FMGOETZE,2014-04-04,2014-05-05,0.06666666666666667,180.5,184.5,0.0014773776546629731
47,BOSCHLTD,2014-04-04,2014-05-05,0.06666666666666667,10632.4,10360.0,-0.0017079869079417607
48,BALMLAWRIE,2014-04-04,2014-05-05,0.06666666666666667,63.7,68.46,0.004981684981684972
49,3MINDIA,2014-04-04,2014-05-05,0.06666666666666667,3580.05,3700.35,0.002240192176086921
50,TATAINVEST,2014-04-04,2014-05-05,0.06666666666666667,457.15,480.0,0.0033322396004229135
51,VENKEYS,2014-04-04,2014-05-05,0.06666666666666667,486.95,490.0,0.00041756511619947447
52,VIDEOIND,2014-04-04,2014-05-05,0.06666666666666667,161.8,160.05,-0.0007210548001648125
53,FORTIS,2014-04-04,2014-05-05,0.06666666666666667,97.6,99.05,0.0009904371584699473
54,OFSS,2014-04-04,2014-05-05,0.06666666666666667,3054.0,3024.0,-0.0006548788474132286
55,1074.0,2014-04-04,2014-05-05,0.06666666666666667,126.65,127.5,0.00044742729306487393
56,PGHH,2014-04-04,2014-05-05,0.06666666666666667,3162.0,3375.05,0.004491882774615226
57,MAHLIFE,2014-04-04,2014-05-05,0.06666666666666667,124.2,133.333333333333,0.004902487028090713
58,BAJAJHLDNG,2014-04-04,2014-05-05,0.06666666666666667,1031.4,1069.05,0.0024335854178786026
59,CIPLA,2014-04-04,2014-05-05,0.06666666666666667,398.0,402.05,0.0006783919597989969
60,MANDHANA,2014-05-06,2014-06-04,0.06666666666666667,232.0,236.3,0.0012356321839080491
61,BOSCHLTD,2014-05-06,2014-06-04,0.06666666666666667,10499.7,12300.0,0.011430802784841466
62,3MINDIA,2014-05-06,2014-06-04,0.06666666666666667,3790.0,4300.0,0.008970976253298154
63,VIDEOIND,2014-05-06,2014-06-04,0.06666666666666667,159.25,179.05,0.008288854003139721
64,OFSS,2014-05-06,2014-06-04,0.06666666666666667,3020.0,2829.0,-0.004216335540838852
65,TATAINVEST,2014-05-06,2014-06-04,0.06666666666666667,476.2,535.0,0.008231835363292736
66,BALMLAWRIE,2014-05-06,2014-06-04,0.06666666666666667,68.24,92.8,0.023993747557639708
67,1074.0,2014-05-06,2014-06-04,0.06666666666666667,127.75,145.5,0.009262883235485976
68,FMGOETZE,2014-05-06,2014-06-04,0.06666666666666667,185.0,224.25,0.014144144144144144
69,FORTIS,2014-05-06,2014-06-04,0.06666666666666667,98.25,108.5,0.006955046649703139
70,COLPAL,2014-05-06,2014-06-04,0.06666666666666667,720.0,697.55,-0.002078703703703708
71,MAHLIFE,2014-05-06,2014-06-04,0.06666666666666667,133.0,146.483333333333,0.006758563074352385
72,PGHH,2014-05-06,2014-06-04,0.06666666666666667,3407.75,3840.0,0.00845621500012227
73,DRREDDY,2014-05-06,2014-06-04,0.06666666666666667,548.0,466.4,-0.009927007299270076
74,CIPLA,2014-05-06,2014-06-04,0.06666666666666667,395.65,387.35,-0.0013985424828341472
75,MANDHANA,2014-06-04,2014-07-03,0.06666666666666667,236.3,249.0,0.003583015940189022
76,OFSS,2014-06-04,2014-07-03,0.06666666666666667,2829.0,3350.0,0.012277601036879934
77,1074.0,2014-06-04,2014-07-03,0.06666666666666667,145.5,142.6,-0.001328751431844218
78,CRISIL,2014-06-04,2014-07-03,0.06666666666666667,1430.1,1735.0,0.014213458266321706
79,CIPLA,2014-06-04,2014-07-03,0.06666666666666667,387.35,445.0,0.009922120390688864
80,3MINDIA,2014-06-04,2014-07-03,0.06666666666666667,4300.0,4840.0,0.008372093023255815
81,COLPAL,2014-06-04,2014-07-03,0.06666666666666667,697.55,805.5,0.010317062098296423
82,FORTIS,2014-06-04,2014-07-03,0.06666666666666667,108.5,125.2,0.010261136712749617
83,BOSCHLTD,2014-06-04,2014-07-03,0.06666666666666667,12300.0,14010.0,0.009268292682926829
84,PGHH,2014-06-04,2014-07-03,0.06666666666666667,3840.0,4680.0,0.014583333333333334
85,VIDEOIND,2014-06-04,2014-07-03,0.06666666666666667,179.05,191.65,0.004691426975705108
86,FMGOETZE,2014-06-04,2014-07-03,0.06666666666666667,224.25,255.05,0.009156447417316986
87,TATAINVEST,2014-06-04,2014-07-03,0.06666666666666667,535.0,582.1,0.0058691588785046754
88,DRREDDY,2014-06-04,2014-07-03,0.06666666666666667,466.4,532.58,0.009459691252144091
89,MANDHANA,2014-07-04,2014-08-04,0.06666666666666667,247.15,235.2,-0.0032234135814957223
90,OFSS,2014-07-04,2014-08-04,0.06666666666666667,3225.0,3300.0,0.0015503875968992248
91,1074.0,2014-07-04,2014-08-04,0.06666666666666667,141.65,125.0,-0.007836216025414757
92,COLPAL,2014-07-04,2014-08-04,0.06666666666666667,803.5,774.05,-0.0024434764571665667
93,MARICO,2014-07-04,2014-08-04,0.06666666666666667,124.5,133.6,0.004872824631860773
94,CIPLA,2014-07-04,2014-08-04,0.06666666666666667,448.9,444.0,-0.0007277047597831703
95,3MINDIA,2014-07-04,2014-08-04,0.06666666666666667,4824.95,5014.0,0.002612116878585964
96,DRREDDY,2014-07-04,2014-08-04,0.06666666666666667,528.8,556.6,0.0035047907211296107
97,LUPIN,2014-07-04,2014-08-04,0.06666666666666667,1082.05,1168.0,0.005295503904625482
98,VSTIND,2014-07-04,2014-08-04,0.06666666666666667,180.0,154.5,-0.009444444444444445
99,CRISIL,2014-07-04,2014-08-04,0.06666666666666667,1820.0,1800.0,-0.0007326007326007326
100,FORTIS,2014-07-04,2014-08-04,0.06666666666666667,122.55,115.55,-0.00380796953624371
101,PGHH,2014-07-04,2014-08-04,0.06666666666666667,4750.0,4642.0,-0.0015157894736842106
102,BAJAJ-AUTO,2014-07-04,2014-08-04,0.06666666666666667,2300.1,2065.0,-0.006814196484210829
103,BOSCHLTD,2014-07-04,2014-08-04,0.06666666666666667,13690.0,13400.0,-0.0014122230338446554
104,MANDHANA,2014-08-05,2014-09-03,0.06666666666666667,235.15,235.0,-4.2526047203914e-05
105,OFSS,2014-08-05,2014-09-03,0.06666666666666667,3395.0,3648.0,0.004968090328915071
106,1074.0,2014-08-05,2014-09-03,0.06666666666666667,125.0,129.75,0.002533333333333333
107,COLPAL,2014-08-05,2014-09-03,0.06666666666666667,779.45,775.0,-0.0003806102593709278
108,MARICO,2014-08-05,2014-09-03,0.06666666666666667,129.25,136.5,0.003739522888459059
109,CIPLA,2014-08-05,2014-09-03,0.06666666666666667,442.55,559.9,0.01767785184348284
110,DRREDDY,2014-08-05,2014-09-03,0.06666666666666667,555.0,599.6,0.00535735735735736
111,HINDUNILVR,2014-08-05,2014-09-03,0.06666666666666667,699.0,733.5,0.0032904148783977107
112,PGHH,2014-08-05,2014-09-03,0.06666666666666667,4600.05,5278.8,0.009836849599460875
113,BAJAJ-AUTO,2014-08-05,2014-09-03,0.06666666666666667,2095.0,2265.1,0.005412887828162289
114,LUPIN,2014-08-05,2014-09-03,0.06666666666666667,1183.45,1308.0,0.007016209669469205
115,ITC,2014-08-05,2014-09-03,0.06666666666666667,237.333333333333,236.866666666667,-0.00013108614232191447
116,INFY,2014-08-05,2014-09-03,0.06666666666666667,434.5,451.25,0.0025700038358266205
117,BAJAJHLDNG,2014-08-05,2014-09-03,0.06666666666666667,1305.6,1351.1,0.002323325163398693
118,GILLETTE,2014-08-05,2014-09-03,0.06666666666666667,2331.95,2724.0,0.011208073357776401
119,MANDHANA,2014-09-03,2014-10-07,0.06666666666666667,235.0,247.0,0.0034042553191489366
120,OFSS,2014-09-03,2014-10-07,0.06666666666666667,3648.0,3480.0,-0.0030701754385964912
121,COLPAL,2014-09-03,2014-10-07,0.06666666666666667,775.0,864.05,0.007660215053763437
122,MARICO,2014-09-03,2014-10-07,0.06666666666666667,136.5,156.475,0.009755799755799753
123,1074.0,2014-09-03,2014-10-07,0.06666666666666667,129.75,129.2,-0.0002825947334617913
124,LUPIN,2014-09-03,2014-10-07,0.06666666666666667,1308.0,1381.15,0.003728338430173297
125,DRREDDY,2014-09-03,2014-10-07,0.06666666666666667,599.6,642.02,0.00471647765176784
126,BAJAJ-AUTO,2014-09-03,2014-10-07,0.06666666666666667,2265.1,2314.0,0.0014392300560681674
127,ITC,2014-09-03,2014-10-07,0.06666666666666667,236.866666666667,241.8,0.0013884979829251387
128,CIPLA,2014-09-03,2014-10-07,0.06666666666666667,559.9,629.7,0.008311007918080617
129,HINDUNILVR,2014-09-03,2014-10-07,0.06666666666666667,733.5,733.4,-9.088843444673731e-06
130,SHREECEM,2014-09-03,2014-10-07,0.06666666666666667,7945.0,8479.0,0.0044808055380742605
131,BAJAJHLDNG,2014-09-03,2014-10-07,0.06666666666666667,1351.1,1380.0,0.0014259985690671844
132,RELIANCE,2014-09-03,2014-10-07,0.06666666666666667,256.29,231.81,-0.006367786491864689
133,DABUR,2014-09-03,2014-10-07,0.06666666666666667,227.05,222.05,-0.0014681054099684356
134,MANDHANA,2014-10-08,2014-11-07,0.06666666666666667,254.0,254.55,0.00014435695538058042
135,HINDUNILVR,2014-10-08,2014-11-07,0.06666666666666667,732.05,750.0,0.0016346788698404066
136,ITC,2014-10-08,2014-11-07,0.06666666666666667,242.0,238.9,-0.0008539944903581252
137,COLPAL,2014-10-08,2014-11-07,0.06666666666666667,869.825,864.0,-0.00044644995640885963
138,1074.0,2014-10-08,2014-11-07,0.06666666666666667,128.2,132.5,0.002236089443577749
139,LUPIN,2014-10-08,2014-11-07,0.06666666666666667,1368.0,1388.25,0.000986842105263158
140,BAJAJ-AUTO,2014-10-08,2014-11-07,0.06666666666666667,2332.0,2575.0,0.006946826758147512
141,MARICO,2014-10-08,2014-11-07,0.06666666666666667,152.975,152.3,-0.0002941657133518474
142,HDFCBANK,2014-10-08,2014-11-07,0.06666666666666667,430.275,452.5,0.0034435341738810487
143,GILLETTE,2014-10-08,2014-11-07,0.06666666666666667,2804.65,2935.0,0.0030984258285347527
144,DRREDDY,2014-10-08,2014-11-07,0.06666666666666667,623.0,655.0,0.0034242910647405028
145,SHREECEM,2014-10-08,2014-11-07,0.06666666666666667,8406.75,9093.6,0.005446813572426921
146,RELIANCE,2014-10-08,2014-11-07,0.06666666666666667,230.29,247.61,0.005013967895551991
147,DABUR,2014-10-08,2014-11-07,0.06666666666666667,216.0,225.25,0.002854938271604938
148,POWERGRID,2014-10-08,2014-11-07,0.06666666666666667,77.45,80.33,0.0024790187217559674
149,MANDHANA,2014-11-05,2014-12-03,0.06666666666666667,250.0,292.0,0.0112
150,MAHLIFE,2014-11-05,2014-12-03,0.06666666666666667,172.333333333333,166.0,-0.0024500322372661564
151,ITC,2014-11-05,2014-12-03,0.06666666666666667,237.133333333333,244.0,0.0019304657482898497
152,COLPAL,2014-11-05,2014-12-03,0.06666666666666667,851.0,953.5,0.008029768899334117
153,1074.0,2014-11-05,2014-12-03,0.06666666666666667,135.0,128.1,-0.00340740740740741
154,HINDUNILVR,2014-11-05,2014-12-03,0.06666666666666667,739.0,807.4,0.006170500676589984
155,LUPIN,2014-11-05,2014-12-03,0.06666666666666667,1364.0,1480.0,0.005669599217986315
156,HDFCBANK,2014-11-05,2014-12-03,0.06666666666666667,457.525,471.0,0.001963462834453494
157,GILLETTE,2014-11-05,2014-12-03,0.06666666666666667,2821.0,3330.0,0.012028831383670092
158,DRREDDY,2014-11-05,2014-12-03,0.06666666666666667,639.98,715.4,0.007856495515484854
159,BAJAJ-AUTO,2014-11-05,2014-12-03,0.06666666666666667,2594.0,2620.0,0.0006682086867129273
160,SHREECEM,2014-11-05,2014-12-03,0.06666666666666667,9045.1,8905.15,-0.0010314977169959478
161,MARICO,2014-11-05,2014-12-03,0.06666666666666667,154.2,166.625,0.005371811500216175
162,DABUR,2014-11-05,2014-12-03,0.06666666666666667,227.15,243.75,0.0048719641939980905
163,POWERGRID,2014-11-05,2014-12-03,0.06666666666666667,81.8,78.01,-0.0030888345558272145
164,1074.0,2014-12-04,2015-01-02,0.06666666666666667,126.8,125.25,-0.0008149316508937945
165,MAHLIFE,2014-12-04,2015-01-02,0.06666666666666667,169.166666666667,156.383333333333,-0.005037766830870526
166,ITC,2014-12-04,2015-01-02,0.06666666666666667,248.7,244.833333333333,-0.00103650091587374
167,HDFCBANK,2014-12-04,2015-01-02,0.06666666666666667,470.0,475.2,0.0007375886524822678
168,HINDUNILVR,2014-12-04,2015-01-02,0.06666666666666667,816.5,757.0,-0.0048581343131251275
169,LUPIN,2014-12-04,2015-01-02,0.06666666666666667,1475.0,1435.0,-0.001807909604519774
170,BAJAJ-AUTO,2014-12-04,2015-01-02,0.06666666666666667,2609.6,2457.0,-0.0038984263233190247
171,COLPAL,2014-12-04,2015-01-02,0.06666666666666667,952.55,904.05,-0.0033943974944447364
172,DABUR,2014-12-04,2015-01-02,0.06666666666666667,245.95,233.95,-0.003252693636918073
173,DRREDDY,2014-12-04,2015-01-02,0.06666666666666667,704.2,644.0,-0.005699138502319421
174,SHREECEM,2014-12-04,2015-01-02,0.06666666666666667,9069.95,9400.0,0.002425959716793729
175,MANDHANA,2014-12-04,2015-01-02,0.06666666666666667,292.55,308.9,0.0037258588275508376
176,RELIANCE,2014-12-04,2015-01-02,0.06666666666666667,242.03,222.03,-0.005508958944483466
177,GILLETTE,2014-12-04,2015-01-02,0.06666666666666667,3371.35,3270.0,-0.0020041427519144144
178,POWERGRID,2014-12-04,2015-01-02,0.06666666666666667,77.51,77.53,1.720208145185225e-05
179,1074.0,2015-01-05,2015-02-02,0.06666666666666667,127.2,127.25,2.620545073375113e-05
180,HDFCBANK,2015-01-05,2015-02-02,0.06666666666666667,485.0,534.25,0.006769759450171821
181,GLAXO,2015-01-05,2015-02-02,0.06666666666666667,1567.5,1695.55,0.0054460393407761805
182,MAHLIFE,2015-01-05,2015-02-02,0.06666666666666667,158.5,171.333333333333,0.00539782684893081
183,HINDUNILVR,2015-01-05,2015-02-02,0.06666666666666667,759.75,926.35,0.014618843917955468
184,ITC,2015-01-05,2015-02-02,0.06666666666666667,245.8,244.666666666667,-0.0003073863122682433
185,BAJAJ-AUTO,2015-01-05,2015-02-02,0.06666666666666667,2452.0,2390.0,-0.0016856987493202825
186,LUPIN,2015-01-05,2015-02-02,0.06666666666666667,1434.15,1587.0,0.007105253983195617
187,SWANENERGY,2015-01-05,2015-02-02,0.06666666666666667,55.6,55.5,-0.00011990407673861082
188,COLPAL,2015-01-05,2015-02-02,0.06666666666666667,922.9,940.0,0.0012352367537111295
189,RELIANCE,2015-01-05,2015-02-02,0.06666666666666667,221.25,229.01,0.002338229755178905
190,MARICO,2015-01-05,2015-02-02,0.06666666666666667,163.5,180.85,0.007074413863404687
191,SHREECEM,2015-01-05,2015-02-02,0.06666666666666667,9299.5,11100.0,0.012907503987669587
192,POWERGRID,2015-01-05,2015-02-02,0.06666666666666667,78.3,83.24,0.004206045125585354
193,DABUR,2015-01-05,2015-02-02,0.06666666666666667,235.95,257.1,0.005975842339478714
194,1074.0,2015-02-04,2015-03-05,0.06666666666666667,126.5,128.5,0.001054018445322793
195,HDFCBANK,2015-02-04,2015-03-05,0.06666666666666667,531.5,532.5,0.00012543116964565694
196,SWANENERGY,2015-02-04,2015-03-05,0.06666666666666667,55.5,55.5,0.0
197,MAHLIFE,2015-02-04,2015-03-05,0.06666666666666667,173.333333333333,168.283333333333,-0.0019423076923077004
198,LUPIN,2015-02-04,2015-03-05,0.06666666666666667,1558.9,1781.1,0.009502426924968452
199,BAJAJ-AUTO,2015-02-04,2015-03-05,0.06666666666666667,2281.8,2124.0,-0.004610395301954602
200,GLAXO,2015-02-04,2015-03-05,0.06666666666666667,1671.025,1571.0,-0.003990564673379117
201,GILLETTE,2015-02-04,2015-03-05,0.06666666666666667,3309.1,4130.0,0.016538232953572474
202,TECHM,2015-02-04,2015-03-05,0.06666666666666667,585.0,576.0,-0.0010256410256410256
203,ITC,2015-02-04,2015-03-05,0.06666666666666667,245.0,231.333333333333,-0.0037188208616780946
204,COLPAL,2015-02-04,2015-03-05,0.06666666666666667,929.75,990.0,0.0043201577484987
205,DBCORP,2015-02-04,2015-03-05,0.06666666666666667,388.0,399.95,0.0020532646048109946
206,GSKCONS,2015-02-04,2015-03-05,0.06666666666666667,5647.6,5839.0,0.0022593668106806386
207,DABUR,2015-02-04,2015-03-05,0.06666666666666667,267.0,263.55,-0.0008614232209737799
208,POWERGRID,2015-02-04,2015-03-05,0.06666666666666667,83.39,87.06,0.002934004876683856
209,1074.0,2015-03-09,2015-04-06,0.06666666666666667,128.25,136.95,0.004522417153996095
210,SWANENERGY,2015-03-09,2015-04-06,0.06666666666666667,55.25,62.3,0.00850678733031674
211,HDFCBANK,2015-03-09,2015-04-06,0.06666666666666667,538.525,517.5,-0.002602788480881417
212,GLAXO,2015-03-09,2015-04-06,0.06666666666666667,1637.5,1670.0,0.0013231552162849872
213,BAJAJ-AUTO,2015-03-09,2015-04-06,0.06666666666666667,2110.0,2030.0,-0.002527646129541864
214,LUPIN,2015-03-09,2015-04-06,0.06666666666666667,1836.7,2039.65,0.007366472477813471
215,TECHM,2015-03-09,2015-04-06,0.06666666666666667,572.4,635.1,0.007302585604472403
216,GSKCONS,2015-03-09,2015-04-06,0.06666666666666667,5896.0,6231.1,0.003789009497964726
217,MAHLIFE,2015-03-09,2015-04-06,0.06666666666666667,168.0,159.066666666667,-0.0035449735449734113
218,DBCORP,2015-03-09,2015-04-06,0.06666666666666667,393.25,369.65,-0.004000847637211277
219,COLPAL,2015-03-09,2015-04-06,0.06666666666666667,1030.325,1004.5,-0.001670993780279688
220,DIVISLAB,2015-03-09,2015-04-06,0.06666666666666667,887.0,902.95,0.001198797444569714
221,WIPRO,2015-03-09,2015-04-06,0.06666666666666667,125.38,118.22,-0.003807093103631625
222,DABUR,2015-03-09,2015-04-06,0.06666666666666667,266.0,267.0,0.0002506265664160401
223,POWERGRID,2015-03-09,2015-04-06,0.06666666666666667,86.66,82.76,-0.003000230786983608
224,1074.0,2015-04-07,2015-05-06,0.06666666666666667,137.35,135.6,-0.0008494114791894188
225,GLAXO,2015-04-07,2015-05-06,0.06666666666666667,1693.0,1617.5,-0.002973026186257137
226,HDFCBANK,2015-04-07,2015-05-06,0.06666666666666667,516.625,493.75,-0.0029518509557222355
227,SWANENERGY,2015-04-07,2015-05-06,0.06666666666666667,63.2,60.8,-0.002531645569620259
228,BAJAJ-AUTO,2015-04-07,2015-05-06,0.06666666666666667,2039.95,2056.9,0.0005539351454692532
229,LUPIN,2015-04-07,2015-05-06,0.06666666666666667,2100.0,1808.0,-0.009269841269841268
230,MARUTI,2015-04-07,2015-05-06,0.06666666666666667,3640.0,3788.0,0.0027106227106227106
231,GSKCONS,2015-04-07,2015-05-06,0.06666666666666667,6275.7,6370.0,0.001001747481024695
232,MAHLIFE,2015-04-07,2015-05-06,0.06666666666666667,166.583333333333,153.8,-0.005115891278972692
233,POWERGRID,2015-04-07,2015-05-06,0.06666666666666667,83.22,80.7,-0.0020187454938716625
234,TCS,2015-04-07,2015-05-06,0.06666666666666667,1281.225,1257.5,-0.0012344956324350997
235,RELIANCE,2015-04-07,2015-05-06,0.06666666666666667,206.51,222.5,0.005161977628202027
236,DIVISLAB,2015-04-07,2015-05-06,0.06666666666666667,947.45,874.0,-0.005168258659208053
237,WIPRO,2015-04-07,2015-05-06,0.06666666666666667,117.18,102.21,-0.0085168117426182
238,COLPAL,2015-04-07,2015-05-06,0.06666666666666667,1024.5,1035.5,0.0007157963234097933
239,1074.0,2015-05-06,2015-06-04,0.06666666666666667,135.6,132.8,-0.0013765978367748196
240,HDFCBANK,2015-05-06,2015-06-04,0.06666666666666667,493.75,504.425,0.0014413502109704658
241,SWANENERGY,2015-05-06,2015-06-04,0.06666666666666667,60.8,62.75,0.0021381578947368453
242,GLAXO,2015-05-06,2015-06-04,0.06666666666666667,1617.5,1606.325,-0.00046058732612055454
243,BAJAJ-AUTO,2015-05-06,2015-06-04,0.06666666666666667,2056.9,2244.8,0.006090070818545711
244,MAHLIFE,2015-05-06,2015-06-04,0.06666666666666667,153.8,148.45,-0.002319029042045957
245,MARUTI,2015-05-06,2015-06-04,0.06666666666666667,3788.0,3799.0,0.00019359380499824004
246,GSKCONS,2015-05-06,2015-06-04,0.06666666666666667,6370.0,6383.45,0.00014076399790685315
247,WIPRO,2015-05-06,2015-06-04,0.06666666666666667,102.21,102.82,0.00039787365880703093
248,LUPIN,2015-05-06,2015-06-04,0.06666666666666667,1808.0,1804.0,-0.00014749262536873156
249,POWERGRID,2015-05-06,2015-06-04,0.06666666666666667,80.7,80.84,0.00011565468814539492
250,TCS,2015-05-06,2015-06-04,0.06666666666666667,1257.5,1308.55,0.002706428098078195
251,DIVISLAB,2015-05-06,2015-06-04,0.06666666666666667,874.0,885.55,0.0008810068649885548
252,RELIANCE,2015-05-06,2015-06-04,0.06666666666666667,222.5,226.05,0.0010636704119850221
253,COLPAL,2015-05-06,2015-06-04,0.06666666666666667,1035.5,963.5,-0.004635441815548045
254,1074.0,2015-06-05,2015-07-06,0.06666666666666667,134.0,134.85,0.0004228855721393007
255,HDFCBANK,2015-06-05,2015-07-06,0.06666666666666667,505.125,532.025,0.0035502763342406965
256,GLAXO,2015-06-05,2015-07-06,0.06666666666666667,1583.075,1650.0,0.00281835457364096
257,GSKCONS,2015-06-05,2015-07-06,0.06666666666666667,6372.2,6270.0,-0.0010692277915528893
258,MARUTI,2015-06-05,2015-07-06,0.06666666666666667,3769.0,3984.9,0.0038188732643495197
259,SWANENERGY,2015-06-05,2015-07-06,0.06666666666666667,60.7,63.3,0.0028555738605161936
260,MAHLIFE,2015-06-05,2015-07-06,0.06666666666666667,149.666666666667,141.0,-0.0038604305864886326
261,POWERGRID,2015-06-05,2015-07-06,0.06666666666666667,81.41,79.43,-0.0016214224296769355
262,WIPRO,2015-06-05,2015-07-06,0.06666666666666667,104.19,102.36,-0.0011709377099529694
263,BAJAJ-AUTO,2015-06-05,2015-07-06,0.06666666666666667,2203.7,2572.0,0.011141867465323477
264,TCS,2015-06-05,2015-07-06,0.06666666666666667,1296.0,1290.15,-0.00030092592592592123
265,KARURVYSYA,2015-06-05,2015-07-06,0.06666666666666667,93.94,97.58,0.00258320914058619
266,MOIL,2015-06-05,2015-07-06,0.06666666666666667,121.0,122.5,0.0008264462809917356
267,RELIANCE,2015-06-05,2015-07-06,0.06666666666666667,227.47,249.03,0.006318781963921984
268,INFY,2015-06-05,2015-07-06,0.06666666666666667,507.5,492.5,-0.0019704433497536944
269,1074.0,2015-07-07,2015-08-05,0.06666666666666667,134.55,133.5,-0.0005202526941657432
270,HDFCBANK,2015-07-07,2015-08-05,0.06666666666666667,539.25,546.075,0.0008437644877144237
271,GLAXO,2015-07-07,2015-08-05,0.06666666666666667,1679.875,1847.5,0.00665228067564551
272,MARUTI,2015-07-07,2015-08-05,0.06666666666666667,3989.0,4457.0,0.007821509150162947
273,POWERGRID,2015-07-07,2015-08-05,0.06666666666666667,79.71,79.71,0.0
274,SWANENERGY,2015-07-07,2015-08-05,0.06666666666666667,64.2,61.85,-0.0024402907580477686
275,GSKCONS,2015-07-07,2015-08-05,0.06666666666666667,6304.9,6235.0,-0.0007391076781550818
276,PGHH,2015-07-07,2015-08-05,0.06666666666666667,6630.0,6348.95,-0.0028260432378079455
277,TCS,2015-07-07,2015-08-05,0.06666666666666667,1316.375,1260.0,-0.002855062830373817
278,WIPRO,2015-07-07,2015-08-05,0.06666666666666667,104.04,105.5,0.0009355376137383017
279,BAJAJ-AUTO,2015-07-07,2015-08-05,0.06666666666666667,2602.0,2506.0,-0.0024596464258262877
280,GRASIM,2015-07-07,2015-08-05,0.06666666666666667,712.4,753.0,0.0037993636533782543
281,DIVISLAB,2015-07-07,2015-08-05,0.06666666666666667,948.0,990.475,0.0029869901547116755
282,KARURVYSYA,2015-07-07,2015-08-05,0.06666666666666667,99.67,98.0,-0.0011170194976756643
283,INFY,2015-07-07,2015-08-05,0.06666666666666667,492.5,531.0,0.00521150592216582
284,1074.0,2015-08-05,2015-09-03,0.06666666666666667,133.5,132.75,-0.0003745318352059925
285,HDFCBANK,2015-08-05,2015-09-03,0.06666666666666667,546.075,501.15,-0.005484594606967915
286,POWERGRID,2015-08-05,2015-09-03,0.06666666666666667,79.71,70.89,-0.007376740684983058
287,SWANENERGY,2015-08-05,2015-09-03,0.06666666666666667,61.85,60.45,-0.0015090272163837226
288,MARUTI,2015-08-05,2015-09-03,0.06666666666666667,4457.0,4059.0,-0.005953182260115175
289,GLAXO,2015-08-05,2015-09-03,0.06666666666666667,1847.5,1694.95,-0.005504736129905275
290,MOIL,2015-08-05,2015-09-03,0.06666666666666667,118.0,102.2,-0.008926553672316383
291,GSKCONS,2015-08-05,2015-09-03,0.06666666666666667,6235.0,6187.0,-0.0005132317562149158
292,TCS,2015-08-05,2015-09-03,0.06666666666666667,1260.0,1298.05,0.0020132275132275106
293,WIPRO,2015-08-05,2015-09-03,0.06666666666666667,105.5,105.08,-0.0002654028436018968
294,PGHH,2015-08-05,2015-09-03,0.06666666666666667,6348.95,6125.95,-0.0023415945418796286
295,ICRA,2015-08-05,2015-09-03,0.06666666666666667,4326.0,3849.9,-0.007337031900138695
296,KARURVYSYA,2015-08-05,2015-09-03,0.06666666666666667,98.0,90.4,-0.00517006802721088
297,GRASIM,2015-08-05,2015-09-03,0.06666666666666667,753.0,683.56,-0.006147853032315189
298,COLPAL,2015-08-05,2015-09-03,0.06666666666666667,995.0,967.5,-0.0018425460636515912
299,1074.0,2015-09-04,2015-10-05,0.06666666666666667,134.55,134.5,-2.477393781742171e-05
300,HDFCBANK,2015-09-04,2015-10-05,0.06666666666666667,501.1,538.6,0.004989024146876871
301,SWANENERGY,2015-09-04,2015-10-05,0.06666666666666667,60.5,73.95,0.01482093663911846
302,POWERGRID,2015-09-04,2015-10-05,0.06666666666666667,71.74,74.06,0.002155933463432773
303,MARUTI,2015-09-04,2015-10-05,0.06666666666666667,4137.0,4570.0,0.006977681089356216
304,MOIL,2015-09-04,2015-10-05,0.06666666666666667,100.0,100.975,0.0006499999999999962
305,PGHH,2015-09-04,2015-10-05,0.06666666666666667,6230.0,6240.0,0.00010700909577314071
306,GLAXO,2015-09-04,2015-10-05,0.06666666666666667,1694.0,1685.9,-0.00031877213695395153
307,TCS,2015-09-04,2015-10-05,0.06666666666666667,1305.7,1326.35,0.001054351433458419
308,GRASIM,2015-09-04,2015-10-05,0.06666666666666667,680.4,711.61,0.0030580050950421355
309,GSKCONS,2015-09-04,2015-10-05,0.06666666666666667,6198.85,6077.0,-0.0013104581226087673
310,MPHASIS,2015-09-04,2015-10-05,0.06666666666666667,424.5,405.35,-0.0030074597565763607
311,KARURVYSYA,2015-09-04,2015-10-05,0.06666666666666667,91.2,89.8,-0.0010233918128655013
312,COLPAL,2015-09-04,2015-10-05,0.06666666666666667,950.0,974.9,0.0017473684210526298
313,WIPRO,2015-09-04,2015-10-05,0.06666666666666667,106.77,112.86,0.003802566263931818
314,1074.0,2015-10-08,2015-11-06,0.06666666666666667,136.45,135.65,-0.0003908635641871176
315,HDFCBANK,2015-10-08,2015-11-06,0.06666666666666667,544.05,540.35,-0.00045338970070152036
316,GLAXO,2015-10-08,2015-11-06,0.06666666666666667,1711.975,1604.5,-0.004185224667416285
317,KARURVYSYA,2015-10-08,2015-11-06,0.06666666666666667,90.49,84.77,-0.00421409363833941
318,PGHH,2015-10-08,2015-11-06,0.06666666666666667,6230.0,6150.0,-0.0008560727661851257
319,POWERGRID,2015-10-08,2015-11-06,0.06666666666666667,75.13,74.85,-0.0002484582279604252
320,SWANENERGY,2015-10-08,2015-11-06,0.06666666666666667,74.9,70.4,-0.004005340453938584
321,GSKCONS,2015-10-08,2015-11-06,0.06666666666666667,6089.95,5899.55,-0.002084308300287081
322,MARUTI,2015-10-08,2015-11-06,0.06666666666666667,4380.0,4532.95,0.0023280060882800583
323,MOIL,2015-10-08,2015-11-06,0.06666666666666667,99.45,106.0,0.004390816155522036
324,TCS,2015-10-08,2015-11-06,0.06666666666666667,1335.0,1246.0,-0.0044444444444444444
325,OFSS,2015-10-08,2015-11-06,0.06666666666666667,4025.0,3919.9,-0.0017407867494824002
326,GRASIM,2015-10-08,2015-11-06,0.06666666666666667,728.98,739.2,0.0009346392676525215
327,MPHASIS,2015-10-08,2015-11-06,0.06666666666666667,409.95,481.05,0.011562385656787416
328,COLPAL,2015-10-08,2015-11-06,0.06666666666666667,950.0,943.0,-0.0004912280701754386
329,1074.0,2015-11-10,2015-12-09,0.06666666666666667,135.0,133.85,-0.000567901234567904
330,HDFCBANK,2015-11-10,2015-12-09,0.06666666666666667,530.025,523.55,-0.0008144269924374666
331,GSKCONS,2015-11-10,2015-12-09,0.06666666666666667,5878.8,6150.55,0.003081694676918192
332,GLAXO,2015-11-10,2015-12-09,0.06666666666666667,1614.475,1649.0,0.0014256440432132257
333,TCS,2015-11-10,2015-12-09,0.06666666666666667,1236.475,1168.95,-0.003640725988529212
334,PGHH,2015-11-10,2015-12-09,0.06666666666666667,5887.0,5669.95,-0.0024579582130117225
335,POWERGRID,2015-11-10,2015-12-09,0.06666666666666667,73.04,73.32,0.00025556772544723153
336,SWANENERGY,2015-11-10,2015-12-09,0.06666666666666667,70.4,70.6,0.0001893939393939286
337,KARURVYSYA,2015-11-10,2015-12-09,0.06666666666666667,83.8,88.2,0.0035003977724741495
338,GRASIM,2015-11-10,2015-12-09,0.06666666666666667,725.99,746.22,0.0018576931730005478
339,MARUTI,2015-11-10,2015-12-09,0.06666666666666667,4649.5,4538.8,-0.0015872674481126976
340,OFSS,2015-11-10,2015-12-09,0.06666666666666667,4000.0,3775.45,-0.0037425000000000028
341,MOIL,2015-11-10,2015-12-09,0.06666666666666667,104.9,101.075,-0.0024308865586272657
342,WIPRO,2015-11-10,2015-12-09,0.06666666666666667,105.44,106.02,0.000366717248356094
343,ICRA,2015-11-10,2015-12-09,0.06666666666666667,3940.4,4230.0,0.0048996717761310175
344,1074.0,2015-12-09,2016-01-07,0.06666666666666667,133.85,135.5,0.0008218154650728456
345,HDFCBANK,2015-12-09,2016-01-07,0.06666666666666667,523.55,530.05,0.0008276828064813931
346,GLAXO,2015-12-09,2016-01-07,0.06666666666666667,1649.0,1633.5,-0.000626642409541136
347,PGHH,2015-12-09,2016-01-07,0.06666666666666667,5669.95,5650.0,-0.00023456996975281755
348,POWERGRID,2015-12-09,2016-01-07,0.06666666666666667,73.32,78.86,0.005037279505364618
349,KARURVYSYA,2015-12-09,2016-01-07,0.06666666666666667,88.2,96.22,0.00606198034769463
350,TCS,2015-12-09,2016-01-07,0.06666666666666667,1168.95,1185.0,0.0009153513837204302
351,GSKCONS,2015-12-09,2016-01-07,0.06666666666666667,6150.55,6570.0,0.004546476873341948
352,GRASIM,2015-12-09,2016-01-07,0.06666666666666667,746.22,726.2,-0.0017885699480939472
353,OFSS,2015-12-09,2016-01-07,0.06666666666666667,3775.45,3710.0,-0.0011557121226167268
354,MARUTI,2015-12-09,2016-01-07,0.06666666666666667,4538.8,4449.7,-0.0013087159601656879
355,SWANENERGY,2015-12-09,2016-01-07,0.06666666666666667,70.6,67.75,-0.0026912181303116096
356,COLPAL,2015-12-09,2016-01-07,0.06666666666666667,984.7,946.6,-0.00257946582715548
357,MOIL,2015-12-09,2016-01-07,0.06666666666666667,101.075,109.9,0.005820760161596176
358,WIPRO,2015-12-09,2016-01-07,0.06666666666666667,106.02,103.95,-0.0013016411997736233
359,1074.0,2016-01-08,2016-02-08,0.06666666666666667,134.8,134.65,-7.41839762611304e-05
360,GLAXO,2016-01-08,2016-02-08,0.06666666666666667,1612.5,1645.0,0.0013436692506459947
361,HDFCBANK,2016-01-08,2016-02-08,0.06666666666666667,530.975,527.5,-0.00043630428300139965
362,TCS,2016-01-08,2016-02-08,0.06666666666666667,1192.5,1200.0,0.0004192872117400419
363,KARURVYSYA,2016-01-08,2016-02-08,0.06666666666666667,95.8,91.96,-0.0026722338204592925
364,PGHH,2016-01-08,2016-02-08,0.06666666666666667,5647.95,5965.0,0.0037423607975755236
365,POWERGRID,2016-01-08,2016-02-08,0.06666666666666667,79.15,82.0,0.0024005053695514795
366,GRASIM,2016-01-08,2016-02-08,0.06666666666666667,714.02,695.8,-0.0017011661671475148
367,GSKCONS,2016-01-08,2016-02-08,0.06666666666666667,6585.0,5750.8,-0.008445456846368006
368,OFSS,2016-01-08,2016-02-08,0.06666666666666667,3699.0,3668.0,-0.0005587095611426511
369,COLPAL,2016-01-08,2016-02-08,0.06666666666666667,929.9,857.9,-0.005161845359716098
370,CUB,2016-01-08,2016-02-08,0.06666666666666667,89.05,81.4,-0.005727119595732728
371,SWANENERGY,2016-01-08,2016-02-08,0.06666666666666667,67.5,65.45,-0.0020246913580246884
372,WIPRO,2016-01-08,2016-02-08,0.06666666666666667,103.78,104.9,0.0007194706751461453
373,MARUTI,2016-01-08,2016-02-08,0.06666666666666667,4286.3,3749.0,-0.008356857896087538
374,1074.0,2016-02-09,2016-03-09,0.06666666666666667,134.85,141.3,0.0031887282165369013
375,HDFCBANK,2016-02-09,2016-03-09,0.06666666666666667,513.35,506.5,-0.0008895815070939284
376,GLAXO,2016-02-09,2016-03-09,0.06666666666666667,1630.325,1604.9,-0.0010396700044469642
377,TCS,2016-02-09,2016-03-09,0.06666666666666667,1166.8,1170.5,0.0002114044109244684
378,GRASIM,2016-02-09,2016-03-09,0.06666666666666667,683.97,706.0,0.002147267667685227
379,POWERGRID,2016-02-09,2016-03-09,0.06666666666666667,80.16,77.39,-0.0023037258815701896
380,KARURVYSYA,2016-02-09,2016-03-09,0.06666666666666667,90.0,80.34,-0.007155555555555553
381,WIPRO,2016-02-09,2016-03-09,0.06666666666666667,101.48,101.88,0.0002627775587964732
382,PGHH,2016-02-09,2016-03-09,0.06666666666666667,5840.0,6273.95,0.0049537671232876695
383,OFSS,2016-02-09,2016-03-09,0.06666666666666667,3590.0,3435.1,-0.0028765088207985162
384,SWANENERGY,2016-02-09,2016-03-09,0.06666666666666667,65.2,63.7,-0.0015337423312883436
385,COLPAL,2016-02-09,2016-03-09,0.06666666666666667,845.0,821.4,-0.0018619329388560176
386,CUB,2016-02-09,2016-03-09,0.06666666666666667,84.4,87.05,0.002093206951026849
387,GSKCONS,2016-02-09,2016-03-09,0.06666666666666667,5851.0,5600.0,-0.0028599099868968267
388,MOIL,2016-02-09,2016-03-09,0.06666666666666667,100.0,101.275,0.0008500000000000039
389,1074.0,2016-03-09,2016-04-07,0.06666666666666667,141.3,144.5,0.0015097900448218864
390,HDFCBANK,2016-03-09,2016-04-07,0.06666666666666667,506.5,532.0,0.0033563672260612043
391,GLAXO,2016-03-09,2016-04-07,0.06666666666666667,1604.9,1839.875,0.009760732755934944
392,GRASIM,2016-03-09,2016-04-07,0.06666666666666667,706.0,786.99,0.007647780925401322
393,TCS,2016-03-09,2016-04-07,0.06666666666666667,1170.5,1240.0,0.003958422326641036
394,PGHH,2016-03-09,2016-04-07,0.06666666666666667,6273.95,6351.05,0.0008192605934060719
395,COLPAL,2016-03-09,2016-04-07,0.06666666666666667,821.4,822.15,6.087168249330412e-05
396,KARURVYSYA,2016-03-09,2016-04-07,0.06666666666666667,80.34,91.26,0.009061488673139158
397,WIPRO,2016-03-09,2016-04-07,0.06666666666666667,101.88,104.89,0.0019696374820049765
398,POWERGRID,2016-03-09,2016-04-07,0.06666666666666667,77.39,79.51,0.0018262480079252312
399,TATAINVEST,2016-03-09,2016-04-07,0.06666666666666667,500.1,486.9,-0.0017596480703859288
400,SWANENERGY,2016-03-09,2016-04-07,0.06666666666666667,63.7,60.75,-0.003087388801674519
401,DBCORP,2016-03-09,2016-04-07,0.06666666666666667,324.95,309.9,-0.003087654510950405
402,CUB,2016-03-09,2016-04-07,0.06666666666666667,87.05,96.15,0.00696917480375264
403,ACC,2016-03-09,2016-04-07,0.06666666666666667,1237.3,1425.0,0.010113419003744715
404,1074.0,2016-04-08,2016-05-09,0.06666666666666667,144.4,147.6,0.001477377654662968
405,HDFCBANK,2016-04-08,2016-05-09,0.06666666666666667,527.5,560.0,0.0041074249605055286
406,GLAXO,2016-04-08,2016-05-09,0.06666666666666667,1827.525,1791.0,-0.0013324031135005024
407,GRASIM,2016-04-08,2016-05-09,0.06666666666666667,780.3,827.0,0.00398991840745013
408,TCS,2016-04-08,2016-05-09,0.06666666666666667,1233.0,1236.7,0.00020005406866720982
409,SWANENERGY,2016-04-08,2016-05-09,0.06666666666666667,60.7,59.75,-0.001043382756727076
410,WIPRO,2016-04-08,2016-05-09,0.06666666666666667,103.01,100.18,-0.0018315373911917923
411,COLPAL,2016-04-08,2016-05-09,0.06666666666666667,820.5,854.0,0.002721917529961406
412,PGHH,2016-04-08,2016-05-09,0.06666666666666667,6301.0,6243.65,-0.0006067819922763621
413,DBCORP,2016-04-08,2016-05-09,0.06666666666666667,303.5,327.0,0.005161998901702361
414,POWERGRID,2016-04-08,2016-05-09,0.06666666666666667,79.29,80.56,0.0010678101484003833
415,VGUARD,2016-04-08,2016-05-09,0.06666666666666667,65.5678571428571,87.0642857142857,0.021856673384534436
416,BALKRISIND,2016-04-08,2016-05-09,0.06666666666666667,309.225,323.0,0.002969790066564255
417,SKFINDIA,2016-04-08,2016-05-09,0.06666666666666667,1315.0,1247.7,-0.0034119138149556376
418,HINDUNILVR,2016-04-08,2016-05-09,0.06666666666666667,861.0,851.0,-0.0007742934572202865
419,1074.0,2016-05-10,2016-06-08,0.06666666666666667,149.0,155.85,0.0030648769574944047
420,HDFCBANK,2016-05-10,2016-06-08,0.06666666666666667,571.75,587.9,0.0018831074187436207
421,GLAXO,2016-05-10,2016-06-08,0.06666666666666667,1796.025,1757.5,-0.001430009790138411
422,SWANENERGY,2016-05-10,2016-06-08,0.06666666666666667,58.6,58.4,-0.0002275312855517666
423,GRASIM,2016-05-10,2016-06-08,0.06666666666666667,826.83,868.0,0.003319505420300018
424,TCS,2016-05-10,2016-06-08,0.06666666666666667,1257.5,1308.625,0.0027104042412193505
425,COLPAL,2016-05-10,2016-06-08,0.06666666666666667,846.55,854.5,0.0006260705215285607
426,PGHH,2016-05-10,2016-06-08,0.06666666666666667,6305.05,6240.8,-0.0006793496218639556
427,DBCORP,2016-05-10,2016-06-08,0.06666666666666667,323.05,379.95,0.011742248361966667
428,WIPRO,2016-05-10,2016-06-08,0.06666666666666667,101.27,101.69,0.0002764885948454637
429,BALKRISIND,2016-05-10,2016-06-08,0.06666666666666667,329.95,337.025,0.0014295095216446914
430,ACC,2016-05-10,2016-06-08,0.06666666666666667,1438.0,1545.0,0.004960593416782568
431,HINDUNILVR,2016-05-10,2016-06-08,0.06666666666666667,848.8,895.0,0.003628652214891616
432,PGHL,2016-05-10,2016-06-08,0.06666666666666667,667.25,730.05,0.006274509803921564
433,POWERGRID,2016-05-10,2016-06-08,0.06666666666666667,80.93,84.8,0.0031879401952304375
434,1074.0,2016-06-08,2016-07-07,0.06666666666666667,155.85,157.8,0.0008341353865896769
435,HDFCBANK,2016-06-08,2016-07-07,0.06666666666666667,587.9,583.95,-0.0004479219821965109
436,SWANENERGY,2016-06-08,2016-07-07,0.06666666666666667,58.4,69.5,0.01267123287671233
437,GLAXO,2016-06-08,2016-07-07,0.06666666666666667,1757.5,1735.0,-0.0008534850640113798
438,GRASIM,2016-06-08,2016-07-07,0.06666666666666667,868.0,908.98,0.0031474654377880197
439,COLPAL,2016-06-08,2016-07-07,0.06666666666666667,854.5,943.4,0.006935829920031205
440,TCS,2016-06-08,2016-07-07,0.06666666666666667,1308.625,1243.85,-0.003299901295889456
441,PGHH,2016-06-08,2016-07-07,0.06666666666666667,6240.8,6324.95,0.0008989232149724355
442,ACC,2016-06-08,2016-07-07,0.06666666666666667,1545.0,1585.7,0.0017562028047464961
443,HONAUT,2016-06-08,2016-07-07,0.06666666666666667,8994.0,9610.1,0.004566748202505377
444,WIPRO,2016-06-08,2016-07-07,0.06666666666666667,101.69,106.58,0.003205821614711378
445,HINDUNILVR,2016-06-08,2016-07-07,0.06666666666666667,895.0,890.0,-0.00037243947858472997
446,SKFINDIA,2016-06-08,2016-07-07,0.06666666666666667,1230.75,1368.0,0.007434491163924436
447,POWERGRID,2016-06-08,2016-07-07,0.06666666666666667,84.8,91.02,0.004889937106918238
448,BALKRISIND,2016-06-08,2016-07-07,0.06666666666666667,337.025,336.85,-3.461662092326574e-05
449,1074.0,2016-07-08,2016-08-08,0.06666666666666667,159.05,161.8,0.0011526773551294141
450,SWANENERGY,2016-07-08,2016-08-08,0.06666666666666667,67.3,62.15,-0.005101535413571073
451,HDFCBANK,2016-07-08,2016-08-08,0.06666666666666667,592.55,626.45,0.0038140241329845687
452,GLAXO,2016-07-08,2016-08-08,0.06666666666666667,1759.65,1576.0,-0.006957823051932679
453,GRASIM,2016-07-08,2016-08-08,0.06666666666666667,908.4,1056.0,0.010832232496697493
454,HONAUT,2016-07-08,2016-08-08,0.06666666666666667,9560.0,9890.0,0.002301255230125523
455,PGHH,2016-07-08,2016-08-08,0.06666666666666667,6340.0,6429.95,0.0009458464773922168
456,COLPAL,2016-07-08,2016-08-08,0.06666666666666667,946.9,962.0,0.0010631182455028707
457,WIPRO,2016-07-08,2016-08-08,0.06666666666666667,105.19,102.68,-0.0015907722533827619
458,ACC,2016-07-08,2016-08-08,0.06666666666666667,1610.0,1725.9,0.004799171842650107
459,TCS,2016-07-08,2016-08-08,0.06666666666666667,1217.5,1320.0,0.0056125941136208075
460,BALKRISIND,2016-07-08,2016-08-08,0.06666666666666667,336.5,374.425,0.007513620604259537
461,HINDUNILVR,2016-07-08,2016-08-08,0.06666666666666667,919.0,926.55,0.0005476967718534606
462,KARURVYSYA,2016-07-08,2016-08-08,0.06666666666666667,107.0,98.0,-0.005607476635514018
463,POWERGRID,2016-07-08,2016-08-08,0.06666666666666667,92.43,100.06,0.005503263731111829
464,1074.0,2016-08-09,2016-09-07,0.06666666666666667,162.5,161.35,-0.00047179487179487413
465,HDFCBANK,2016-08-09,2016-09-07,0.06666666666666667,626.45,650.5,0.002559395535690526
466,GLAXO,2016-08-09,2016-09-07,0.06666666666666667,1560.5,1512.4,-0.0020548969347431337
467,SWANENERGY,2016-08-09,2016-09-07,0.06666666666666667,62.9,64.6,0.0018018018018017973
468,GRASIM,2016-08-09,2016-09-07,0.06666666666666667,1057.2,937.59,-0.007542565266742339
469,HONAUT,2016-08-09,2016-09-07,0.06666666666666667,9900.0,9800.0,-0.0006734006734006734
470,WIPRO,2016-08-09,2016-09-07,0.06666666666666667,102.95,91.69,-0.007291565484863206
471,PGHH,2016-08-09,2016-09-07,0.06666666666666667,6702.5,6654.0,-0.00048240706204152683
472,ACC,2016-08-09,2016-09-07,0.06666666666666667,1715.0,1701.0,-0.0005442176870748299
473,COLPAL,2016-08-09,2016-09-07,0.06666666666666667,1014.9,976.35,-0.002532269189082665
474,TCS,2016-08-09,2016-09-07,0.06666666666666667,1329.0,1249.85,-0.003970403812390273
475,HINDUNILVR,2016-08-09,2016-09-07,0.06666666666666667,929.5,937.0,0.0005379236148466917
476,PIDILITIND,2016-08-09,2016-09-07,0.06666666666666667,730.0,722.95,-0.000643835616438352
477,PGHL,2016-08-09,2016-09-07,0.06666666666666667,719.0,734.95,0.0014789058878071438
478,SKFINDIA,2016-08-09,2016-09-07,0.06666666666666667,1418.85,1400.95,-0.0008410567243424776
479,1074.0,2016-09-07,2016-10-06,0.06666666666666667,161.35,175.05,0.005660572254932349
480,VIDEOIND,2016-09-07,2016-10-06,0.06666666666666667,104.6,105.15,0.0003505417463352526
481,HDFCBANK,2016-09-07,2016-10-06,0.06666666666666667,650.5,643.55,-0.0007122726108122004
482,GLAXO,2016-09-07,2016-10-06,0.06666666666666667,1512.4,1448.975,-0.0027957771312703945
483,HONAUT,2016-09-07,2016-10-06,0.06666666666666667,9800.0,9141.0,-0.004482993197278911
484,SWANENERGY,2016-09-07,2016-10-06,0.06666666666666667,64.6,103.3,0.03993808049535604
485,GILLETTE,2016-09-07,2016-10-06,0.06666666666666667,4513.1,4390.0,-0.0018184101098284305
486,WIPRO,2016-09-07,2016-10-06,0.06666666666666667,91.69,90.23,-0.0010615479696077317
487,PGHL,2016-09-07,2016-10-06,0.06666666666666667,734.95,710.45,-0.0022223734040864454
488,GRASIM,2016-09-07,2016-10-06,0.06666666666666667,937.59,994.0,0.004010992722476418
489,SKFINDIA,2016-09-07,2016-10-06,0.06666666666666667,1400.95,1408.0,0.00033548663406973624
490,ACC,2016-09-07,2016-10-06,0.06666666666666667,1701.0,1642.0,-0.0023123652753282383
491,TCS,2016-09-07,2016-10-06,0.06666666666666667,1249.85,1197.5,-0.0027923350802096206
492,HINDUNILVR,2016-09-07,2016-10-06,0.06666666666666667,937.0,874.0,-0.00448239060832444
493,PGHH,2016-09-07,2016-10-06,0.06666666666666667,6654.0,7156.0,0.005029556156697726
494,VIDEOIND,2016-10-07,2016-11-07,0.06666666666666667,105.35,104.0,-0.0008542952064546713
495,1074.0,2016-10-07,2016-11-07,0.06666666666666667,171.95,165.6,-0.002461955994959773
496,HDFCBANK,2016-10-07,2016-11-07,0.06666666666666667,642.0,626.0,-0.0016614745586708203
497,HONAUT,2016-10-07,2016-11-07,0.06666666666666667,9202.0,8873.0,-0.0023835398101861916
498,GLAXO,2016-10-07,2016-11-07,0.06666666666666667,1459.45,1405.0,-0.002487238343211486
499,GILLETTE,2016-10-07,2016-11-07,0.06666666666666667,4380.0,4332.6,-0.0007214611872146063
500,WIPRO,2016-10-07,2016-11-07,0.06666666666666667,89.85,85.53,-0.0032053422370617647
501,PGHL,2016-10-07,2016-11-07,0.06666666666666667,716.8,799.0,0.007645089285714291
502,SKFINDIA,2016-10-07,2016-11-07,0.06666666666666667,1428.7,1469.0,0.0018804974218986934
503,COLPAL,2016-10-07,2016-11-07,0.06666666666666667,976.0,987.0,0.0007513661202185792
504,HINDUNILVR,2016-10-07,2016-11-07,0.06666666666666667,889.7,850.0,-0.002974785508223749
505,PFIZER,2016-10-07,2016-11-07,0.06666666666666667,1934.3,1802.0,-0.004559789070981749
506,KOTAKBANK,2016-10-07,2016-11-07,0.06666666666666667,782.6,807.6,0.00212965329244399
507,PGHH,2016-10-07,2016-11-07,0.06666666666666667,6950.8,7100.0,0.0014310103393374365
508,GRASIM,2016-10-07,2016-11-07,0.06666666666666667,1015.0,910.0,-0.006896551724137931
509,VIDEOIND,2016-11-08,2016-12-07,0.06666666666666667,104.0,104.2,0.00012820512820513002
510,1074.0,2016-11-08,2016-12-07,0.06666666666666667,166.0,159.8,-0.002489959839357425
511,HDFCBANK,2016-11-08,2016-12-07,0.06666666666666667,625.55,600.925,-0.0026243572323022407
512,GLAXO,2016-11-08,2016-12-07,0.06666666666666667,1405.975,1385.5,-0.0009708565230533929
513,HONAUT,2016-11-08,2016-12-07,0.06666666666666667,8773.65,8411.2,-0.0027540799249267138
514,GILLETTE,2016-11-08,2016-12-07,0.06666666666666667,4258.0,4375.0,0.0018318459370596524
515,WIPRO,2016-11-08,2016-12-07,0.06666666666666667,85.15,86.17,0.0007985907222548412
516,PFIZER,2016-11-08,2016-12-07,0.06666666666666667,1810.0,1879.95,0.002576427255985269
517,PGHH,2016-11-08,2016-12-07,0.06666666666666667,6959.65,6723.95,-0.002257776372853997
518,SCHAEFFLER,2016-11-08,2016-12-07,0.06666666666666667,875.97,806.99,-0.005249799270142434
519,OFSS,2016-11-08,2016-12-07,0.06666666666666667,3198.0,3049.0,-0.0031061079841567646
520,KOTAKBANK,2016-11-08,2016-12-07,0.06666666666666667,802.8,735.55,-0.005584620494934397
521,COLPAL,2016-11-08,2016-12-07,0.06666666666666667,978.0,927.0,-0.003476482617586912
522,SKFINDIA,2016-11-08,2016-12-07,0.06666666666666667,1485.0,1250.0,-0.010549943883277216
523,HINDUNILVR,2016-11-08,2016-12-07,0.06666666666666667,838.45,839.85,0.00011131651658814695
524,VIDEOIND,2016-12-07,2017-01-05,0.06666666666666667,104.2,104.5,0.00019193857965450872
525,1074.0,2016-12-07,2017-01-05,0.06666666666666667,159.8,160.95,0.00047976637463495084
526,HDFCBANK,2016-12-07,2017-01-05,0.06666666666666667,600.925,594.5,-0.000712790004298923
527,HONAUT,2016-12-07,2017-01-05,0.06666666666666667,8411.2,9299.95,0.0070441791896518925
528,GILLETTE,2016-12-07,2017-01-05,0.06666666666666667,4375.0,4235.9,-0.0021196190476190533
529,GLAXO,2016-12-07,2017-01-05,0.06666666666666667,1385.5,1365.025,-0.00098520389750992
530,WIPRO,2016-12-07,2017-01-05,0.06666666666666667,86.17,89.68,0.002715562260647561
531,SCHAEFFLER,2016-12-07,2017-01-05,0.06666666666666667,806.99,773.34,-0.0027798774871229284
532,BAJAJCON,2016-12-07,2017-01-05,0.06666666666666667,366.25,374.85,0.001565415244596136
533,PGHH,2016-12-07,2017-01-05,0.06666666666666667,6723.95,6947.95,0.002220916772631167
534,HINDUNILVR,2016-12-07,2017-01-05,0.06666666666666667,839.85,824.9,-0.0011867198507670056
535,PFIZER,2016-12-07,2017-01-05,0.06666666666666667,1879.95,1836.0,-0.0015585520891513087
536,COLPAL,2016-12-07,2017-01-05,0.06666666666666667,927.0,898.1,-0.002078389068680329
537,KOTAKBANK,2016-12-07,2017-01-05,0.06666666666666667,735.55,702.85,-0.0029637686085242274
538,OFSS,2016-12-07,2017-01-05,0.06666666666666667,3049.0,3236.35,0.004096425057395865
539,VIDEOIND,2017-01-06,2017-02-06,0.06666666666666667,104.4,104.65,0.00015964240102171135
540,1074.0,2017-01-06,2017-02-06,0.06666666666666667,160.6,169.8,0.003819012038190128
541,HDFCBANK,2017-01-06,2017-02-06,0.06666666666666667,595.05,656.15,0.006845363134750585
542,HONAUT,2017-01-06,2017-02-06,0.06666666666666667,9390.0,9616.65,0.0016091586794462168
543,GILLETTE,2017-01-06,2017-02-06,0.06666666666666667,4231.5,4222.05,-0.00014888337468982346
544,GLAXO,2017-01-06,2017-02-06,0.06666666666666667,1371.8,1353.325,-0.0008978471108519177
545,SCHAEFFLER,2017-01-06,2017-02-06,0.06666666666666667,777.4,838.0,0.005196809879084129
546,WIPRO,2017-01-06,2017-02-06,0.06666666666666667,89.94,86.21,-0.002764806167074349
547,COLPAL,2017-01-06,2017-02-06,0.06666666666666667,898.1,902.0,0.0002895000556730859
548,HINDUNILVR,2017-01-06,2017-02-06,0.06666666666666667,832.9,850.05,0.0013727138111818127
549,PFIZER,2017-01-06,2017-02-06,0.06666666666666667,1802.75,1780.0,-0.0008413072620533444
550,KOTAKBANK,2017-01-06,2017-02-06,0.06666666666666667,698.0,770.0,0.006876790830945559
551,OFSS,2017-01-06,2017-02-06,0.06666666666666667,3218.3,3659.0,0.009129043283721215
552,OIL,2017-01-06,2017-02-06,0.06666666666666667,157.69,154.67,-0.0012767666518697064
553,SANOFI,2017-01-06,2017-02-06,0.06666666666666667,2826.63,2772.67,-0.0012726580179695734
554,VIDEOIND,2017-02-07,2017-03-08,0.06666666666666667,104.6,103.5,-0.0007010834926704872
555,1074.0,2017-02-07,2017-03-08,0.06666666666666667,170.15,168.15,-0.0007836222940542658
556,HDFCBANK,2017-02-07,2017-03-08,0.06666666666666667,658.0,693.95,0.0036423505572441787
557,HONAUT,2017-02-07,2017-03-08,0.06666666666666667,10000.0,9785.0,-0.0014333333333333333
558,GLAXO,2017-02-07,2017-03-08,0.06666666666666667,1371.375,1347.85,-0.0011436210615866115
559,GILLETTE,2017-02-07,2017-03-08,0.06666666666666667,4239.95,4091.15,-0.0023396502317244265
560,SCHAEFFLER,2017-02-07,2017-03-08,0.06666666666666667,840.28,823.99,-0.0012924263340791137
561,WIPRO,2017-02-07,2017-03-08,0.06666666666666667,86.84,92.98,0.004713649623829265
562,HINDUNILVR,2017-02-07,2017-03-08,0.06666666666666667,863.0,870.0,0.0005407493240633449
563,COLPAL,2017-02-07,2017-03-08,0.06666666666666667,897.0,933.1,0.002683017465626163
564,RELIANCE,2017-02-07,2017-03-08,0.06666666666666667,260.5,326.93,0.017000639795265518
565,PFIZER,2017-02-07,2017-03-08,0.06666666666666667,1779.0,1752.6,-0.0009893198426082102
566,SANOFI,2017-02-07,2017-03-08,0.06666666666666667,2759.33,2866.6,0.0025916919445420922
567,OIL,2017-02-07,2017-03-08,0.06666666666666667,155.47,148.91,-0.0028129757080680097
568,PGHH,2017-02-07,2017-03-08,0.06666666666666667,7071.0,6920.6,-0.001417998397209255
569,VIDEOIND,2017-03-09,2017-04-07,0.06666666666666667,103.6,103.9,0.00019305019305020037
570,1074.0,2017-03-09,2017-04-07,0.06666666666666667,167.55,173.75,0.002466925295931558
571,HDFCBANK,2017-03-09,2017-04-07,0.06666666666666667,690.825,715.525,0.0023836234453974044
572,GILLETTE,2017-03-09,2017-04-07,0.06666666666666667,4084.75,4171.15,0.0014101230185445807
573,HONAUT,2017-03-09,2017-04-07,0.06666666666666667,9950.0,11220.0,0.008509212730318258
574,GLAXO,2017-03-09,2017-04-07,0.06666666666666667,1351.4,1360.0,0.00042425139361649194
575,SCHAEFFLER,2017-03-09,2017-04-07,0.06666666666666667,825.59,900.01,0.006009439713820819
576,HINDUNILVR,2017-03-09,2017-04-07,0.06666666666666667,868.9,925.7,0.004358000537077536
577,PFIZER,2017-03-09,2017-04-07,0.06666666666666667,1737.05,1894.05,0.006025541387217793
578,WIPRO,2017-03-09,2017-04-07,0.06666666666666667,92.67,96.5,0.0027552965720657515
579,PGHH,2017-03-09,2017-04-07,0.06666666666666667,6909.25,7377.45,0.004517615274209693
580,COLPAL,2017-03-09,2017-04-07,0.06666666666666667,938.0,1014.4,0.005429992892679458
581,SANOFI,2017-03-09,2017-04-07,0.06666666666666667,2886.67,3143.33,0.005927475834323513
582,KOTAKBANK,2017-03-09,2017-04-07,0.06666666666666667,826.0,890.0,0.00516545601291364
583,OIL,2017-03-09,2017-04-07,0.06666666666666667,145.36,148.44,0.0014125848468170903
584,VIDEOIND,2017-04-10,2017-05-08,0.06666666666666667,104.0,103.85,-9.615384615384979e-05
585,1074.0,2017-04-10,2017-05-08,0.06666666666666667,173.55,193.3,0.007586670508018822
586,HDFCBANK,2017-04-10,2017-05-08,0.06666666666666667,721.5,769.0,0.004389004389004389
587,GLAXO,2017-04-10,2017-05-08,0.06666666666666667,1367.7,1225.025,-0.006954497818722426
588,GILLETTE,2017-04-10,2017-05-08,0.06666666666666667,4171.0,4800.0,0.01005354431391353
589,LTIM,2017-04-10,2017-05-08,0.06666666666666667,710.0,736.0,0.0024413145539906103
590,PFIZER,2017-04-10,2017-05-08,0.06666666666666667,1844.45,1706.05,-0.005002394571100692
591,HONAUT,2017-04-10,2017-05-08,0.06666666666666667,10900.0,11299.0,0.002440366972477064
592,HINDUNILVR,2017-04-10,2017-05-08,0.06666666666666667,922.8,955.0,0.0023262534315850346
593,SCHAEFFLER,2017-04-10,2017-05-08,0.06666666666666667,911.89,960.12,0.0035260100816253436
594,PGHH,2017-04-10,2017-05-08,0.06666666666666667,7301.0,7684.0,0.0034972378213030176
595,COLPAL,2017-04-10,2017-05-08,0.06666666666666667,997.15,1016.0,0.0012602584031155474
596,WIPRO,2017-04-10,2017-05-08,0.06666666666666667,96.8,93.98,-0.001942148760330574
597,SANOFI,2017-04-10,2017-05-08,0.06666666666666667,3104.07,2766.5,-0.007250051276764594
598,KOTAKBANK,2017-04-10,2017-05-08,0.06666666666666667,877.7,907.5,0.0022634917017963583
599,VIDEOIND,2017-05-10,2017-06-08,0.06666666666666667,103.5,30.3,-0.04714975845410628
600,HDFCBANK,2017-05-10,2017-06-08,0.06666666666666667,770.0,821.95,0.0044978354978355015
601,GLAXO,2017-05-10,2017-06-08,0.06666666666666667,1212.5,1235.0,0.0012371134020618556
602,1074.0,2017-05-10,2017-06-08,0.06666666666666667,201.9,199.3,-0.0008585108139342889
603,LTIM,2017-05-10,2017-06-08,0.06666666666666667,750.0,788.85,0.0034533333333333356
604,SCHAEFFLER,2017-05-10,2017-06-08,0.06666666666666667,938.04,902.39,-0.0025336517277159453
605,WIPRO,2017-05-10,2017-06-08,0.06666666666666667,95.38,103.36,0.0055776892430278915
606,PFIZER,2017-05-10,2017-06-08,0.06666666666666667,1720.0,1672.15,-0.001854651162790694
607,HONAUT,2017-05-10,2017-06-08,0.06666666666666667,11535.0,12350.0,0.004710301979482734
608,HINDUNILVR,2017-05-10,2017-06-08,0.06666666666666667,954.1,1106.7,0.010662753729518222
609,GILLETTE,2017-05-10,2017-06-08,0.06666666666666667,4995.0,4789.65,-0.0027407407407407454
610,PGHH,2017-05-10,2017-06-08,0.06666666666666667,7999.9,7901.0,-0.0008241769688787747
611,KOTAKBANK,2017-05-10,2017-06-08,0.06666666666666667,911.0,969.95,0.004313940724478598
612,SANOFI,2017-05-10,2017-06-08,0.06666666666666667,2766.67,2716.67,-0.0012048178255206921
613,COLPAL,2017-05-10,2017-06-08,0.06666666666666667,1008.0,1067.0,0.003902116402116402
614,HDFCBANK,2017-06-09,2017-07-10,0.06666666666666667,820.05,835.35,0.0012438265959392775
615,GLAXO,2017-06-09,2017-07-10,0.06666666666666667,1240.45,1297.525,0.003067435204965942
616,1074.0,2017-06-09,2017-07-10,0.06666666666666667,199.3,205.25,0.0019902993811674154
617,LTIM,2017-06-09,2017-07-10,0.06666666666666667,793.7,787.5,-0.0005207677124018349
618,PFIZER,2017-06-09,2017-07-10,0.06666666666666667,1678.95,1781.1,0.00405610649513088
619,SCHAEFFLER,2017-06-09,2017-07-10,0.06666666666666667,890.0,940.0,0.003745318352059925
620,WIPRO,2017-06-09,2017-07-10,0.06666666666666667,102.27,97.74,-0.002952967634692481
621,GILLETTE,2017-06-09,2017-07-10,0.06666666666666667,4850.05,5169.0,0.004384147242468288
622,HINDUNILVR,2017-06-09,2017-07-10,0.06666666666666667,1091.0,1150.0,0.003605255117629086
623,DBCORP,2017-06-09,2017-07-10,0.06666666666666667,367.35,379.1,0.0021323896374937615
624,HONAUT,2017-06-09,2017-07-10,0.06666666666666667,11780.0,11902.0,0.0006904357668364459
625,KOTAKBANK,2017-06-09,2017-07-10,0.06666666666666667,978.75,964.0,-0.0010046828437633034
626,SANOFI,2017-06-09,2017-07-10,0.06666666666666667,2732.63,2820.0,0.0021315240872956305
627,ICRA,2017-06-09,2017-07-10,0.06666666666666667,3995.05,4139.95,0.002417992265428461
628,BAJAJ-AUTO,2017-06-09,2017-07-10,0.06666666666666667,2872.0,2844.0,-0.0006499535747446611
629,HDFCBANK,2017-07-11,2017-08-09,0.06666666666666667,838.775,885.5,0.003713749217609015
630,GLAXO,2017-07-11,2017-08-09,0.06666666666666667,1305.0,1187.5,-0.0060025542784163475
631,1074.0,2017-07-11,2017-08-09,0.06666666666666667,206.4,202.3,-0.0013242894056847525
632,LTIM,2017-07-11,2017-08-09,0.06666666666666667,788.15,771.0,-0.0014506544862441563
633,PFIZER,2017-07-11,2017-08-09,0.06666666666666667,1819.45,1812.95,-0.0002381672117031704
634,GILLETTE,2017-07-11,2017-08-09,0.06666666666666667,5199.9,5272.75,0.0009339923203651398
635,HINDUNILVR,2017-07-11,2017-08-09,0.06666666666666667,1102.0,1189.5,0.00529340592861464
636,SCHAEFFLER,2017-07-11,2017-08-09,0.06666666666666667,936.2,863.99,-0.005142063661610769
637,WIPRO,2017-07-11,2017-08-09,0.06666666666666667,100.08,107.93,0.005229150013322681
638,DBCORP,2017-07-11,2017-08-09,0.06666666666666667,381.9,378.0,-0.0006808064938465527
639,ZYDUSWELL,2017-07-11,2017-08-09,0.06666666666666667,857.35,885.05,0.0021539239128321713
640,KOTAKBANK,2017-07-11,2017-08-09,0.06666666666666667,969.9,989.0,0.0013128501220057065
641,SANOFI,2017-07-11,2017-08-09,0.06666666666666667,2827.97,2832.0,9.500336519364774e-05
642,HONAUT,2017-07-11,2017-08-09,0.06666666666666667,12002.05,12500.0,0.0027659163781742885
643,ICRA,2017-07-11,2017-08-09,0.06666666666666667,4034.0,3850.05,-0.00303999338952239
644,HDFCBANK,2017-08-09,2017-09-07,0.06666666666666667,885.5,880.05,-0.000410314323357805
645,1074.0,2017-08-09,2017-09-07,0.06666666666666667,202.3,199.85,-0.0008073817762399133
646,GLAXO,2017-08-09,2017-09-07,0.06666666666666667,1187.5,1226.675,0.0021992982456140327
647,LTIM,2017-08-09,2017-09-07,0.06666666666666667,771.0,766.6,-0.0003804582792909622
648,GILLETTE,2017-08-09,2017-09-07,0.06666666666666667,5272.75,5350.05,0.0009773521091144745
649,PFIZER,2017-08-09,2017-09-07,0.06666666666666667,1812.95,1832.0,0.0007005157340246542
650,HINDUNILVR,2017-08-09,2017-09-07,0.06666666666666667,1189.5,1209.0,0.001092896174863388
651,GSKCONS,2017-08-09,2017-09-07,0.06666666666666667,5450.4,5250.05,-0.002450584666568808
652,DBCORP,2017-08-09,2017-09-07,0.06666666666666667,378.0,376.0,-0.00035273368606701937
653,KOTAKBANK,2017-08-09,2017-09-07,0.06666666666666667,989.0,999.0,0.0006740815638692281
654,SCHAEFFLER,2017-08-09,2017-09-07,0.06666666666666667,863.99,976.02,0.00864439017426899
655,BAJAJ-AUTO,2017-08-09,2017-09-07,0.06666666666666667,2919.5,2940.0,0.000468116686647257
656,ICRA,2017-08-09,2017-09-07,0.06666666666666667,3850.05,3921.05,0.0012294212629273213
657,ZYDUSWELL,2017-08-09,2017-09-07,0.06666666666666667,885.05,867.0,-0.0013596218669378343
658,SANOFI,2017-08-09,2017-09-07,0.06666666666666667,2832.0,2675.83,-0.0036763182674199642
659,HDFCBANK,2017-09-08,2017-10-09,0.06666666666666667,886.7,899.4,0.0009548513213788903
660,GLAXO,2017-09-08,2017-10-09,0.06666666666666667,1227.35,1207.025,-0.0011040045626756734
661,1074.0,2017-09-08,2017-10-09,0.06666666666666667,197.05,198.55,0.0005074854097944684
662,ZYDUSWELL,2017-09-08,2017-10-09,0.06666666666666667,870.8,906.95,0.002767570050528257
663,GILLETTE,2017-09-08,2017-10-09,0.06666666666666667,5439.0,5681.0,0.002966231537660109
664,PFIZER,2017-09-08,2017-10-09,0.06666666666666667,1805.2,1778.45,-0.0009878868454095576
665,ICRA,2017-09-08,2017-10-09,0.06666666666666667,3925.0,3960.0,0.00059447983014862
666,LTIM,2017-09-08,2017-10-09,0.06666666666666667,766.05,787.5,0.00186671888257947
667,HINDUNILVR,2017-09-08,2017-10-09,0.06666666666666667,1210.25,1217.5,0.0003993665220684432
668,GSKCONS,2017-09-08,2017-10-09,0.06666666666666667,5212.0,5039.0,-0.0022128421591199794
669,KOTAKBANK,2017-09-08,2017-10-09,0.06666666666666667,996.0,1037.1,0.002751004016064251
670,PGHH,2017-09-08,2017-10-09,0.06666666666666667,8444.0,8650.0,0.0016264013895468182
671,WIPRO,2017-09-08,2017-10-09,0.06666666666666667,112.78,107.5,-0.0031211207660932798
672,COLPAL,2017-09-08,2017-10-09,0.06666666666666667,1145.0,1085.0,-0.0034934497816593887
673,DBCORP,2017-09-08,2017-10-09,0.06666666666666667,373.05,379.05,0.0010722423267658491
674,HDFCBANK,2017-10-10,2017-11-08,0.06666666666666667,899.5,912.6,0.0009709097646840854
675,GLAXO,2017-10-10,2017-11-08,0.06666666666666667,1209.925,1322.875,0.00622352625162717
676,1074.0,2017-10-10,2017-11-08,0.06666666666666667,200.05,211.4,0.0037823877363992314
677,ICRA,2017-10-10,2017-11-08,0.06666666666666667,3990.0,3995.3,8.855472013367053e-05
678,CRISIL,2017-10-10,2017-11-08,0.06666666666666667,1781.0,1790.1,0.00034063260340632263
679,GILLETTE,2017-10-10,2017-11-08,0.06666666666666667,5735.05,5906.85,0.001997076456758589
680,PFIZER,2017-10-10,2017-11-08,0.06666666666666667,1760.1,1732.8,-0.0010340321572637901
681,GSKCONS,2017-10-10,2017-11-08,0.06666666666666667,5019.8,5499.95,0.006376748077612649
682,PGHH,2017-10-10,2017-11-08,0.06666666666666667,8586.0,8788.0,0.0015684447550275643
683,LTIM,2017-10-10,2017-11-08,0.06666666666666667,795.65,828.95,0.0027901715578457923
684,HINDUNILVR,2017-10-10,2017-11-08,0.06666666666666667,1224.1,1240.35,0.0008850039484791548
685,LTTS,2017-10-10,2017-11-08,0.06666666666666667,789.9,834.95,0.0038021690509347232
686,KOTAKBANK,2017-10-10,2017-11-08,0.06666666666666667,1052.95,1013.3,-0.0025104072684679606
687,MONSANTO,2017-10-10,2017-11-08,0.06666666666666667,2415.0,2453.7,0.0010683229813664545
688,BAJAJ-AUTO,2017-10-10,2017-11-08,0.06666666666666667,3142.9,3174.9,0.0006787786227157508
689,HDFCBANK,2017-11-08,2017-12-07,0.06666666666666667,912.6,903.325,-0.000677551318576958
690,GLAXO,2017-11-08,2017-12-07,0.06666666666666667,1322.875,1229.5,-0.004705660020788056
691,1074.0,2017-11-08,2017-12-07,0.06666666666666667,211.4,204.45,-0.0021917376222012038
692,ICRA,2017-11-08,2017-12-07,0.06666666666666667,3995.3,3910.05,-0.001422504776445657
693,GILLETTE,2017-11-08,2017-12-07,0.06666666666666667,5906.85,6575.0,0.007540962329047344
694,PFIZER,2017-11-08,2017-12-07,0.06666666666666667,1732.8,1928.0,0.007510003077870115
695,CRISIL,2017-11-08,2017-12-07,0.06666666666666667,1790.1,1775.05,-0.0005604901029737614
696,PGHH,2017-11-08,2017-12-07,0.06666666666666667,8788.0,9749.0,0.007290244272492793
697,GSKCONS,2017-11-08,2017-12-07,0.06666666666666667,5499.95,6099.6,0.007268550926220548
698,LTIM,2017-11-08,2017-12-07,0.06666666666666667,828.95,972.5,0.011544725254840457
699,HINDUNILVR,2017-11-08,2017-12-07,0.06666666666666667,1240.35,1277.2,0.001980623748673097
700,WIPRO,2017-11-08,2017-12-07,0.06666666666666667,114.19,106.6,-0.0044312111393291906
701,COLPAL,2017-11-08,2017-12-07,0.06666666666666667,1032.5,1049.0,0.0010653753026634383
702,BAJAJ-AUTO,2017-11-08,2017-12-07,0.06666666666666667,3174.9,3110.65,-0.001349123856919378
703,RAJESHEXPO,2017-11-08,2017-12-07,0.06666666666666667,782.5,768.45,-0.0011970181043663433
704,HDFCBANK,2017-12-08,2018-01-08,0.06666666666666667,907.0,932.5,0.0018743109151047408
705,GLAXO,2017-12-08,2018-01-08,0.06666666666666667,1217.2,1244.1,0.0014733267608719389
706,ICRA,2017-12-08,2018-01-08,0.06666666666666667,3933.0,3900.1,-0.0005576743791846782
707,1074.0,2017-12-08,2018-01-08,0.06666666666666667,207.6,229.0,0.00687219010918433
708,CRISIL,2017-12-08,2018-01-08,0.06666666666666667,1787.95,1920.0,0.004923702191522879
709,GSKCONS,2017-12-08,2018-01-08,0.06666666666666667,6100.5,6380.0,0.003054394448542469
710,GILLETTE,2017-12-08,2018-01-08,0.06666666666666667,6940.0,6820.0,-0.0011527377521613833
711,MARUTI,2017-12-08,2018-01-08,0.06666666666666667,8929.8,9488.0,0.0041673199101137075
712,PGHH,2017-12-08,2018-01-08,0.06666666666666667,9819.0,9350.0,-0.0031843025426893435
713,COLPAL,2017-12-08,2018-01-08,0.06666666666666667,1060.1,1110.0,0.0031380687356538754
714,BAJAJ-AUTO,2017-12-08,2018-01-08,0.06666666666666667,3235.7,3285.1,0.0010178117048346075
715,PFIZER,2017-12-08,2018-01-08,0.06666666666666667,1934.0,2050.0,0.003998621165115478
716,HINDUNILVR,2017-12-08,2018-01-08,0.06666666666666667,1296.4,1348.6,0.002684356680037016
717,WIPRO,2017-12-08,2018-01-08,0.06666666666666667,106.28,116.54,0.006435829883327064
718,KOTAKBANK,2017-12-08,2018-01-08,0.06666666666666667,1006.8,1008.85,0.0001357436101178697
719,HDFCBANK,2018-01-09,2018-02-07,0.06666666666666667,931.0,953.5,0.001611170784103115
720,GLAXO,2018-01-09,2018-02-07,0.06666666666666667,1248.5,1230.075,-0.0009838472834067524
721,CRISIL,2018-01-09,2018-02-07,0.06666666666666667,1910.0,1969.9,0.0020907504363001776
722,ICRA,2018-01-09,2018-02-07,0.06666666666666667,3945.1,3750.05,-0.0032960719204413865
723,GSKCONS,2018-01-09,2018-02-07,0.06666666666666667,6360.0,6375.0,0.00015723270440251572
724,PGHH,2018-01-09,2018-02-07,0.06666666666666667,9299.0,9150.0,-0.0010682152202745815
725,1074.0,2018-01-09,2018-02-07,0.06666666666666667,229.8,228.95,-0.0002465912387583472
726,BAJAJ-AUTO,2018-01-09,2018-02-07,0.06666666666666667,3276.0,3198.3,-0.0015811965811965776
727,GILLETTE,2018-01-09,2018-02-07,0.06666666666666667,6857.85,6440.0,-0.004062011660603059
728,MARUTI,2018-01-09,2018-02-07,0.06666666666666667,9464.8,9170.0,-0.0020764657819851754
729,KOTAKBANK,2018-01-09,2018-02-07,0.06666666666666667,1010.0,1037.0,0.0017821782178217822
730,COLPAL,2018-01-09,2018-02-07,0.06666666666666667,1119.35,1110.0,-0.0005568708029957809
731,HINDUNILVR,2018-01-09,2018-02-07,0.06666666666666667,1374.0,1322.0,-0.0025230470645317806
732,WIPRO,2018-01-09,2018-02-07,0.06666666666666667,117.52,112.11,-0.003068981166326297
733,POWERGRID,2018-01-09,2018-02-07,0.06666666666666667,113.69,110.69,-0.0017591696719148563
734,HDFCBANK,2018-02-07,2018-03-08,0.06666666666666667,953.5,919.9,-0.0023492396434189843
735,GLAXO,2018-02-07,2018-03-08,0.06666666666666667,1230.075,1142.8,-0.004730063884993467
736,CRISIL,2018-02-07,2018-03-08,0.06666666666666667,1969.9,1955.0,-0.0005042557151801306
737,ICRA,2018-02-07,2018-03-08,0.06666666666666667,3750.05,3777.7,0.0004915490015688614
738,PGHH,2018-02-07,2018-03-08,0.06666666666666667,9150.0,9339.0,0.0013770491803278687
739,GSKCONS,2018-02-07,2018-03-08,0.06666666666666667,6375.0,6674.0,0.003126797385620915
740,1074.0,2018-02-07,2018-03-08,0.06666666666666667,228.95,225.1,-0.0011210599111887585
741,KOTAKBANK,2018-02-07,2018-03-08,0.06666666666666667,1037.0,1088.7,0.003323690131790424
742,POWERGRID,2018-02-07,2018-03-08,0.06666666666666667,110.69,109.59,-0.0006625109163730505
743,HINDUNILVR,2018-02-07,2018-03-08,0.06666666666666667,1322.0,1300.0,-0.0011094301563287948
744,GILLETTE,2018-02-07,2018-03-08,0.06666666666666667,6440.0,6600.0,0.0016563146997929607
745,MARUTI,2018-02-07,2018-03-08,0.06666666666666667,9170.0,8700.2,-0.0034154852780806924
746,BAJAJ-AUTO,2018-02-07,2018-03-08,0.06666666666666667,3198.3,2919.7,-0.0058072517691690455
747,COLPAL,2018-02-07,2018-03-08,0.06666666666666667,1110.0,1048.9,-0.003669669669669664
748,INDUSINDBK,2018-02-07,2018-03-08,0.06666666666666667,1704.0,1711.9,0.0003090766823161225
749,HDFCBANK,2018-03-09,2018-04-09,0.06666666666666667,927.475,959.4,0.00229476086507273
750,ICRA,2018-03-09,2018-04-09,0.06666666666666667,3815.0,3743.0,-0.001258191349934469
751,GLAXO,2018-03-09,2018-04-09,0.06666666666666667,1138.125,1138.5,2.196595277320154e-05
752,CRISIL,2018-03-09,2018-04-09,0.06666666666666667,1936.4,1905.0,-0.0010810438614611338
753,PGHH,2018-03-09,2018-04-09,0.06666666666666667,9300.0,9663.85,0.0026082437275985687
754,1074.0,2018-03-09,2018-04-09,0.06666666666666667,226.7,219.8,-0.0020291133656815106
755,KOTAKBANK,2018-03-09,2018-04-09,0.06666666666666667,1085.0,1119.9,0.0021443932411674403
756,POWERGRID,2018-03-09,2018-04-09,0.06666666666666667,110.52,110.8,0.0001688985402340458
757,NTPC,2018-03-09,2018-04-09,0.06666666666666667,165.1,169.0,0.0015748031496063016
758,GILLETTE,2018-03-09,2018-04-09,0.06666666666666667,6587.0,6578.15,-8.957036587217614e-05
759,HINDUNILVR,2018-03-09,2018-04-09,0.06666666666666667,1295.0,1367.95,0.0037554697554697575
760,COLPAL,2018-03-09,2018-04-09,0.06666666666666667,1038.1,1088.0,0.003204572456089657
761,MARUTI,2018-03-09,2018-04-09,0.06666666666666667,8760.0,9220.0,0.0035007610350076103
762,BRITANNIA,2018-03-09,2018-04-09,0.06666666666666667,2434.5,2591.0,0.004285616485246799
763,INDUSINDBK,2018-03-09,2018-04-09,0.06666666666666667,1702.0,1829.9,0.005009792401096752
764,ICIL,2018-04-10,2018-05-09,0.06666666666666667,61.9924812030075,64.0827067669173,0.002247826965837907
765,HDFCBANK,2018-04-10,2018-05-09,0.06666666666666667,971.5,978.075,0.000451192314290619
766,CRISIL,2018-04-10,2018-05-09,0.06666666666666667,1917.65,1780.0,-0.0047853709835823394
767,PGHH,2018-04-10,2018-05-09,0.06666666666666667,9571.05,9700.0,0.0008981947295925438
768,GLAXO,2018-04-10,2018-05-09,0.06666666666666667,1144.925,1176.9,0.0018618395673661381
769,1074.0,2018-04-10,2018-05-09,0.06666666666666667,220.25,222.65,0.0007264472190692411
770,HINDUNILVR,2018-04-10,2018-05-09,0.06666666666666667,1398.8,1496.9,0.0046754360880755
771,POWERGRID,2018-04-10,2018-05-09,0.06666666666666667,111.28,119.85,0.005134196022046486
772,COLPAL,2018-04-10,2018-05-09,0.06666666666666667,1100.0,1092.05,-0.00048181818181818455
773,MARUTI,2018-04-10,2018-05-09,0.06666666666666667,9290.0,8795.0,-0.003552206673842842
774,GILLETTE,2018-04-10,2018-05-09,0.06666666666666667,6549.5,6517.25,-0.0003282693335369112
775,SOLARINDS,2018-04-10,2018-05-09,0.06666666666666667,1070.0,1054.0,-0.0009968847352024922
776,NTPC,2018-04-10,2018-05-09,0.06666666666666667,169.9,170.55,0.00025505199136747326
777,KOTAKBANK,2018-04-10,2018-05-09,0.06666666666666667,1120.0,1241.7,0.007244047619047622
778,ASIANPAINT,2018-04-10,2018-05-09,0.06666666666666667,1159.0,1197.6,0.00222030486051193
779,ICIL,2018-05-09,2018-06-07,0.06666666666666667,64.0827067669173,64.390977443609,0.0003207008486839285
780,HDFCBANK,2018-05-09,2018-06-07,0.06666666666666667,978.075,1036.6,0.003989128304748263
781,PGHH,2018-05-09,2018-06-07,0.06666666666666667,9700.0,9242.45,-0.0031446735395188954
782,CRISIL,2018-05-09,2018-06-07,0.06666666666666667,1780.0,1825.2,0.0016928838951310878
783,1074.0,2018-05-09,2018-06-07,0.06666666666666667,222.65,223.3,0.00019462534620855022
784,GILLETTE,2018-05-09,2018-06-07,0.06666666666666667,6517.25,6531.15,0.0001421867607758859
785,GLAXO,2018-05-09,2018-06-07,0.06666666666666667,1176.9,1285.35,0.006143257710935498
786,POWERGRID,2018-05-09,2018-06-07,0.06666666666666667,119.85,113.88,-0.003320817688777638
787,COLPAL,2018-05-09,2018-06-07,0.06666666666666667,1092.05,1232.95,0.00860155975764236
788,MARUTI,2018-05-09,2018-06-07,0.06666666666666667,8795.0,8874.0,0.0005988250900132651
789,SOLARINDS,2018-05-09,2018-06-07,0.06666666666666667,1054.0,1165.0,0.0070208728652751415
790,HINDUNILVR,2018-05-09,2018-06-07,0.06666666666666667,1496.9,1575.0,0.003478299596944793
791,NTPC,2018-05-09,2018-06-07,0.06666666666666667,170.55,162.0,-0.0033421284080914727
792,BRITANNIA,2018-05-09,2018-06-07,0.06666666666666667,2709.5,2955.0,0.006040474872362675
793,ASIANPAINT,2018-05-09,2018-06-07,0.06666666666666667,1197.6,1270.15,0.0040386328211979615
794,ICIL,2018-06-08,2018-07-09,0.06666666666666667,64.3533834586466,65.4135338345865,0.0010982591424232306
795,GILLETTE,2018-06-08,2018-07-09,0.06666666666666667,6550.0,6500.0,-0.0005089058524173028
796,HDFCBANK,2018-06-08,2018-07-09,0.06666666666666667,1029.5,1060.925,0.0020349684312773162
797,PGHH,2018-06-08,2018-07-09,0.06666666666666667,9384.9,9994.9,0.004333201916553897
798,1074.0,2018-06-08,2018-07-09,0.06666666666666667,223.7,220.2,-0.0010430636268812397
799,GLAXO,2018-06-08,2018-07-09,0.06666666666666667,1289.0,1437.5,0.007680372381691234
800,POWERGRID,2018-06-08,2018-07-09,0.06666666666666667,113.57,103.0,-0.0062046902057468194
801,COLPAL,2018-06-08,2018-07-09,0.06666666666666667,1232.0,1145.0,-0.004707792207792208
802,BSE,2018-06-08,2018-07-09,0.06666666666666667,92.39,97.33,0.0035645993433632774
803,HINDUNILVR,2018-06-08,2018-07-09,0.06666666666666667,1599.9,1682.0,0.0034210471487801284
804,MARUTI,2018-06-08,2018-07-09,0.06666666666666667,8894.0,9395.0,0.003755340679109512
805,BRITANNIA,2018-06-08,2018-07-09,0.06666666666666667,3008.0,3155.5,0.0032690602836879436
806,NTPC,2018-06-08,2018-07-09,0.06666666666666667,162.25,150.3,-0.004910118130457108
807,HEROMOTOCO,2018-06-08,2018-07-09,0.06666666666666667,3657.0,3659.95,5.3778142375349885e-05
808,DABUR,2018-06-08,2018-07-09,0.06666666666666667,384.0,371.2,-0.002222222222222224
809,ICIL,2018-07-10,2018-08-08,0.06666666666666667,65.4135338345865,67.1052631578947,0.0017241379310344045
810,GILLETTE,2018-07-10,2018-08-08,0.06666666666666667,6500.0,6673.0,0.0017743589743589743
811,HDFCBANK,2018-07-10,2018-08-08,0.06666666666666667,1064.95,1067.925,0.00018623722553483943
812,PGHH,2018-07-10,2018-08-08,0.06666666666666667,10050.0,10793.9,0.0049346600331674935
813,1074.0,2018-07-10,2018-08-08,0.06666666666666667,220.9,223.05,0.0006488607212916872
814,BSE,2018-07-10,2018-08-08,0.06666666666666667,96.89,88.79,-0.005573330581071314
815,GLAXO,2018-07-10,2018-08-08,0.06666666666666667,1441.8,1634.475,0.008909002635594394
816,POWERGRID,2018-07-10,2018-08-08,0.06666666666666667,104.58,106.9,0.0014789315994135318
817,COLPAL,2018-07-10,2018-08-08,0.06666666666666667,1151.1,1159.0,0.0004575333738742705
818,HINDUNILVR,2018-07-10,2018-08-08,0.06666666666666667,1693.25,1728.0,0.0013681775677936905
819,BRITANNIA,2018-07-10,2018-08-08,0.06666666666666667,3205.0,3115.8,-0.001855434217368691
820,MARUTI,2018-07-10,2018-08-08,0.06666666666666667,9380.0,9449.0,0.0004904051172707889
821,HEROMOTOCO,2018-07-10,2018-08-08,0.06666666666666667,3644.8,3298.0,-0.006343283582089555
822,KOTAKBANK,2018-07-10,2018-08-08,0.06666666666666667,1386.15,1288.0,-0.004720508843439266
823,SKFINDIA,2018-07-10,2018-08-08,0.06666666666666667,1764.6,1735.0,-0.0011182893195813936
824,ICIL,2018-08-08,2018-09-06,0.06666666666666667,67.1052631578947,68.3308270676692,0.0012175536881419951
825,GILLETTE,2018-08-08,2018-09-06,0.06666666666666667,6673.0,6814.0,0.0014086617713172486
826,HDFCBANK,2018-08-08,2018-09-06,0.06666666666666667,1067.925,1024.5,-0.002710864527003298
827,1074.0,2018-08-08,2018-09-06,0.06666666666666667,223.05,221.55,-0.0004483299708585519
828,PGHH,2018-08-08,2018-09-06,0.06666666666666667,10793.9,10077.0,-0.004427809534397513
829,BSE,2018-08-08,2018-09-06,0.06666666666666667,88.79,81.31,-0.005616248075984535
830,POWERGRID,2018-08-08,2018-09-06,0.06666666666666667,106.9,110.8,0.002432179607109443
831,COLPAL,2018-08-08,2018-09-06,0.06666666666666667,1159.0,1136.5,-0.0012942191544434857
832,BRITANNIA,2018-08-08,2018-09-06,0.06666666666666667,3115.8,3099.975,-0.0003385968290647725
833,HINDUNILVR,2018-08-08,2018-09-06,0.06666666666666667,1728.0,1623.45,-0.004033564814814813
834,ITC,2018-08-08,2018-09-06,0.06666666666666667,300.25,311.4,0.002475714682209265
835,IEX,2018-08-08,2018-09-06,0.06666666666666667,53.3333333333333,58.7016666666667,0.006710416666666758
836,MARUTI,2018-08-08,2018-09-06,0.06666666666666667,9449.0,8967.7,-0.0033957738032243216
837,NTPC,2018-08-08,2018-09-06,0.06666666666666667,159.5,166.0,0.002716823406478579
838,HDFC,2018-08-08,2018-09-06,0.06666666666666667,1976.0,1949.0,-0.0009109311740890688
839,GILLETTE,2018-09-07,2018-10-08,0.06666666666666667,6790.0,6664.8,-0.0012292587137947945
840,ICIL,2018-09-07,2018-10-08,0.06666666666666667,68.7518796992481,62.8270676691729,-0.005745115193934101
841,1074.0,2018-09-07,2018-10-08,0.06666666666666667,221.55,215.1,-0.0019408711351839364
842,HDFCBANK,2018-09-07,2018-10-08,0.06666666666666667,1025.5,982.5,-0.002795384365350236
843,BSE,2018-09-07,2018-10-08,0.06666666666666667,81.89,73.31,-0.006984979851019659
844,PGHH,2018-09-07,2018-10-08,0.06666666666666667,9960.0,9202.65,-0.005069277108433737
845,COLPAL,2018-09-07,2018-10-08,0.06666666666666667,1140.0,1074.95,-0.003804093567251459
846,POWERGRID,2018-09-07,2018-10-08,0.06666666666666667,113.57,105.43,-0.004778257168853269
847,NTPC,2018-09-07,2018-10-08,0.06666666666666667,170.5,161.4,-0.0035581622678396846
848,BRITANNIA,2018-09-07,2018-10-08,0.06666666666666667,3120.45,2694.5,-0.009100183200072635
849,ITC,2018-09-07,2018-10-08,0.06666666666666667,311.6,279.0,-0.0069747539580659
850,HDFC,2018-09-07,2018-10-08,0.06666666666666667,1963.5,1695.8,-0.009089211442152622
851,MARUTI,2018-09-07,2018-10-08,0.06666666666666667,8775.0,6915.0,-0.014131054131054132
852,HINDUNILVR,2018-09-07,2018-10-08,0.06666666666666667,1611.9,1551.0,-0.002518766672870529
853,BHARATFIN,2018-09-07,2018-10-08,0.06666666666666667,1150.0,990.0,-0.00927536231884058
854,GILLETTE,2018-10-09,2018-11-07,0.06666666666666667,6450.0,6400.15,-0.0005152454780361794
855,1074.0,2018-10-09,2018-11-07,0.06666666666666667,216.35,212.45,-0.0012017564132193225
856,HDFCBANK,2018-10-09,2018-11-07,0.06666666666666667,972.2,980.5,0.0005691558664198008
857,COLPAL,2018-10-09,2018-11-07,0.06666666666666667,1047.0,1107.0,0.0038204393505253103
858,PGHH,2018-10-09,2018-11-07,0.06666666666666667,9006.0,9500.0,0.0036568213783403653
859,NTPC,2018-10-09,2018-11-07,0.06666666666666667,164.8,155.0,-0.003964401294498386
860,BSE,2018-10-09,2018-11-07,0.06666666666666667,73.02,67.78,-0.0047840774217109425
861,SKFINDIA,2018-10-09,2018-11-07,0.06666666666666667,1659.05,1799.0,0.005623700310418615
862,POWERGRID,2018-10-09,2018-11-07,0.06666666666666667,105.74,107.41,0.001052897043061599
863,AKZOINDIA,2018-10-09,2018-11-07,0.06666666666666667,1569.75,1567.1,-0.00011254446037055118
864,ITC,2018-10-09,2018-11-07,0.06666666666666667,275.5,281.0,0.0013309134906231094
865,HINDUNILVR,2018-10-09,2018-11-07,0.06666666666666667,1563.0,1640.0,0.0032842823629771803
866,WIPRO,2018-10-09,2018-11-07,0.06666666666666667,119.17,122.33,0.0017677827193644914
867,SCHAEFFLER,2018-10-09,2018-11-07,0.06666666666666667,1079.6,1026.0,-0.0033098678522909663
868,1074.0,2018-11-07,2018-12-06,0.06666666666666667,212.45,208.5,-0.0012395073350592262
869,GILLETTE,2018-11-07,2018-12-06,0.06666666666666667,6400.15,6451.1,0.0005307167279933619
870,HDFCBANK,2018-11-07,2018-12-06,0.06666666666666667,980.5,1044.85,0.0043753187149413505
871,COLPAL,2018-11-07,2018-12-06,0.06666666666666667,1107.0,1215.0,0.0065040650406504065
872,NTPC,2018-11-07,2018-12-06,0.06666666666666667,155.0,140.7,-0.006150537634408607
873,POWERGRID,2018-11-07,2018-12-06,0.06666666666666667,107.41,103.74,-0.002277876051267729
874,PGHH,2018-11-07,2018-12-06,0.06666666666666667,9500.0,9600.2,0.0007031578947368473
875,SKFINDIA,2018-11-07,2018-12-06,0.06666666666666667,1799.0,1926.0,0.0047063183249953676
876,BSE,2018-11-07,2018-12-06,0.06666666666666667,67.78,66.11,-0.0016425690960952116
877,SANOFI,2018-11-07,2018-12-06,0.06666666666666667,3953.33,4126.43,0.0029190581105043153
878,AKZOINDIA,2018-11-07,2018-12-06,0.06666666666666667,1567.1,1589.0,0.0009316572011996721
879,SCHAEFFLER,2018-11-07,2018-12-06,0.06666666666666667,1026.0,1090.01,0.004159194282001299
880,ITC,2018-11-07,2018-12-06,0.06666666666666667,281.0,274.5,-0.001542111506524318
881,HINDUNILVR,2018-11-07,2018-12-06,0.06666666666666667,1640.0,1840.0,0.008130081300813009
882,COCHINSHIP,2018-11-07,2018-12-06,0.06666666666666667,194.0,187.0,-0.0024054982817869417
883,1074.0,2018-12-07,2019-01-07,0.06666666666666667,208.65,214.25,0.0017892802939531893
884,GILLETTE,2018-12-07,2019-01-07,0.06666666666666667,6519.95,6515.0,-5.061388507580394e-05
885,HDFCBANK,2018-12-07,2019-01-07,0.06666666666666667,1053.35,1063.85,0.0006645464470498884
886,NTPC,2018-12-07,2019-01-07,0.06666666666666667,140.0,146.25,0.0029761904761904765
887,PGHH,2018-12-07,2019-01-07,0.06666666666666667,9560.0,9860.0,0.0020920502092050207
888,SKFINDIA,2018-12-07,2019-01-07,0.06666666666666667,1924.7,1912.8,-0.00041218544881453705
889,SANOFI,2018-12-07,2019-01-07,0.06666666666666667,4132.67,4098.03,-0.0005587993557030576
890,BSE,2018-12-07,2019-01-07,0.06666666666666667,67.22,66.67,-0.0005454725776058685
891,POWERGRID,2018-12-07,2019-01-07,0.06666666666666667,103.91,110.86,0.0044589869438295985
892,AKZOINDIA,2018-12-07,2019-01-07,0.06666666666666667,1564.0,1808.3,0.010413469735720372
893,COLPAL,2018-12-07,2019-01-07,0.06666666666666667,1206.05,1317.1,0.006138496192805713
894,COCHINSHIP,2018-12-07,2019-01-07,0.06666666666666667,189.5,185.75,-0.0013192612137203166
895,ITC,2018-12-07,2019-01-07,0.06666666666666667,274.95,284.3,0.002267078862823549
896,SCHAEFFLER,2018-12-07,2019-01-07,0.06666666666666667,1099.62,1140.0,0.0024481184409159596
897,HINDUNILVR,2018-12-07,2019-01-07,0.06666666666666667,1801.3,1791.5,-0.00036270101223190494
898,1074.0,2019-01-08,2019-02-06,0.06666666666666667,213.5,212.85,-0.00020296643247463096
899,GILLETTE,2019-01-08,2019-02-06,0.06666666666666667,6490.0,6506.45,0.00016897791474062472
900,HDFCBANK,2019-01-08,2019-02-06,0.06666666666666667,1061.0,1058.125,-0.0001806471881872447
901,SKFINDIA,2019-01-08,2019-02-06,0.06666666666666667,1920.0,1909.5,-0.0003645833333333333
902,PGHH,2019-01-08,2019-02-06,0.06666666666666667,9804.0,9990.0,0.0012647898816809467
903,SANOFI,2019-01-08,2019-02-06,0.06666666666666667,4080.67,4226.8,0.002387353057218547
904,BSE,2019-01-08,2019-02-06,0.06666666666666667,66.67,64.22,-0.0024498775061246965
905,NTPC,2019-01-08,2019-02-06,0.06666666666666667,148.0,135.8,-0.0054954954954954905
906,POWERGRID,2019-01-08,2019-02-06,0.06666666666666667,111.88,105.29,-0.003926826361577875
907,COCHINSHIP,2019-01-08,2019-02-06,0.06666666666666667,183.5,182.93,-0.00020708446866484766
908,AKZOINDIA,2019-01-08,2019-02-06,0.06666666666666667,1794.85,1758.0,-0.0013687309060181412
909,ITC,2019-01-08,2019-02-06,0.06666666666666667,282.0,275.0,-0.0016548463356973995
910,COLPAL,2019-01-08,2019-02-06,0.06666666666666667,1305.4,1295.35,-0.0005132526428680956
911,JKCEMENT,2019-01-08,2019-02-06,0.06666666666666667,713.95,691.0,-0.0021430072133902973
912,SCHAEFFLER,2019-01-08,2019-02-06,0.06666666666666667,1139.62,1108.26,-0.0018345296385344765
913,1074.0,2019-02-06,2019-03-07,0.06666666666666667,212.85,206.3,-0.0020515229817555346
914,GILLETTE,2019-02-06,2019-03-07,0.06666666666666667,6506.45,6587.0,0.000825334860023517
915,HDFCBANK,2019-02-06,2019-03-07,0.06666666666666667,1058.125,1054.8,-0.00020949005709785677
916,SKFINDIA,2019-02-06,2019-03-07,0.06666666666666667,1909.5,1940.0,0.0010648511826830758
917,BSE,2019-02-06,2019-03-07,0.06666666666666667,64.22,68.81,0.004764870756773594
918,SANOFI,2019-02-06,2019-03-07,0.06666666666666667,4226.8,3804.23,-0.00666493170562443
919,PGHH,2019-02-06,2019-03-07,0.06666666666666667,9990.0,10651.0,0.004411077744411077
920,NTPC,2019-02-06,2019-03-07,0.06666666666666667,135.8,149.1,0.006529209621993118
921,COCHINSHIP,2019-02-06,2019-03-07,0.06666666666666667,182.93,193.75,0.003943220539732864
922,AKZOINDIA,2019-02-06,2019-03-07,0.06666666666666667,1758.0,1760.0,7.584376185058778e-05
923,POWERGRID,2019-02-06,2019-03-07,0.06666666666666667,105.29,105.72,0.0002722639060372891
924,ITC,2019-02-06,2019-03-07,0.06666666666666667,275.0,286.7,0.002836363636363634
925,COLPAL,2019-02-06,2019-03-07,0.06666666666666667,1295.35,1281.3,-0.0007230992910538957
926,SCHAEFFLER,2019-02-06,2019-03-07,0.06666666666666667,1108.26,1090.39,-0.0010749583431084095
927,MRF,2019-02-06,2019-03-07,0.06666666666666667,60300.0,58570.0,-0.0019126589275843006
928,1074.0,2019-03-08,2019-04-08,0.06666666666666667,205.35,213.0,0.0024835646457268094
929,GILLETTE,2019-03-08,2019-04-08,0.06666666666666667,6500.0,6761.0,0.0026769230769230767
930,HDFCBANK,2019-03-08,2019-04-08,0.06666666666666667,1057.525,1159.5,0.0064285320283996375
931,SKFINDIA,2019-03-08,2019-04-08,0.06666666666666667,1947.0,2082.85,0.004651600753295666
932,BSE,2019-03-08,2019-04-08,0.06666666666666667,68.14,68.78,0.0006261618236963121
933,SANOFI,2019-03-08,2019-04-08,0.06666666666666667,3728.43,3910.67,0.003258565490926033
934,PGHH,2019-03-08,2019-04-08,0.06666666666666667,10549.9,10665.4,0.0007298647380543892
935,POWERGRID,2019-03-08,2019-04-08,0.06666666666666667,106.28,111.93,0.0035440973529042813
936,ITC,2019-03-08,2019-04-08,0.06666666666666667,290.3,294.65,0.000998966586290037
937,COCHINSHIP,2019-03-08,2019-04-08,0.06666666666666667,186.38,196.5,0.0036198447615981705
938,COLPAL,2019-03-08,2019-04-08,0.06666666666666667,1268.0,1227.0,-0.0021556256572029444
939,AKZOINDIA,2019-03-08,2019-04-08,0.06666666666666667,1753.45,1851.0,0.003708878686779395
940,NTPC,2019-03-08,2019-04-08,0.06666666666666667,147.5,134.9,-0.005694915254237286
941,SCHAEFFLER,2019-03-08,2019-04-08,0.06666666666666667,1119.99,1096.82,-0.0013791789807647136
942,MRF,2019-03-08,2019-04-08,0.06666666666666667,58000.0,60554.0,0.0029356321839080456
943,1074.0,2019-04-09,2019-05-08,0.06666666666666667,211.85,205.85,-0.0018881283927307058
944,GILLETTE,2019-04-09,2019-05-08,0.06666666666666667,6845.0,7400.0,0.005405405405405406
945,HDFCBANK,2019-04-09,2019-05-08,0.06666666666666667,1148.3,1161.275,0.0007532874684316025
946,SKFINDIA,2019-04-09,2019-05-08,0.06666666666666667,2040.0,1901.25,-0.0045343137254901964
947,BSE,2019-04-09,2019-05-08,0.06666666666666667,68.79,68.89,9.691331104326627e-05
948,SANOFI,2019-04-09,2019-05-08,0.06666666666666667,3933.33,3734.67,-0.003367121497560589
949,AKZOINDIA,2019-04-09,2019-05-08,0.06666666666666667,1824.95,1665.1,-0.005839429390759569
950,SCHAEFFLER,2019-04-09,2019-05-08,0.06666666666666667,1097.8,1022.08,-0.0045982874840590215
951,PGHH,2019-04-09,2019-05-08,0.06666666666666667,10730.0,10325.0,-0.002516309412861137
952,ITC,2019-04-09,2019-05-08,0.06666666666666667,292.5,300.0,0.0017094017094017094
953,COLPAL,2019-04-09,2019-05-08,0.06666666666666667,1225.9,1155.15,-0.0038475133915218747
954,ICRA,2019-04-09,2019-05-08,0.06666666666666667,2927.0,3122.05,0.00444254640701515
955,MRF,2019-04-09,2019-05-08,0.06666666666666667,59199.0,53049.0,-0.0069257926654166455
956,HINDUNILVR,2019-04-09,2019-05-08,0.06666666666666667,1668.8,1697.5,0.001146532438478749
957,COCHINSHIP,2019-04-09,2019-05-08,0.06666666666666667,196.03,185.55,-0.0035640803278409734
958,1074.0,2019-05-08,2019-06-06,0.06666666666666667,205.85,205.4,-0.00014573718727228197
959,GILLETTE,2019-05-08,2019-06-06,0.06666666666666667,7400.0,7417.85,0.00016081081081081408
960,HDFCBANK,2019-05-08,2019-06-06,0.06666666666666667,1161.275,1226.6,0.0037501883705409896
961,SKFINDIA,2019-05-08,2019-06-06,0.06666666666666667,1901.25,1881.0,-0.0007100591715976332
962,BSE,2019-05-08,2019-06-06,0.06666666666666667,68.89,69.39,0.00048386316349736296
963,SANOFI,2019-05-08,2019-06-06,0.06666666666666667,3734.67,3600.0,-0.0024039607247762196
964,AKZOINDIA,2019-05-08,2019-06-06,0.06666666666666667,1665.1,1817.9,0.006117750685644513
965,ITC,2019-05-08,2019-06-06,0.06666666666666667,300.0,280.4,-0.00435555555555556
966,PGHH,2019-05-08,2019-06-06,0.06666666666666667,10325.0,10939.85,0.003969975786924942
967,SCHAEFFLER,2019-05-08,2019-06-06,0.06666666666666667,1022.08,1012.6,-0.0006183469004383231
968,MRF,2019-05-08,2019-06-06,0.06666666666666667,53049.0,57599.95,0.005719177867003458
969,HINDUNILVR,2019-05-08,2019-06-06,0.06666666666666667,1697.5,1822.15,0.004895434462444775
970,LT,2019-05-08,2019-06-06,0.06666666666666667,1363.9,1569.65,0.010056944546276609
971,COLPAL,2019-05-08,2019-06-06,0.06666666666666667,1155.15,1159.2,0.00023373587845734056
972,COCHINSHIP,2019-05-08,2019-06-06,0.06666666666666667,185.55,201.45,0.005712745890595518
973,1074.0,2019-06-07,2019-07-08,0.06666666666666667,202.0,199.6,-0.0007920792079207939
974,HDFCBANK,2019-06-07,2019-07-08,0.06666666666666667,1212.825,1237.275,0.0013439696576175483
975,GILLETTE,2019-06-07,2019-07-08,0.06666666666666667,7296.95,7448.0,0.0013800286421038945
976,SKFINDIA,2019-06-07,2019-07-08,0.06666666666666667,1850.0,1990.0,0.0050450450450450456
977,BSE,2019-06-07,2019-07-08,0.06666666666666667,68.84,66.77,-0.0020046484601975666
978,PGHH,2019-06-07,2019-07-08,0.06666666666666667,10770.0,10930.0,0.0009904054472299596
979,SANOFI,2019-06-07,2019-07-08,0.06666666666666667,3587.33,3848.27,0.004849289025542675
980,ICRA,2019-06-07,2019-07-08,0.06666666666666667,2945.95,3199.95,0.005748004322318211
981,COLPAL,2019-06-07,2019-07-08,0.06666666666666667,1164.0,1178.2,0.0008132875143184447
982,ITC,2019-06-07,2019-07-08,0.06666666666666667,276.8,280.15,0.0008068400770712827
983,SCHAEFFLER,2019-06-07,2019-07-08,0.06666666666666667,1014.39,954.0,-0.003968887705911926
984,COCHINSHIP,2019-06-07,2019-07-08,0.06666666666666667,199.45,190.58,-0.002964819921450648
985,HINDUNILVR,2019-06-07,2019-07-08,0.06666666666666667,1833.0,1784.75,-0.0017548645208219677
986,AKZOINDIA,2019-06-07,2019-07-08,0.06666666666666667,1800.95,1750.0,-0.0018860416261787776
987,MRF,2019-06-07,2019-07-08,0.06666666666666667,55950.0,55712.0,-0.0002835865355972595
988,1074.0,2019-07-09,2019-08-07,0.06666666666666667,199.6,197.4,-0.0007348029392117531
989,HDFCBANK,2019-07-09,2019-08-07,0.06666666666666667,1201.925,1095.0,-0.005930763844111181
990,GILLETTE,2019-07-09,2019-08-07,0.06666666666666667,7285.0,7198.95,-0.0007874628231525983
991,SKFINDIA,2019-07-09,2019-08-07,0.06666666666666667,1947.1,1860.85,-0.0029531097529659493
992,BSE,2019-07-09,2019-08-07,0.06666666666666667,66.33,52.49,-0.013910246746067638
993,PGHH,2019-07-09,2019-08-07,0.06666666666666667,10965.0,10565.0,-0.002431980544155647
994,ICRA,2019-07-09,2019-08-07,0.06666666666666667,3164.85,3000.05,-0.003471465208988309
995,SANOFI,2019-07-09,2019-08-07,0.06666666666666667,3843.37,4033.33,0.0032950249390508854
996,COLPAL,2019-07-09,2019-08-07,0.06666666666666667,1175.0,1207.0,0.0018156028368794327
997,ITC,2019-07-09,2019-08-07,0.06666666666666667,276.95,259.05,-0.004308840344225787
998,HINDUNILVR,2019-07-09,2019-08-07,0.06666666666666667,1752.0,1744.1,-0.00030060882800609176
999,SCHAEFFLER,2019-07-09,2019-08-07,0.06666666666666667,941.01,857.6,-0.005909253532551901
1000,COCHINSHIP,2019-07-09,2019-08-07,0.06666666666666667,187.33,174.48,-0.00457303510738626
1001,MRF,2019-07-09,2019-08-07,0.06666666666666667,54893.0,54000.0,-0.0010845341543244736
1002,AKZOINDIA,2019-07-09,2019-08-07,0.06666666666666667,1754.0,1728.0,-0.0009882174078297225
1003,1074.0,2019-08-07,2019-09-05,0.06666666666666667,197.4,193.05,-0.0014690982776089138
1004,HDFCBANK,2019-08-07,2019-09-05,0.06666666666666667,1095.0,1124.5,0.0017960426179604262
1005,GILLETTE,2019-08-07,2019-09-05,0.06666666666666667,7198.95,7171.0,-0.00025883404292755484
1006,ICRA,2019-08-07,2019-09-05,0.06666666666666667,3000.05,2801.35,-0.004415481964189491
1007,SKFINDIA,2019-08-07,2019-09-05,0.06666666666666667,1860.85,1881.45,0.0007380139900224857
1008,PGHH,2019-08-07,2019-09-05,0.06666666666666667,10565.0,10179.7,-0.002431298312036594
1009,ITC,2019-08-07,2019-09-05,0.06666666666666667,259.05,242.0,-0.004387827317763626
1010,BSE,2019-08-07,2019-09-05,0.06666666666666667,52.49,58.44,0.007556994983171392
1011,SANOFI,2019-08-07,2019-09-05,0.06666666666666667,4033.33,4113.3,0.0013218192742308094
1012,HINDUNILVR,2019-08-07,2019-09-05,0.06666666666666667,1744.1,1842.0,0.0037421401678038374
1013,COCHINSHIP,2019-08-07,2019-09-05,0.06666666666666667,174.48,169.88,-0.0017576035457741077
1014,ALKEM,2019-08-07,2019-09-05,0.06666666666666667,1680.0,1824.8,0.005746031746031745
1015,COLPAL,2019-08-07,2019-09-05,0.06666666666666667,1207.0,1253.0,0.002540734603700635
1016,MRF,2019-08-07,2019-09-05,0.06666666666666667,54000.0,57880.0,0.004790123456790123
1017,FORTIS,2019-08-07,2019-09-05,0.06666666666666667,122.0,124.7,0.0014754098360655753
1018,1074.0,2019-09-06,2019-10-07,0.06666666666666667,193.5,190.5,-0.00103359173126615
1019,HDFCBANK,2019-09-06,2019-10-07,0.06666666666666667,1114.0,1201.2,0.0052184320766008405
1020,SKFINDIA,2019-09-06,2019-10-07,0.06666666666666667,1885.95,2072.85,0.006606749913836522
1021,GILLETTE,2019-09-06,2019-10-07,0.06666666666666667,7119.55,7075.2,-0.000415288419445989
1022,PGHH,2019-09-06,2019-10-07,0.06666666666666667,10098.7,11410.0,0.008656559755216012
1023,SANOFI,2019-09-06,2019-10-07,0.06666666666666667,4135.4,3928.53,-0.0033349454305105423
1024,ALKEM,2019-09-06,2019-10-07,0.06666666666666667,1851.75,1920.5,0.0024751361324872865
1025,HINDUNILVR,2019-09-06,2019-10-07,0.06666666666666667,1831.0,1943.95,0.004112506826870564
1026,ICRA,2019-09-06,2019-10-07,0.06666666666666667,2748.0,2725.0,-0.0005579815623483745
1027,COCHINSHIP,2019-09-06,2019-10-07,0.06666666666666667,172.48,165.8,-0.0025819418676561448
1028,GSKCONS,2019-09-06,2019-10-07,0.06666666666666667,7892.95,8354.0,0.0038941924966795277
1029,ITC,2019-09-06,2019-10-07,0.06666666666666667,244.3,257.5,0.003602128530495289
1030,COLPAL,2019-09-06,2019-10-07,0.06666666666666667,1241.0,1440.0,0.01069030351866774
1031,MRF,2019-09-06,2019-10-07,0.06666666666666667,58080.0,60989.0,0.003339072543617998
1032,ATUL,2019-09-06,2019-10-07,0.06666666666666667,3473.1,3992.6,0.009971879108961254
1033,1074.0,2019-10-09,2019-11-06,0.06666666666666667,191.5,186.5,-0.0017406440382941688
1034,GILLETTE,2019-10-09,2019-11-06,0.06666666666666667,7074.2,7720.05,0.006086436157680967
1035,SANOFI,2019-10-09,2019-11-06,0.06666666666666667,3853.33,4425.33,0.00989620233235496
1036,ALKEM,2019-10-09,2019-11-06,0.06666666666666667,1941.05,2042.0,0.003467195590015715
1037,HDFCBANK,2019-10-09,2019-11-06,0.06666666666666667,1197.1,1242.45,0.002525547851752855
1038,RATNAMANI,2019-10-09,2019-11-06,0.06666666666666667,621.866666666667,632.0,0.0010863350485991615
1039,GLAXO,2019-10-09,2019-11-06,0.06666666666666667,1348.0,1619.8,0.013442136498516319
1040,HINDUNILVR,2019-10-09,2019-11-06,0.06666666666666667,1950.0,2166.0,0.0073846153846153844
1041,COCHINSHIP,2019-10-09,2019-11-06,0.06666666666666667,167.5,204.0,0.0145273631840796
1042,PGHH,2019-10-09,2019-11-06,0.06666666666666667,11400.0,11873.95,0.002771637426900589
1043,ICRA,2019-10-09,2019-11-06,0.06666666666666667,2625.85,2837.8,0.005381114686672894
1044,ITC,2019-10-09,2019-11-06,0.06666666666666667,251.3,262.95,0.0030905955697041985
1045,BSE,2019-10-09,2019-11-06,0.06666666666666667,61.11,60.0,-0.0012109311078383235
1046,BAYERCROP,2019-10-09,2019-11-06,0.06666666666666667,3339.0,3709.75,0.0074024158929819305
1047,MARICO,2019-10-09,2019-11-06,0.06666666666666667,379.0,368.0,-0.0019349164467897975
1048,1074.0,2019-11-06,2019-12-05,0.06666666666666667,186.5,180.4,-0.0021805183199285058
1049,GLAXO,2019-11-06,2019-12-05,0.06666666666666667,1619.8,1696.0,0.0031361896530435873
1050,ALKEM,2019-11-06,2019-12-05,0.06666666666666667,2042.0,2060.45,0.0006023506366307482
1051,GILLETTE,2019-11-06,2019-12-05,0.06666666666666667,7720.05,6780.0,-0.0081178230710941
1052,HINDUNILVR,2019-11-06,2019-12-05,0.06666666666666667,2166.0,2047.8,-0.0036380424746075726
1053,RATNAMANI,2019-11-06,2019-12-05,0.06666666666666667,632.0,656.7,0.002605485232067515
1054,HDFCBANK,2019-11-06,2019-12-05,0.06666666666666667,1242.45,1255.6,0.0007055951279058776
1055,SANOFI,2019-11-06,2019-12-05,0.06666666666666667,4425.33,4755.67,0.004976502693961055
1056,NAVNETEDUL,2019-11-06,2019-12-05,0.06666666666666667,100.7,96.0,-0.003111552466070839
1057,ITC,2019-11-06,2019-12-05,0.06666666666666667,262.95,243.15,-0.005019965772960635
1058,MARICO,2019-11-06,2019-12-05,0.06666666666666667,368.0,351.0,-0.003079710144927536
1059,PGHH,2019-11-06,2019-12-05,0.06666666666666667,11873.95,11451.2,-0.0023735432045219437
1060,RAJESHEXPO,2019-11-06,2019-12-05,0.06666666666666667,675.5,675.45,-4.934616333575576e-06
1061,VSTIND,2019-11-06,2019-12-05,0.06666666666666667,391.0,413.5,0.0038363171355498722
1062,BAYERCROP,2019-11-06,2019-12-05,0.06666666666666667,3709.75,3668.15,-0.0007475795763416206
1063,1074.0,2019-12-06,2020-01-06,0.06666666666666667,181.8,155.45,-0.009662632929959671
1064,TATAINVEST,2019-12-06,2020-01-06,0.06666666666666667,820.9,809.0,-0.0009664189710480349
1065,GLAXO,2019-12-06,2020-01-06,0.06666666666666667,1650.0,1619.6,-0.0012282828282828319
1066,HINDUNILVR,2019-12-06,2020-01-06,0.06666666666666667,2044.0,1927.35,-0.003804631441617746
1067,HDFCBANK,2019-12-06,2020-01-06,0.06666666666666667,1248.95,1260.0,0.0005898287895165247
1068,NAVNETEDUL,2019-12-06,2020-01-06,0.06666666666666667,94.85,92.35,-0.0017571604287471446
1069,RATNAMANI,2019-12-06,2020-01-06,0.06666666666666667,660.066666666667,738.666666666667,0.007938592061407937
1070,GILLETTE,2019-12-06,2020-01-06,0.06666666666666667,6895.0,6613.0,-0.002726613488034808
1071,ITC,2019-12-06,2020-01-06,0.06666666666666667,247.0,237.5,-0.002564102564102564
1072,ALKEM,2019-12-06,2020-01-06,0.06666666666666667,2091.9,2100.0,0.00025813853434676317
1073,MARICO,2019-12-06,2020-01-06,0.06666666666666667,348.5,334.0,-0.002773792443806791
1074,PGHH,2019-12-06,2020-01-06,0.06666666666666667,11474.8,11330.0,-0.000841263754778583
1075,ZFCVINDIA,2019-12-06,2020-01-06,0.06666666666666667,6217.4,6500.0,0.003030205552160071
1076,SANOFI,2019-12-06,2020-01-06,0.06666666666666667,4680.0,4593.33,-0.0012346153846153857
1077,POWERGRID,2019-12-06,2020-01-06,0.06666666666666667,105.97,108.54,0.0016168097889339799
1078,GLAXO,2020-01-07,2020-02-05,0.06666666666666667,1609.95,1434.1,-0.007281799641810827
1079,TATAINVEST,2020-01-07,2020-02-05,0.06666666666666667,799.0,885.0,0.007175636211931581
1080,HINDUNILVR,2020-01-07,2020-02-05,0.06666666666666667,1919.25,2167.4,0.008619686509487216
1081,ZFCVINDIA,2020-01-07,2020-02-05,0.06666666666666667,6557.4,6701.0,0.0014599282235845546
1082,HDFCBANK,2020-01-07,2020-02-05,0.06666666666666667,1258.9,1234.9,-0.0012709508300897609
1083,MARICO,2020-01-07,2020-02-05,0.06666666666666667,331.1,309.1,-0.004429678848283499
1084,GILLETTE,2020-01-07,2020-02-05,0.06666666666666667,6592.25,6509.8,-0.0008338073748214425
1085,RATNAMANI,2020-01-07,2020-02-05,0.06666666666666667,738.666666666667,840.0,0.009145607701564348
1086,NAVNETEDUL,2020-01-07,2020-02-05,0.06666666666666667,89.2,91.6,0.001793721973094164
1087,DABUR,2020-01-07,2020-02-05,0.06666666666666667,450.3,505.0,0.008098304833814492
1088,ITC,2020-01-07,2020-02-05,0.06666666666666667,236.05,216.3,-0.005577914283696956
1089,VTL,2020-01-07,2020-02-05,0.06666666666666667,193.0,207.39,0.004970639032815194
1090,SANOFI,2020-01-07,2020-02-05,0.06666666666666667,4500.7,4482.67,-0.0002670695669562475
1091,ALKEM,2020-01-07,2020-02-05,0.06666666666666667,2095.0,2396.0,0.009578361177406524
1092,PGHH,2020-01-07,2020-02-05,0.06666666666666667,11360.0,11659.0,0.0017546948356807512
1093,ZFCVINDIA,2020-02-05,2020-03-05,0.06666666666666667,6701.0,6770.7,0.000693428841466446
1094,HINDUNILVR,2020-02-05,2020-03-05,0.06666666666666667,2167.4,2185.0,0.0005413552336132358
1095,GILLETTE,2020-02-05,2020-03-05,0.06666666666666667,6509.8,5747.8,-0.007803619158806722
1096,HDFCBANK,2020-02-05,2020-03-05,0.06666666666666667,1234.9,1153.0,-0.0044214106405377
1097,WIPRO,2020-02-05,2020-03-05,0.06666666666666667,120.8,114.53,-0.0034602649006622494
1098,SANOFI,2020-02-05,2020-03-05,0.06666666666666667,4482.67,4976.67,0.007346811907486683
1099,VTL,2020-02-05,2020-03-05,0.06666666666666667,207.39,203.62,-0.0012118874262661272
1100,DABUR,2020-02-05,2020-03-05,0.06666666666666667,505.0,520.0,0.0019801980198019802
1101,TATAINVEST,2020-02-05,2020-03-05,0.06666666666666667,885.0,870.0,-0.0011299435028248588
1102,HCLTECH,2020-02-05,2020-03-05,0.06666666666666667,589.4,568.0,-0.0024205406628209454
1103,MARICO,2020-02-05,2020-03-05,0.06666666666666667,309.1,295.45,-0.0029440310579100684
1104,RAJESHEXPO,2020-02-05,2020-03-05,0.06666666666666667,718.5,682.65,-0.003326374391092556
1105,GLAXO,2020-02-05,2020-03-05,0.06666666666666667,1434.1,1324.0,-0.005118192594658667
1106,RATNAMANI,2020-02-05,2020-03-05,0.06666666666666667,840.0,883.333333333333,0.0034391534391534154
1107,ALKEM,2020-02-05,2020-03-05,0.06666666666666667,2396.0,2550.0,0.004284919309961045
1108,ZFCVINDIA,2020-03-06,2020-04-07,0.06666666666666667,6739.55,6250.0,-0.004842558726720134
1109,HINDUNILVR,2020-03-06,2020-04-07,0.06666666666666667,2185.0,2220.0,0.0010678871090770406
1110,WIPRO,2020-03-06,2020-04-07,0.06666666666666667,112.5,94.13,-0.010885925925925929
1111,HDFCBANK,2020-03-06,2020-04-07,0.06666666666666667,1125.0,874.0,-0.014874074074074074
1112,SANOFI,2020-03-06,2020-04-07,0.06666666666666667,4966.67,4533.33,-0.005816640391516518
1113,DABUR,2020-03-06,2020-04-07,0.06666666666666667,511.0,446.85,-0.00836921069797782
1114,GILLETTE,2020-03-06,2020-04-07,0.06666666666666667,5650.0,5180.0,-0.0055457227138643065
1115,MARICO,2020-03-06,2020-04-07,0.06666666666666667,290.0,272.8,-0.003954022988505744
1116,VTL,2020-03-06,2020-04-07,0.06666666666666667,204.0,129.99,-0.02418627450980392
1117,RATNAMANI,2020-03-06,2020-04-07,0.06666666666666667,856.666666666667,599.3,-0.020028534370946843
1118,TECHM,2020-03-06,2020-04-07,0.06666666666666667,746.1,536.5,-0.018728499307510166
1119,NESTLEIND,2020-03-06,2020-04-07,0.06666666666666667,817.9,778.75,-0.0031910991563760833
1120,TATAINVEST,2020-03-06,2020-04-07,0.06666666666666667,840.0,647.0,-0.015317460317460318
1121,BAJAJ-AUTO,2020-03-06,2020-04-07,0.06666666666666667,2640.0,2065.0,-0.014520202020202022
1122,ITC,2020-03-06,2020-04-07,0.06666666666666667,184.85,185.7,0.0003065548643043889
1123,ZFCVINDIA,2020-04-08,2020-05-07,0.06666666666666667,6228.0,6200.0,-0.000299721687004924
1124,SANOFI,2020-04-08,2020-05-07,0.06666666666666667,4763.27,5320.7,0.007801783228748308
1125,1074.0,2020-04-08,2020-05-07,0.06666666666666667,158.0,154.0,-0.0016877637130801688
1126,GILLETTE,2020-04-08,2020-05-07,0.06666666666666667,5234.0,5075.0,-0.0020252197172334735
1127,SCHAEFFLER,2020-04-08,2020-05-07,0.06666666666666667,720.0,668.2,-0.0047962962962962916
1128,ALKEM,2020-04-08,2020-05-07,0.06666666666666667,2360.0,2617.0,0.007259887005649717
1129,PGHH,2020-04-08,2020-05-07,0.06666666666666667,10498.75,10145.0,-0.002246299162598722
1130,COLPAL,2020-04-08,2020-05-07,0.06666666666666667,1318.85,1339.0,0.0010185641531131968
1131,MARICO,2020-04-08,2020-05-07,0.06666666666666667,284.0,299.1,0.003544600938967141
1132,SOLARINDS,2020-04-08,2020-05-07,0.06666666666666667,928.75,865.25,-0.0045580978017048
1133,ICRA,2020-04-08,2020-05-07,0.06666666666666667,2100.55,2650.0,0.017438289971674077
1134,GLAXO,2020-04-08,2020-05-07,0.06666666666666667,1265.0,1490.0,0.011857707509881422
1135,VTL,2020-04-08,2020-05-07,0.06666666666666667,132.99,128.98,-0.0020101762037246004
1136,WIPRO,2020-04-08,2020-05-07,0.06666666666666667,95.75,92.0,-0.0026109660574412533
1137,SYNGENE,2020-04-08,2020-05-07,0.06666666666666667,273.1,311.85,0.009459294519711949
1138,ZFCVINDIA,2020-05-06,2020-06-04,0.06666666666666667,6138.3,6866.5,0.007908812972104108
1139,GILLETTE,2020-05-06,2020-06-04,0.06666666666666667,5049.05,5079.95,0.0004079975440924482
1140,1074.0,2020-05-06,2020-06-04,0.06666666666666667,153.8,186.6,0.014217598612917201
1141,SANOFI,2020-05-06,2020-06-04,0.06666666666666667,5283.33,5500.0,0.0027340080340744707
1142,SCHAEFFLER,2020-05-06,2020-06-04,0.06666666666666667,676.0,677.4,0.00013806706114398196
1143,RESPONIND,2020-05-06,2020-06-04,0.06666666666666667,81.55,80.1,-0.0011853668506029045
1144,PGHH,2020-05-06,2020-06-04,0.06666666666666667,10052.0,10140.0,0.0005836317814033691
1145,VTL,2020-05-06,2020-06-04,0.06666666666666667,128.99,152.0,0.011892394759283659
1146,MARICO,2020-05-06,2020-06-04,0.06666666666666667,298.9,334.5,0.007940225270436049
1147,SOLARINDS,2020-05-06,2020-06-04,0.06666666666666667,894.95,910.0,0.0011211054621300968
1148,WIPRO,2020-05-06,2020-06-04,0.06666666666666667,92.85,105.67,0.009204810626458452
1149,COLPAL,2020-05-06,2020-06-04,0.06666666666666667,1356.0,1370.0,0.000688298918387414
1150,DABUR,2020-05-06,2020-06-04,0.06666666666666667,454.95,465.0,0.0014726893065172013
1151,POWERGRID,2020-05-06,2020-06-04,0.06666666666666667,92.09,93.39,0.0009411083360480668
1152,GODREJIND,2020-05-06,2020-06-04,0.06666666666666667,239.35,350.7,0.031014553304087457
1153,ZFCVINDIA,2020-06-08,2020-07-06,0.06666666666666667,6917.5,6890.0,-0.00026502830984218766
1154,GILLETTE,2020-06-08,2020-07-06,0.06666666666666667,5045.6,5225.0,0.00237038211511019
1155,1074.0,2020-06-08,2020-07-06,0.06666666666666667,190.6,97.85,-0.03244141308149703
1156,SANOFI,2020-06-08,2020-07-06,0.06666666666666667,5423.33,5203.33,-0.0027043655220439595
1157,RESPONIND,2020-06-08,2020-07-06,0.06666666666666667,77.0,88.0,0.009523809523809523
1158,SCHAEFFLER,2020-06-08,2020-07-06,0.06666666666666667,716.0,742.98,0.0025121042830540054
1159,PGHH,2020-06-08,2020-07-06,0.06666666666666667,10060.0,10367.0,0.0020344599072233266
1160,SOLARINDS,2020-06-08,2020-07-06,0.06666666666666667,939.0,1004.0,0.0046148384806531766
1161,VTL,2020-06-08,2020-07-06,0.06666666666666667,153.99,133.71,-0.008779790895512696
1162,MARICO,2020-06-08,2020-07-06,0.06666666666666667,328.5,354.4,0.005256215119228812
1163,DABUR,2020-06-08,2020-07-06,0.06666666666666667,469.5,470.0,7.099751508697196e-05
1164,SYNGENE,2020-06-08,2020-07-06,0.06666666666666667,373.9,438.0,0.01142908085940983
1165,POWERGRID,2020-06-08,2020-07-06,0.06666666666666667,98.06,100.85,0.0018967978788496783
1166,SFL,2020-06-08,2020-07-06,0.06666666666666667,700.5,730.0,0.0028075184392100877
1167,THERMAX,2020-06-08,2020-07-06,0.06666666666666667,760.0,775.0,0.0013157894736842105
1168,ZFCVINDIA,2020-07-08,2020-08-06,0.06666666666666667,6898.9,6998.65,0.0009639217846323327
1169,INGERRAND,2020-07-08,2020-08-06,0.06666666666666667,625.0,611.8,-0.0014080000000000047
1170,GILLETTE,2020-07-08,2020-08-06,0.06666666666666667,5125.0,4975.45,-0.0019453658536585387
1171,SANOFI,2020-07-08,2020-08-06,0.06666666666666667,5033.33,5556.67,0.006931660219642531
1172,PGHH,2020-07-08,2020-08-06,0.06666666666666667,10350.0,10299.95,-0.0003223832528180307
1173,SCHAEFFLER,2020-07-08,2020-08-06,0.06666666666666667,740.19,722.37,-0.0016049933125278687
1174,SOLARINDS,2020-07-08,2020-08-06,0.06666666666666667,990.65,953.05,-0.0025303252073554418
1175,MARICO,2020-07-08,2020-08-06,0.06666666666666667,354.2,366.2,0.0022586109542631285
1176,VTL,2020-07-08,2020-08-06,0.06666666666666667,139.0,136.78,-0.0010647482014388484
1177,DABUR,2020-07-08,2020-08-06,0.06666666666666667,483.9,503.95,0.0027622787077219825
1178,THERMAX,2020-07-08,2020-08-06,0.06666666666666667,787.0,733.6,-0.0045235069885641655
1179,SYNGENE,2020-07-08,2020-08-06,0.06666666666666667,440.95,460.6,0.0029708583739653073
1180,SFL,2020-07-08,2020-08-06,0.06666666666666667,731.5,681.0,-0.004602415128730919
1181,COLPAL,2020-07-08,2020-08-06,0.06666666666666667,1390.0,1446.8,0.0027242206235011967
1182,DRREDDY,2020-07-08,2020-08-06,0.06666666666666667,766.2,922.01,0.01355694770730009
1183,ZFCVINDIA,2020-08-07,2020-09-07,0.06666666666666667,7005.0,6949.8,-0.0005253390435403266
1184,INGERRAND,2020-08-07,2020-09-07,0.06666666666666667,612.0,622.5,0.0011437908496732025
1185,GILLETTE,2020-08-07,2020-09-07,0.06666666666666667,5009.0,5594.95,0.007798629134225059
1186,SCHAEFFLER,2020-08-07,2020-09-07,0.06666666666666667,718.2,790.23,0.006686159844054578
1187,SANOFI,2020-08-07,2020-09-07,0.06666666666666667,5424.67,5600.0,0.002154724004716722
1188,PGHH,2020-08-07,2020-09-07,0.06666666666666667,10320.0,10016.05,-0.001963501291989669
1189,SOLARINDS,2020-08-07,2020-09-07,0.06666666666666667,949.5,1080.0,0.009162717219589257
1190,THERMAX,2020-08-07,2020-09-07,0.06666666666666667,744.0,779.95,0.003221326164874556
1191,VTL,2020-08-07,2020-09-07,0.06666666666666667,137.9,153.84,0.007706067198452983
1192,MARICO,2020-08-07,2020-09-07,0.06666666666666667,369.0,373.9,0.0008852755194218568
1193,DABUR,2020-08-07,2020-09-07,0.06666666666666667,507.9,486.9,-0.002756448119708604
1194,TORNTPOWER,2020-08-07,2020-09-07,0.06666666666666667,335.0,332.65,-0.00046766169154229307
1195,SFL,2020-08-07,2020-09-07,0.06666666666666667,706.0,733.975,0.0026416430594900873
1196,COLPAL,2020-08-07,2020-09-07,0.06666666666666667,1436.7,1362.0,-0.003466276884527043
1197,VGUARD,2020-08-07,2020-09-07,0.06666666666666667,165.55,167.5,0.0007852612503775247
1198,ZFCVINDIA,2020-09-08,2020-10-07,0.06666666666666667,7268.25,5697.35,-0.014408787076210456
1199,GILLETTE,2020-09-08,2020-10-07,0.06666666666666667,5564.0,5440.0,-0.0014857416726575604
1200,INGERRAND,2020-09-08,2020-10-07,0.06666666666666667,620.3,598.85,-0.0023053361276801475
1201,SCHAEFFLER,2020-09-08,2020-10-07,0.06666666666666667,795.0,726.19,-0.005770230607966453
1202,PGHH,2020-09-08,2020-10-07,0.06666666666666667,10092.4,9946.0,-0.0009670643256311656
1203,SOLARINDS,2020-09-08,2020-10-07,0.06666666666666667,1048.25,1080.0,0.0020192384132283964
1204,SANOFI,2020-09-08,2020-10-07,0.06666666666666667,5608.0,5852.0,0.0029006181645268663
1205,THERMAX,2020-09-08,2020-10-07,0.06666666666666667,789.85,721.4,-0.005777468295667957
1206,MARICO,2020-09-08,2020-10-07,0.06666666666666667,370.0,376.0,0.001081081081081081
1207,DABUR,2020-09-08,2020-10-07,0.06666666666666667,484.2,527.0,0.005892881729312957
1208,SFL,2020-09-08,2020-10-07,0.06666666666666667,721.5,671.5,-0.00462000462000462
1209,COLPAL,2020-09-08,2020-10-07,0.06666666666666667,1374.4,1427.4,0.002570818781528909
1210,TORNTPOWER,2020-09-08,2020-10-07,0.06666666666666667,333.0,311.5,-0.004304304304304304
1211,DRREDDY,2020-09-08,2020-10-07,0.06666666666666667,893.0,1029.0,0.01015304217991788
1212,VGUARD,2020-09-08,2020-10-07,0.06666666666666667,168.95,166.6,-0.0009272960441945327
1213,GILLETTE,2020-10-07,2020-11-05,0.06666666666666667,5440.0,5380.0,-0.0007352941176470588
1214,INGERRAND,2020-10-07,2020-11-05,0.06666666666666667,598.85,571.1,-0.0030892544042748597
1215,ZFCVINDIA,2020-10-07,2020-11-05,0.06666666666666667,5697.35,4887.6,-0.009475165354653186
1216,PGHH,2020-10-07,2020-11-05,0.06666666666666667,9946.0,10186.35,0.0016110329110530222
1217,SCHAEFFLER,2020-10-07,2020-11-05,0.06666666666666667,726.19,737.81,0.0010667547978719886
1218,THERMAX,2020-10-07,2020-11-05,0.06666666666666667,721.4,757.0,0.0032898992699380855
1219,SANOFI,2020-10-07,2020-11-05,0.06666666666666667,5852.0,5566.67,-0.0032505126452494863
1220,COLPAL,2020-10-07,2020-11-05,0.06666666666666667,1427.4,1490.0,0.0029237307925832475
1221,SOLARINDS,2020-10-07,2020-11-05,0.06666666666666667,1080.0,1049.0,-0.00191358024691358
1222,MARICO,2020-10-07,2020-11-05,0.06666666666666667,376.0,372.4,-0.0006382978723404296
1223,DABUR,2020-10-07,2020-11-05,0.06666666666666667,527.0,521.0,-0.0007590132827324478
1224,NESTLEIND,2020-10-07,2020-11-05,0.06666666666666667,797.81,855.0,0.0047789156148289325
1225,TORNTPOWER,2020-10-07,2020-11-05,0.06666666666666667,311.5,313.8,0.0004922418405564498
1226,MRF,2020-10-07,2020-11-05,0.06666666666666667,60490.0,69000.0,0.00937896070975919
1227,SFL,2020-10-07,2020-11-05,0.06666666666666667,671.5,637.0,-0.0034251675353685774
1228,GILLETTE,2020-11-06,2020-12-07,0.06666666666666667,5379.8,5819.95,0.005454353941286536
1229,INGERRAND,2020-11-06,2020-12-07,0.06666666666666667,573.1,640.0,0.007782236956901061
1230,PGHH,2020-11-06,2020-12-07,0.06666666666666667,10180.0,11000.0,0.005370006548788474
1231,ZFCVINDIA,2020-11-06,2020-12-07,0.06666666666666667,4856.0,5822.0,0.01326194398682043
1232,POWERINDIA,2020-11-06,2020-12-07,0.06666666666666667,950.0,1265.0,0.022105263157894735
1233,SCHAEFFLER,2020-11-06,2020-12-07,0.06666666666666667,759.6,777.0,0.0015271195365982075
1234,THERMAX,2020-11-06,2020-12-07,0.06666666666666667,781.0,920.0,0.011865130174989328
1235,SANOFI,2020-11-06,2020-12-07,0.06666666666666667,5564.0,5299.3,-0.0031715791996165805
1236,COLPAL,2020-11-06,2020-12-07,0.06666666666666667,1488.0,1525.0,0.0016577060931899643
1237,SOLARINDS,2020-11-06,2020-12-07,0.06666666666666667,1038.8,1080.0,0.002644076498523941
1238,MARICO,2020-11-06,2020-12-07,0.06666666666666667,373.95,395.0,0.0037527298658465947
1239,DABUR,2020-11-06,2020-12-07,0.06666666666666667,520.9,502.6,-0.002342100211172964
1240,PFIZER,2020-11-06,2020-12-07,0.06666666666666667,4938.4,5386.95,0.006055267563043364
1241,VGUARD,2020-11-06,2020-12-07,0.06666666666666667,172.0,190.0,0.0069767441860465115
1242,TORNTPOWER,2020-11-06,2020-12-07,0.06666666666666667,304.1,325.0,0.004581826153677513
1243,GILLETTE,2020-12-08,2021-01-06,0.06666666666666667,5748.0,5883.0,0.0015657620041753654
1244,INGERRAND,2020-12-08,2021-01-06,0.06666666666666667,649.0,647.05,-0.00020030816640986598
1245,PGHH,2020-12-08,2021-01-06,0.06666666666666667,10990.0,11042.0,0.00031543827722171674
1246,SANOFI,2020-12-08,2021-01-06,0.06666666666666667,5370.0,5453.33,0.0010345127250155173
1247,THERMAX,2020-12-08,2021-01-06,0.06666666666666667,922.0,956.45,0.002490961677512657
1248,SCHAEFFLER,2020-12-08,2021-01-06,0.06666666666666667,856.0,926.57,0.005496105919003119
1249,SOLARINDS,2020-12-08,2021-01-06,0.06666666666666667,1067.85,1119.0,0.0031933323968722257
1250,COLPAL,2020-12-08,2021-01-06,0.06666666666666667,1548.0,1605.0,0.0024547803617571058
1251,MARICO,2020-12-08,2021-01-06,0.06666666666666667,400.0,423.0,0.003833333333333333
1252,DABUR,2020-12-08,2021-01-06,0.06666666666666667,503.0,539.0,0.004771371769383697
1253,ZFCVINDIA,2020-12-08,2021-01-06,0.06666666666666667,5780.0,5639.85,-0.0016164936562860395
1254,PFIZER,2020-12-08,2021-01-06,0.06666666666666667,5376.0,5207.4,-0.002090773809523814
1255,POWERINDIA,2020-12-08,2021-01-06,0.06666666666666667,1275.0,1299.2,0.0012653594771241854
1256,TORNTPOWER,2020-12-08,2021-01-06,0.06666666666666667,326.0,321.0,-0.0010224948875255623
1257,VGUARD,2020-12-08,2021-01-06,0.06666666666666667,191.6,196.0,0.0015309672929714705
1258,INGERRAND,2021-01-06,2021-02-04,0.06666666666666667,647.05,751.15,0.010725600803647326
1259,GILLETTE,2021-01-06,2021-02-04,0.06666666666666667,5883.0,5705.0,-0.002017111451073715
1260,PGHH,2021-01-06,2021-02-04,0.06666666666666667,11042.0,12319.85,0.007715087846404639
1261,SANOFI,2021-01-06,2021-02-04,0.06666666666666667,5453.33,5292.67,-0.001964059880232199
1262,SCHAEFFLER,2021-01-06,2021-02-04,0.06666666666666667,926.57,899.79,-0.001926819704213755
1263,THERMAX,2021-01-06,2021-02-04,0.06666666666666667,956.45,1024.0,0.004708383431787684
1264,COLPAL,2021-01-06,2021-02-04,0.06666666666666667,1605.0,1606.1,4.569055036344378e-05
1265,SOLARINDS,2021-01-06,2021-02-04,0.06666666666666667,1119.0,1225.0,0.006315162347333929
1266,MARICO,2021-01-06,2021-02-04,0.06666666666666667,423.0,415.75,-0.0011426319936958234
1267,DABUR,2021-01-06,2021-02-04,0.06666666666666667,539.0,524.75,-0.0017625231910946195
1268,PFIZER,2021-01-06,2021-02-04,0.06666666666666667,5207.4,4524.0,-0.008749087836540303
1269,ZFCVINDIA,2021-01-06,2021-02-04,0.06666666666666667,5639.85,5679.3,0.000466324458983836
1270,NESTLEIND,2021-01-06,2021-02-04,0.06666666666666667,925.5,860.0,-0.004718170358364847
1271,VGUARD,2021-01-06,2021-02-04,0.06666666666666667,196.0,239.85,0.014914965986394555
1272,VSTIND,2021-01-06,2021-02-04,0.06666666666666667,373.0,365.92,-0.0012654155495978522
1273,GILLETTE,2021-02-05,2021-03-08,0.06666666666666667,6000.0,5624.15,-0.004176111111111115
1274,PGHH,2021-02-05,2021-03-08,0.06666666666666667,12401.0,13055.7,0.003519608633712339
1275,SANOFI,2021-02-05,2021-03-08,0.06666666666666667,5229.33,5518.67,0.0036886815965588983
1276,INGERRAND,2021-02-05,2021-03-08,0.06666666666666667,746.1,739.55,-0.0005852656033596986
1277,COLPAL,2021-02-05,2021-03-08,0.06666666666666667,1626.0,1639.9,0.0005699056990569943
1278,MARICO,2021-02-05,2021-03-08,0.06666666666666667,415.35,403.95,-0.0018297821114722575
1279,SCHAEFFLER,2021-02-05,2021-03-08,0.06666666666666667,915.21,1051.96,0.009961283931192477
1280,SOLARINDS,2021-02-05,2021-03-08,0.06666666666666667,1230.0,1400.0,0.00921409214092141
1281,DABUR,2021-02-05,2021-03-08,0.06666666666666667,527.0,525.0,-0.0002530044275774826
1282,PFIZER,2021-02-05,2021-03-08,0.06666666666666667,4515.0,4650.0,0.0019933554817275745
1283,GLAXO,2021-02-05,2021-03-08,0.06666666666666667,1463.0,1550.0,0.003964456596035543
1284,ZFCVINDIA,2021-02-05,2021-03-08,0.06666666666666667,5659.0,6485.0,0.009730812275431466
1285,NESTLEIND,2021-02-05,2021-03-08,0.06666666666666667,856.55,836.25,-0.001579981709571339
1286,VSTIND,2021-02-05,2021-03-08,0.06666666666666667,366.8,349.83,-0.003084332969829158
1287,TORNTPOWER,2021-02-05,2021-03-08,0.06666666666666667,321.9,407.0,0.01762452107279694
1288,GILLETTE,2021-03-09,2021-04-07,0.06666666666666667,5594.45,5665.0,0.0008407141601646892
1289,PGHH,2021-03-09,2021-04-07,0.06666666666666667,13005.85,12619.95,-0.0019780842210748734
1290,SANOFI,2021-03-09,2021-04-07,0.06666666666666667,5550.0,5346.67,-0.0024424024024024015
1291,PFIZER,2021-03-09,2021-04-07,0.06666666666666667,4670.0,4610.0,-0.0008565310492505353
1292,COLPAL,2021-03-09,2021-04-07,0.06666666666666667,1642.0,1570.0,-0.00292326431181486
1293,MARICO,2021-03-09,2021-04-07,0.06666666666666667,400.45,402.95,0.0004161984434178216
1294,SOLARINDS,2021-03-09,2021-04-07,0.06666666666666667,1408.95,1255.8,-0.00724653110472338
1295,SCHAEFFLER,2021-03-09,2021-04-07,0.06666666666666667,1045.99,1072.22,0.0016717814383184046
1296,DABUR,2021-03-09,2021-04-07,0.06666666666666667,531.0,548.0,0.0021343377275580664
1297,GLAXO,2021-03-09,2021-04-07,0.06666666666666667,1521.0,1433.2,-0.003848345386806923
1298,ABBOTINDIA,2021-03-09,2021-04-07,0.06666666666666667,14760.0,15216.05,0.0020598464317976477
1299,INGERRAND,2021-03-09,2021-04-07,0.06666666666666667,734.9,722.0,-0.0011702272418016035
1300,NESTLEIND,2021-03-09,2021-04-07,0.06666666666666667,845.51,855.0,0.000748266332351678
1301,VSTIND,2021-03-09,2021-04-07,0.06666666666666667,345.0,337.13,-0.0015207729468599042
1302,ZFCVINDIA,2021-03-09,2021-04-07,0.06666666666666667,6483.9,6265.0,-0.002250703023386127
1303,GILLETTE,2021-04-08,2021-05-07,0.06666666666666667,5647.95,5571.0,-0.0009082941598279
1304,DABUR,2021-04-08,2021-05-07,0.06666666666666667,553.45,548.0,-0.000656488089860577
1305,ABBOTINDIA,2021-04-08,2021-05-07,0.06666666666666667,15339.0,15458.95,0.0005213290740378587
1306,PGHH,2021-04-08,2021-05-07,0.06666666666666667,12890.0,13410.0,0.002689423325575381
1307,HINDUNILVR,2021-04-08,2021-05-07,0.06666666666666667,2406.0,2408.8,7.758381823220234e-05
1308,BRITANNIA,2021-04-08,2021-05-07,0.06666666666666667,3780.0,3484.7,-0.005208112874779545
1309,MARICO,2021-04-08,2021-05-07,0.06666666666666667,408.05,477.0,0.011264959359555607
1310,NESTLEIND,2021-04-08,2021-05-07,0.06666666666666667,871.25,839.43,-0.0024348158775705443
1311,SANOFI,2021-04-08,2021-05-07,0.06666666666666667,5373.33,5159.83,-0.0026488850179187456
1312,COLPAL,2021-04-08,2021-05-07,0.06666666666666667,1558.9,1512.0,-0.0020056877712917266
1313,PFIZER,2021-04-08,2021-05-07,0.06666666666666667,4648.85,5330.0,0.00976800714155113
1314,PIDILITIND,2021-04-08,2021-05-07,0.06666666666666667,1890.4,1815.0,-0.002659049231203276
1315,SOLARINDS,2021-04-08,2021-05-07,0.06666666666666667,1270.0,1232.05,-0.0019921259842519707
1316,VSTIND,2021-04-08,2021-05-07,0.06666666666666667,338.5,318.9,-0.0038601674052191086
1317,GLAXO,2021-04-08,2021-05-07,0.06666666666666667,1435.0,1471.0,0.0016724738675958188
1318,GILLETTE,2021-05-10,2021-06-07,0.06666666666666667,5635.0,5690.0,0.0006506950606329488
1319,ABBOTINDIA,2021-05-10,2021-06-07,0.06666666666666667,15845.0,15945.8,0.0004241085515935596
1320,DABUR,2021-05-10,2021-06-07,0.06666666666666667,535.0,545.15,0.0012647975077881592
1321,HINDUNILVR,2021-05-10,2021-06-07,0.06666666666666667,2423.0,2354.0,-0.0018984729673957902
1322,BRITANNIA,2021-05-10,2021-06-07,0.06666666666666667,3478.0,3506.5,0.0005462909718228867
1323,COLPAL,2021-05-10,2021-06-07,0.06666666666666667,1514.2,1696.1,0.008008629419275298
1324,PGHH,2021-05-10,2021-06-07,0.06666666666666667,13592.0,12999.95,-0.0029039140670982892
1325,NESTLEIND,2021-05-10,2021-06-07,0.06666666666666667,841.5,873.73,0.0025533769063180844
1326,SANOFI,2021-05-10,2021-06-07,0.06666666666666667,5196.67,5194.63,-2.617060540692358e-05
1327,GLAXO,2021-05-10,2021-06-07,0.06666666666666667,1470.0,1520.0,0.0022675736961451248
1328,PIDILITIND,2021-05-10,2021-06-07,0.06666666666666667,1820.05,2085.95,0.0097396591668727
1329,MARICO,2021-05-10,2021-06-07,0.06666666666666667,473.0,487.0,0.001973220577871741
1330,VSTIND,2021-05-10,2021-06-07,0.06666666666666667,315.0,346.5,0.006666666666666667
1331,GODFRYPHLP,2021-05-10,2021-06-07,0.06666666666666667,869.0,950.0,0.006214039125431531
1332,PFIZER,2021-05-10,2021-06-07,0.06666666666666667,5366.7,5195.0,-0.002132906006794987
1333,GILLETTE,2021-06-09,2021-07-08,0.06666666666666667,5855.65,5678.0,-0.0020225480234189732
1334,ABBOTINDIA,2021-06-09,2021-07-08,0.06666666666666667,15955.0,17260.7,0.005455760994463598
1335,DABUR,2021-06-09,2021-07-08,0.06666666666666667,559.0,594.2,0.004197972570065599
1336,HINDUNILVR,2021-06-09,2021-07-08,0.06666666666666667,2362.0,2462.2,0.002828111769686701
1337,COLPAL,2021-06-09,2021-07-08,0.06666666666666667,1699.5,1729.0,0.0011572030989506718
1338,BRITANNIA,2021-06-09,2021-07-08,0.06666666666666667,3598.0,3499.0,-0.0018343524180100055
1339,SANOFI,2021-06-09,2021-07-08,0.06666666666666667,5176.57,5165.33,-0.0001447547958075171
1340,NESTLEIND,2021-06-09,2021-07-08,0.06666666666666667,873.0,880.8,0.0005956471935853343
1341,PGHH,2021-06-09,2021-07-08,0.06666666666666667,13073.0,13444.0,0.0018919401310589256
1342,VSTIND,2021-06-09,2021-07-08,0.06666666666666667,351.0,363.0,0.0022792022792022795
1343,GLAXO,2021-06-09,2021-07-08,0.06666666666666667,1490.0,1514.0,0.0010738255033557048
1344,MARICO,2021-06-09,2021-07-08,0.06666666666666667,488.0,534.0,0.00628415300546448
1345,PIDILITIND,2021-06-09,2021-07-08,0.06666666666666667,2082.0,2280.0,0.006340057636887607
1346,PFIZER,2021-06-09,2021-07-08,0.06666666666666667,5450.0,5730.0,0.0034250764525993885
1347,GODFRYPHLP,2021-06-09,2021-07-08,0.06666666666666667,931.25,1009.0,0.005565995525727069
1348,GILLETTE,2021-07-09,2021-08-09,0.06666666666666667,5644.9,5831.6,0.002204940152468018
1349,ABBOTINDIA,2021-07-09,2021-08-09,0.06666666666666667,17205.05,17676.7,0.0018275641938461924
1350,DABUR,2021-07-09,2021-08-09,0.06666666666666667,596.0,590.95,-0.0005648769574944021
1351,HINDUNILVR,2021-07-09,2021-08-09,0.06666666666666667,2440.0,2379.45,-0.0016543715846994585
1352,COLPAL,2021-07-09,2021-08-09,0.06666666666666667,1737.8,1654.65,-0.00318985690720067
1353,BRITANNIA,2021-07-09,2021-08-09,0.06666666666666667,3491.0,3619.9,0.0024615678411152504
1354,SANOFI,2021-07-09,2021-08-09,0.06666666666666667,5300.0,5870.0,0.007169811320754717
1355,NESTLEIND,2021-07-09,2021-08-09,0.06666666666666667,877.75,903.5,0.0019557580936105574
1356,VSTIND,2021-07-09,2021-08-09,0.06666666666666667,357.8,336.23,-0.00401900503074343
1357,GLAXO,2021-07-09,2021-08-09,0.06666666666666667,1509.7,1645.9,0.006014439954957941
1358,PGHH,2021-07-09,2021-08-09,0.06666666666666667,13250.0,12725.0,-0.0026415094339622643
1359,HDFCLIFE,2021-07-09,2021-08-09,0.06666666666666667,680.0,674.15,-0.0005735294117647081
1360,PIDILITIND,2021-07-09,2021-08-09,0.06666666666666667,2270.8,2240.0,-0.0009042334566379007
1361,PFIZER,2021-07-09,2021-08-09,0.06666666666666667,5750.0,5833.0,0.0009623188405797101
1362,TCS,2021-07-09,2021-08-09,0.06666666666666667,3250.0,3323.9,0.001515897435897438
1363,GILLETTE,2021-08-10,2021-09-08,0.06666666666666667,5967.0,5990.0,0.0002569688844198648
1364,DABUR,2021-08-10,2021-09-08,0.06666666666666667,584.65,639.0,0.006197440063855871
1365,BRITANNIA,2021-08-10,2021-09-08,0.06666666666666667,3636.1,4079.8,0.008135089794010071
1366,SANOFI,2021-08-10,2021-09-08,0.06666666666666667,5986.67,5533.33,-0.005048326810508459
1367,ABBOTINDIA,2021-08-10,2021-09-08,0.06666666666666667,17599.0,19700.0,0.00795878553705703
1368,HINDUNILVR,2021-08-10,2021-09-08,0.06666666666666667,2394.0,2788.9,0.010996936786410472
1369,VSTIND,2021-08-10,2021-09-08,0.06666666666666667,337.5,340.0,0.0004938271604938272
1370,COLPAL,2021-08-10,2021-09-08,0.06666666666666667,1660.0,1731.65,0.0028775100401606463
1371,NESTLEIND,2021-08-10,2021-09-08,0.06666666666666667,910.5,1015.0,0.007651473549331869
1372,PGHH,2021-08-10,2021-09-08,0.06666666666666667,12630.0,13951.0,0.0069728160464502505
1373,INFY,2021-08-10,2021-09-08,0.06666666666666667,1668.0,1700.85,0.001312949640287766
1374,PIDILITIND,2021-08-10,2021-09-08,0.06666666666666667,2239.75,2335.0,0.002835137850206496
1375,HDFCLIFE,2021-08-10,2021-09-08,0.06666666666666667,671.85,739.0,0.006663193669221797
1376,TCS,2021-08-10,2021-09-08,0.06666666666666667,3315.6,3810.0,0.009940885510918087
1377,SBILIFE,2021-08-10,2021-09-08,0.06666666666666667,1142.75,1246.05,0.0060263983081747215
1378,GILLETTE,2021-09-08,2021-10-07,0.06666666666666667,5990.0,5836.4,-0.001709515859766281
1379,DABUR,2021-09-08,2021-10-07,0.06666666666666667,639.0,617.55,-0.0022378716744913974
1380,VSTIND,2021-09-08,2021-10-07,0.06666666666666667,340.0,343.13,0.0006137254901960775
1381,BRITANNIA,2021-09-08,2021-10-07,0.06666666666666667,4079.8,3959.8,-0.0019608804353154563
1382,ABBOTINDIA,2021-09-08,2021-10-07,0.06666666666666667,19700.0,22475.85,0.009393739424703887
1383,COLPAL,2021-09-08,2021-10-07,0.06666666666666667,1731.65,1690.5,-0.0015842308395653505
1384,SANOFI,2021-09-08,2021-10-07,0.06666666666666667,5533.33,5302.0,-0.0027871101127169345
1385,HINDUNILVR,2021-09-08,2021-10-07,0.06666666666666667,2788.9,2698.0,-0.002172899709562912
1386,NESTLEIND,2021-09-08,2021-10-07,0.06666666666666667,1015.0,960.04,-0.0036098522167487706
1387,ALKEM,2021-09-08,2021-10-07,0.06666666666666667,3770.0,3939.0,0.0029885057471264365
1388,PIDILITIND,2021-09-08,2021-10-07,0.06666666666666667,2335.0,2423.1,0.0025153461812990694
1389,PGHH,2021-09-08,2021-10-07,0.06666666666666667,13951.0,13970.0,9.07939693689819e-05
1390,INFY,2021-09-08,2021-10-07,0.06666666666666667,1700.85,1687.0,-0.0005428658219909617
1391,PFIZER,2021-09-08,2021-10-07,0.06666666666666667,6049.0,5603.0,-0.0049154130159254975
1392,GLAXO,2021-09-08,2021-10-07,0.06666666666666667,1498.0,1515.0,0.0007565643079661771
1393,GILLETTE,2021-10-08,2021-11-08,0.06666666666666667,5876.0,5800.0,-0.0008622645790787384
1394,DABUR,2021-10-08,2021-11-08,0.06666666666666667,616.05,625.0,0.0009685361036712438
1395,BRITANNIA,2021-10-08,2021-11-08,0.06666666666666667,3915.0,3666.0,-0.004240102171136654
1396,COLPAL,2021-10-08,2021-11-08,0.06666666666666667,1691.9,1529.0,-0.0064188190791417965
1397,SANOFI,2021-10-08,2021-11-08,0.06666666666666667,5240.0,5437.33,0.002510559796437658
1398,HINDUNILVR,2021-10-08,2021-11-08,0.06666666666666667,2670.5,2449.0,-0.005529551270049304
1399,NESTLEIND,2021-10-08,2021-11-08,0.06666666666666667,952.75,947.45,-0.0003708562931863871
1400,TCS,2021-10-08,2021-11-08,0.06666666666666667,3925.0,3548.0,-0.0064033970276008495
1401,GLAXO,2021-10-08,2021-11-08,0.06666666666666667,1499.0,1635.0,0.006048476762285968
1402,ZYDUSWELL,2021-10-08,2021-11-08,0.06666666666666667,2324.4,2065.5,-0.007425572190672864
1403,ALKEM,2021-10-08,2021-11-08,0.06666666666666667,3913.3,3640.0,-0.004655917000996605
1404,INFY,2021-10-08,2021-11-08,0.06666666666666667,1705.25,1730.0,0.0009676000586424277
1405,PFIZER,2021-10-08,2021-11-08,0.06666666666666667,5589.9,5211.0,-0.004518864380400361
1406,PIDILITIND,2021-10-08,2021-11-08,0.06666666666666667,2462.5,2424.8,-0.0010206429780033792
1407,BERGEPAINT,2021-10-08,2021-11-08,0.06666666666666667,831.9,767.0,-0.00520094562647754
1408,GILLETTE,2021-11-09,2021-12-08,0.06666666666666667,5799.0,5490.0,-0.0035523366097603036
1409,BRITANNIA,2021-11-09,2021-12-08,0.06666666666666667,3590.0,3489.95,-0.0018579387186629561
1410,DABUR,2021-11-09,2021-12-08,0.06666666666666667,606.0,575.4,-0.0033663366336633685
1411,COLPAL,2021-11-09,2021-12-08,0.06666666666666667,1550.0,1451.85,-0.00422150537634409
1412,NESTLEIND,2021-11-09,2021-12-08,0.06666666666666667,950.85,961.25,0.0007291721442218349
1413,SANOFI,2021-11-09,2021-12-08,0.06666666666666667,5399.33,5186.67,-0.002625757887244033
1414,HINDUNILVR,2021-11-09,2021-12-08,0.06666666666666667,2439.8,2318.25,-0.0033213104899308737
1415,ZYDUSWELL,2021-11-09,2021-12-08,0.06666666666666667,2055.0,1902.0,-0.004963503649635036
1416,TCS,2021-11-09,2021-12-08,0.06666666666666667,3508.0,3601.0,0.0017673888255416192
1417,GLAXO,2021-11-09,2021-12-08,0.06666666666666667,1675.2,1800.0,0.004966571155682902
1418,INFY,2021-11-09,2021-12-08,0.06666666666666667,1734.75,1733.0,-6.725272613729164e-05
1419,ALKEM,2021-11-09,2021-12-08,0.06666666666666667,3606.3,3424.0,-0.003370028376267461
1420,PIDILITIND,2021-11-09,2021-12-08,0.06666666666666667,2395.0,2225.0,-0.004732080723729993
1421,HDFCLIFE,2021-11-09,2021-12-08,0.06666666666666667,709.7,698.1,-0.0010896622986238337
1422,TATACONSUM,2021-11-09,2021-12-08,0.06666666666666667,835.9,758.6,-0.006165011763767593
1423,GILLETTE,2021-12-08,2022-01-06,0.06666666666666667,5490.0,5301.05,-0.002294474802671522
1424,COLPAL,2021-12-08,2022-01-06,0.06666666666666667,1451.85,1460.0,0.00037423517121833486
1425,BRITANNIA,2021-12-08,2022-01-06,0.06666666666666667,3489.95,3659.7,0.003242644354981208
1426,DABUR,2021-12-08,2022-01-06,0.06666666666666667,575.4,582.5,0.000822616151083307
1427,NESTLEIND,2021-12-08,2022-01-06,0.06666666666666667,961.25,987.5,0.0018205461638491547
1428,HINDUNILVR,2021-12-08,2022-01-06,0.06666666666666667,2318.25,2398.0,0.0022933965994464214
1429,SANOFI,2021-12-08,2022-01-06,0.06666666666666667,5186.67,5085.33,-0.0013025698569602482
1430,PGHH,2021-12-08,2022-01-06,0.06666666666666667,15050.0,15492.05,0.001958139534883718
1431,ZYDUSWELL,2021-12-08,2022-01-06,0.06666666666666667,1902.0,1891.6,-0.00036452856642131407
1432,INFY,2021-12-08,2022-01-06,0.06666666666666667,1733.0,1828.0,0.0036545489517214847
1433,TCS,2021-12-08,2022-01-06,0.06666666666666667,3601.0,3812.0,0.003906322317874664
1434,HDFCLIFE,2021-12-08,2022-01-06,0.06666666666666667,698.1,651.0,-0.004497922933677126
1435,PGHL,2021-12-08,2022-01-06,0.06666666666666667,5240.0,5153.1,-0.0011055979643765858
1436,BAJAJHLDNG,2021-12-08,2022-01-06,0.06666666666666667,5407.05,5355.0,-0.0006417547461184957
1437,PIDILITIND,2021-12-08,2022-01-06,0.06666666666666667,2225.0,2616.0,0.011715355805243445
1438,GILLETTE,2022-01-07,2022-02-07,0.06666666666666667,5300.75,5149.95,-0.0018965869609646455
1439,COLPAL,2022-01-07,2022-02-07,0.06666666666666667,1460.0,1455.1,-0.00022374429223744706
1440,BRITANNIA,2022-01-07,2022-02-07,0.06666666666666667,3685.0,3561.95,-0.0022261420171867967
1441,NESTLEIND,2022-01-07,2022-02-07,0.06666666666666667,982.52,916.59,-0.004473530649079235
1442,DABUR,2022-01-07,2022-02-07,0.06666666666666667,583.05,570.0,-0.0014921533316182094
1443,ZYDUSWELL,2022-01-07,2022-02-07,0.06666666666666667,1866.0,1670.0,-0.007002500893176134
1444,HINDUNILVR,2022-01-07,2022-02-07,0.06666666666666667,2388.0,2295.25,-0.0025893355667225013
1445,SANOFI,2022-01-07,2022-02-07,0.06666666666666667,5079.93,5000.0,-0.0010489645854700135
1446,TCS,2022-01-07,2022-02-07,0.06666666666666667,3820.0,3791.0,-0.000506108202443281
1447,INFY,2022-01-07,2022-02-07,0.06666666666666667,1815.45,1722.2,-0.003424311694988387
1448,HDFCLIFE,2022-01-07,2022-02-07,0.06666666666666667,647.0,620.1,-0.0027717671303451805
1449,PGHH,2022-01-07,2022-02-07,0.06666666666666667,15550.0,15225.0,-0.0013933547695605575
1450,PGHL,2022-01-07,2022-02-07,0.06666666666666667,5120.0,5085.0,-0.0004557291666666667
1451,BAYERCROP,2022-01-07,2022-02-07,0.06666666666666667,4866.65,4880.0,0.00018287733862102767
1452,PETRONET,2022-01-07,2022-02-07,0.06666666666666667,223.0,213.9,-0.0027204783258594897
1453,GILLETTE,2022-02-08,2022-03-09,0.06666666666666667,5139.9,5040.0,-0.0012957450534057035
1454,COLPAL,2022-02-08,2022-03-09,0.06666666666666667,1438.0,1434.95,-0.00014140009272137015
1455,NESTLEIND,2022-02-08,2022-03-09,0.06666666666666667,910.25,869.0,-0.0030211480362537764
1456,DABUR,2022-02-08,2022-03-09,0.06666666666666667,566.7,520.0,-0.005493794482677494
1457,BRITANNIA,2022-02-08,2022-03-09,0.06666666666666667,3441.0,3144.0,-0.005754141238012206
1458,ZYDUSWELL,2022-02-08,2022-03-09,0.06666666666666667,1671.5,1525.0,-0.005843055140093727
1459,HINDUNILVR,2022-02-08,2022-03-09,0.06666666666666667,2268.0,1964.0,-0.008935920047031158
1460,PETRONET,2022-02-08,2022-03-09,0.06666666666666667,213.1,222.55,0.0029563585171281143
1461,SANOFI,2022-02-08,2022-03-09,0.06666666666666667,4930.0,4760.0,-0.0022988505747126436
1462,INFY,2022-02-08,2022-03-09,0.06666666666666667,1710.0,1791.0,0.0031578947368421056
1463,TCS,2022-02-08,2022-03-09,0.06666666666666667,3791.55,3605.0,-0.0032801009261823467
1464,PGHH,2022-02-08,2022-03-09,0.06666666666666667,15064.8,14451.25,-0.002715159400279678
1465,PGHL,2022-02-08,2022-03-09,0.06666666666666667,5073.55,4509.2,-0.007415583434347421
1466,HDFCLIFE,2022-02-08,2022-03-09,0.06666666666666667,606.4,517.0,-0.009828496042216356
1467,BAYERCROP,2022-02-08,2022-03-09,0.06666666666666667,4685.0,4390.0,-0.004197794379224476
1468,GILLETTE,2022-03-09,2022-04-07,0.06666666666666667,5040.0,5167.0,0.00167989417989418
1469,NESTLEIND,2022-03-09,2022-04-07,0.06666666666666667,869.0,907.5,0.002953586497890295
1470,COLPAL,2022-03-09,2022-04-07,0.06666666666666667,1434.95,1581.7,0.006817891448017933
1471,BRITANNIA,2022-03-09,2022-04-07,0.06666666666666667,3144.0,3275.0,0.0027777777777777775
1472,DABUR,2022-03-09,2022-04-07,0.06666666666666667,520.0,540.5,0.002628205128205128
1473,SANOFI,2022-03-09,2022-04-07,0.06666666666666667,4760.0,5243.1,0.006766106442577036
1474,HINDUNILVR,2022-03-09,2022-04-07,0.06666666666666667,1964.0,2139.95,0.005972505091649688
1475,PGHL,2022-03-09,2022-04-07,0.06666666666666667,4509.2,4405.0,-0.0015405541263786603
1476,INFY,2022-03-09,2022-04-07,0.06666666666666667,1791.0,1821.05,0.001118555741671318
1477,COCHINSHIP,2022-03-09,2022-04-07,0.06666666666666667,144.4,159.95,0.007179132040627877
1478,BAYERCROP,2022-03-09,2022-04-07,0.06666666666666667,4390.0,4851.0,0.0070007593014426725
1479,MRF,2022-03-09,2022-04-07,0.06666666666666667,66600.0,67750.0,0.0011511511511511513
1480,TCS,2022-03-09,2022-04-07,0.06666666666666667,3605.0,3745.5,0.0025982431807674527
1481,PGHH,2022-03-09,2022-04-07,0.06666666666666667,14451.25,14485.0,0.00015569587405933743
1482,JCHAC,2022-03-09,2022-04-07,0.06666666666666667,1780.5,2160.0,0.014209491715810166
1483,NESTLEIND,2022-04-08,2022-05-09,0.06666666666666667,907.6,849.67,-0.004255178492728078
1484,COLPAL,2022-04-08,2022-05-09,0.06666666666666667,1582.0,1580.0,-8.428150021070375e-05
1485,BRITANNIA,2022-04-08,2022-05-09,0.06666666666666667,3287.0,3282.5,-9.12686340127776e-05
1486,SANOFI,2022-04-08,2022-05-09,0.06666666666666667,5286.3,4575.33,-0.008966195637780682
1487,MRF,2022-04-08,2022-05-09,0.06666666666666667,67490.0,69601.0,0.0020852471971156217
1488,HINDUNILVR,2022-04-08,2022-05-09,0.06666666666666667,2177.7,2121.5,-0.0017204696086084654
1489,DABUR,2022-04-08,2022-05-09,0.06666666666666667,550.55,510.8,-0.00481336844973208
1490,TCS,2022-04-08,2022-05-09,0.06666666666666667,3690.0,3398.0,-0.005275519421860885
1491,INFY,2022-04-08,2022-05-09,0.06666666666666667,1823.0,1540.0,-0.010349241177546169
1492,COCHINSHIP,2022-04-08,2022-05-09,0.06666666666666667,161.88,160.6,-0.0005271394448562726
1493,BAYERCROP,2022-04-08,2022-05-09,0.06666666666666667,4806.6,4500.0,-0.00425248616485666
1494,PGHL,2022-04-08,2022-05-09,0.06666666666666667,4378.65,4326.4,-0.0007955267795629552
1495,BAJAJ-AUTO,2022-04-08,2022-05-09,0.06666666666666667,3812.3,3490.0,-0.005636142661035773
1496,PGHH,2022-04-08,2022-05-09,0.06666666666666667,14410.0,13799.95,-0.0028223455933379564
1497,BERGEPAINT,2022-04-08,2022-05-09,0.06666666666666667,728.0,666.7,-0.005613553113553109
1498,COLPAL,2022-05-10,2022-06-08,0.06666666666666667,1581.0,1510.0,-0.002993885726333544
1499,NESTLEIND,2022-05-10,2022-06-08,0.06666666666666667,832.0,831.52,-3.846153846153992e-05
1500,ASTRAZEN,2022-05-10,2022-06-08,0.06666666666666667,2727.0,2910.0,0.004473780711404474
1501,MRF,2022-05-10,2022-06-08,0.06666666666666667,68490.0,71701.0,0.003125517107120261
1502,BRITANNIA,2022-05-10,2022-06-08,0.06666666666666667,3261.0,3385.0,0.002535009710722682
1503,TCS,2022-05-10,2022-06-08,0.06666666666666667,3434.0,3380.15,-0.0010454280722189849
1504,BAYERCROP,2022-05-10,2022-06-08,0.06666666666666667,4500.15,5261.0,0.011271476135980658
1505,PGHL,2022-05-10,2022-06-08,0.06666666666666667,4388.5,4371.6,-0.0002567316091299174
1506,SANOFI,2022-05-10,2022-06-08,0.06666666666666667,4473.67,4400.67,-0.0010878465927676084
1507,DABUR,2022-05-10,2022-06-08,0.06666666666666667,505.8,498.0,-0.00102807433768288
1508,HINDUNILVR,2022-05-10,2022-06-08,0.06666666666666667,2134.0,2215.0,0.0025304592314901596
1509,COCHINSHIP,2022-05-10,2022-06-08,0.06666666666666667,158.5,162.5,0.0016824395373291271
1510,ZYDUSWELL,2022-05-10,2022-06-08,0.06666666666666667,1600.0,1542.5,-0.0023958333333333336
1511,BAJAJ-AUTO,2022-05-10,2022-06-08,0.06666666666666667,3564.95,3833.5,0.005022043319915665
1512,BERGEPAINT,2022-05-10,2022-06-08,0.06666666666666667,668.3,582.05,-0.008603920395032171
1513,COLPAL,2022-06-08,2022-07-07,0.06666666666666667,1510.0,1580.0,0.0030905077262693157
1514,NESTLEIND,2022-06-08,2022-07-07,0.06666666666666667,831.52,919.5,0.007053748957732027
1515,ASTRAZEN,2022-06-08,2022-07-07,0.06666666666666667,2910.0,2932.25,0.0005097365406643757
1516,BRITANNIA,2022-06-08,2022-07-07,0.06666666666666667,3385.0,3828.0,0.008724766125061546
1517,CASTROLIND,2022-06-08,2022-07-07,0.06666666666666667,107.5,107.5,0.0
1518,MRF,2022-06-08,2022-07-07,0.06666666666666667,71701.0,73825.0,0.0019748678540048256
1519,TCS,2022-06-08,2022-07-07,0.06666666666666667,3380.15,3271.0,-0.0021527644236695627
1520,PGHL,2022-06-08,2022-07-07,0.06666666666666667,4371.6,4322.0,-0.0007563973526092713
1521,DABUR,2022-06-08,2022-07-07,0.06666666666666667,498.0,542.1,0.005903614457831328
1522,SANOFI,2022-06-08,2022-07-07,0.06666666666666667,4400.67,4340.0,-0.0009191024700026749
1523,HINDUNILVR,2022-06-08,2022-07-07,0.06666666666666667,2215.0,2505.0,0.008728367193378479
1524,ALKEM,2022-06-08,2022-07-07,0.06666666666666667,3133.0,3094.3,-0.0008234918608362552
1525,BAJAJ-AUTO,2022-06-08,2022-07-07,0.06666666666666667,3833.5,3786.3,-0.0008208338767879625
1526,BAYERCROP,2022-06-08,2022-07-07,0.06666666666666667,5261.0,5163.6,-0.0012342393714756337
1527,ENGINERSIN,2022-06-08,2022-07-07,0.06666666666666667,61.5,60.4,-0.0011924119241192427
1528,COLPAL,2022-07-11,2022-08-08,0.06666666666666667,1571.75,1614.1,0.0017962992418217446
1529,NESTLEIND,2022-07-11,2022-08-08,0.06666666666666667,920.0,996.08,0.005513043478260872
1530,CASTROLIND,2022-07-11,2022-08-08,0.06666666666666667,108.25,114.35,0.0037567359507313285
1531,PGHL,2022-07-11,2022-08-08,0.06666666666666667,4272.85,4454.0,0.0028263727176630685
1532,TCS,2022-07-11,2022-08-08,0.06666666666666667,3206.15,3365.05,0.0033040666635476626
1533,MRF,2022-07-11,2022-08-08,0.06666666666666667,76000.0,88895.45,0.011311798245614032
1534,BRITANNIA,2022-07-11,2022-08-08,0.06666666666666667,3829.2,3688.1,-0.002456561858003411
1535,DABUR,2022-07-11,2022-08-08,0.06666666666666667,539.1,579.15,0.004952698942682242
1536,SANOFI,2022-07-11,2022-08-08,0.06666666666666667,4354.0,4338.67,-0.00023472668810289277
1537,ALKEM,2022-07-11,2022-08-08,0.06666666666666667,3135.0,3035.0,-0.002126528442317916
1538,PFIZER,2022-07-11,2022-08-08,0.06666666666666667,4179.0,4162.0,-0.0002711972561218792
1539,PGHH,2022-07-11,2022-08-08,0.06666666666666667,14248.0,14289.95,0.00019628485869362122
1540,ASTRAZEN,2022-07-11,2022-08-08,0.06666666666666667,2980.25,3060.3,0.0017906775158683596
1541,COCHINSHIP,2022-07-11,2022-08-08,0.06666666666666667,157.5,170.75,0.005608465608465609
1542,HINDUNILVR,2022-07-11,2022-08-08,0.06666666666666667,2487.0,2645.4,0.0042460796139927644
1543,COLPAL,2022-08-10,2022-09-07,0.06666666666666667,1603.8,1632.8,0.0012054703412728105
1544,NESTLEIND,2022-08-10,2022-09-07,0.06666666666666667,992.53,952.1,-0.0027156190073179954
1545,CASTROLIND,2022-08-10,2022-09-07,0.06666666666666667,114.65,114.0,-0.00037796191306876324
1546,PFIZER,2022-08-10,2022-09-07,0.06666666666666667,4238.0,4344.0,0.0016674532011955324
1547,DABUR,2022-08-10,2022-09-07,0.06666666666666667,588.95,569.95,-0.0021507202082802724
1548,PGHL,2022-08-10,2022-09-07,0.06666666666666667,4435.75,4300.0,-0.0020402412218903233
1549,BRITANNIA,2022-08-10,2022-09-07,0.06666666666666667,3640.0,3600.0,-0.0007326007326007326
1550,SANOFI,2022-08-10,2022-09-07,0.06666666666666667,4332.67,4100.0,-0.003580086490162726
1551,MRF,2022-08-10,2022-09-07,0.06666666666666667,86805.0,84900.0,-0.0014630493635159265
1552,TCS,2022-08-10,2022-09-07,0.06666666666666667,3385.0,3102.0,-0.0055736090595765635
1553,ALKEM,2022-08-10,2022-09-07,0.06666666666666667,3000.0,3048.2,0.0010711111111111069
1554,COCHINSHIP,2022-08-10,2022-09-07,0.06666666666666667,171.3,186.5,0.0059155477719400615
1555,SUNPHARMA,2022-08-10,2022-09-07,0.06666666666666667,913.2,879.5,-0.002460213169805814
1556,DRREDDY,2022-08-10,2022-09-07,0.06666666666666667,848.72,843.0,-0.000449304050020425
1557,ABSLAMC,2022-08-10,2022-09-07,0.06666666666666667,441.0,470.0,0.004383975812547241
1558,COLPAL,2022-09-07,2022-10-06,0.06666666666666667,1632.8,1608.65,-0.000986036256736888
1559,NESTLEIND,2022-09-07,2022-10-06,0.06666666666666667,952.1,967.11,0.001051010047964149
1560,SANOFI,2022-09-07,2022-10-06,0.06666666666666667,4100.0,4013.33,-0.001409268292682928
1561,CASTROLIND,2022-09-07,2022-10-06,0.06666666666666667,114.0,112.7,-0.0007602339181286533
1562,PFIZER,2022-09-07,2022-10-06,0.06666666666666667,4344.0,4445.0,0.0015500306936771025
1563,BRITANNIA,2022-09-07,2022-10-06,0.06666666666666667,3600.0,3837.25,0.004393518518518519
1564,DABUR,2022-09-07,2022-10-06,0.06666666666666667,569.95,557.5,-0.0014562680936924344
1565,PGHL,2022-09-07,2022-10-06,0.06666666666666667,4300.0,4204.9,-0.0014744186046511682
1566,ALKEM,2022-09-07,2022-10-06,0.06666666666666667,3048.2,3295.1,0.005399908142510336
1567,TCS,2022-09-07,2022-10-06,0.06666666666666667,3102.0,3111.0,0.00019342359767891682
1568,MRF,2022-09-07,2022-10-06,0.06666666666666667,84900.0,83238.0,-0.0013050647820965842
1569,MARICO,2022-09-07,2022-10-06,0.06666666666666667,519.05,531.45,0.0015926532447098985
1570,DRREDDY,2022-09-07,2022-10-06,0.06666666666666667,843.0,887.21,0.0034962435745353924
1571,ABSLAMC,2022-09-07,2022-10-06,0.06666666666666667,470.0,452.15,-0.0025319148936170243
1572,HINDUNILVR,2022-09-07,2022-10-06,0.06666666666666667,2571.8,2681.3,0.002838478886383078
1573,NESTLEIND,2022-10-07,2022-11-07,0.06666666666666667,963.76,1022.58,0.00406878614316151
1574,COLPAL,2022-10-07,2022-11-07,0.06666666666666667,1571.5,1590.9,0.0008229928942623859
1575,SANOFI,2022-10-07,2022-11-07,0.06666666666666667,3930.0,3733.33,-0.003336217133163699
1576,CASTROLIND,2022-10-07,2022-11-07,0.06666666666666667,112.5,126.65,0.008385185185185188
1577,PFIZER,2022-10-07,2022-11-07,0.06666666666666667,4440.0,4525.0,0.0012762762762762764
1578,PGHL,2022-10-07,2022-11-07,0.06666666666666667,4315.0,4240.8,-0.0011463885670142885
1579,BRITANNIA,2022-10-07,2022-11-07,0.06666666666666667,3776.0,3930.05,0.0027198093220339014
1580,DABUR,2022-10-07,2022-11-07,0.06666666666666667,537.9,557.5,0.002429199975212248
1581,ALKEM,2022-10-07,2022-11-07,0.06666666666666667,3275.0,3240.0,-0.000712468193384224
1582,TCS,2022-10-07,2022-11-07,0.06666666666666667,3097.4,3229.0,0.0028324831579173908
1583,ABSLAMC,2022-10-07,2022-11-07,0.06666666666666667,449.4,417.45,-0.00473965287049399
1584,PGHH,2022-10-07,2022-11-07,0.06666666666666667,13954.7,14130.0,0.000837471723983075
1585,SUNPHARMA,2022-10-07,2022-11-07,0.06666666666666667,953.0,1045.0,0.006435816719132563
1586,HINDUNILVR,2022-10-07,2022-11-07,0.06666666666666667,2611.9,2531.1,-0.0020623556287249433
1587,DRREDDY,2022-10-07,2022-11-07,0.06666666666666667,878.0,906.2,0.0021412300683371333
1588,SANOFI,2022-11-10,2022-12-09,0.06666666666666667,3738.03,3853.33,0.0020563416202295454
1589,COLPAL,2022-11-10,2022-12-09,0.06666666666666667,1584.4,1640.2,0.00234789194647816
1590,NESTLEIND,2022-11-10,2022-12-09,0.06666666666666667,1014.98,998.4,-0.001089019816482429
1591,PFIZER,2022-11-10,2022-12-09,0.06666666666666667,4375.95,4526.0,0.0022859798062896844
1592,CASTROLIND,2022-11-10,2022-12-09,0.06666666666666667,125.75,132.8,0.0037375745526839026
1593,TCS,2022-11-10,2022-12-09,0.06666666666666667,3170.0,3374.1,0.004292323869610933
1594,ITC,2022-11-10,2022-12-09,0.06666666666666667,359.0,339.75,-0.0035747446610956356
1595,PGHL,2022-11-10,2022-12-09,0.06666666666666667,4165.0,4200.0,0.0005602240896358544
1596,DABUR,2022-11-10,2022-12-09,0.06666666666666667,551.0,606.8,0.006751361161524496
1597,ALKEM,2022-11-10,2022-12-09,0.06666666666666667,3170.0,3115.0,-0.001156677181913775
1598,PFC,2022-11-10,2022-12-09,0.06666666666666667,94.4,116.44,0.015564971751412422
1599,PGHH,2022-11-10,2022-12-09,0.06666666666666667,13999.9,14290.0,0.0013814384388459936
1600,ICICIBANK,2022-11-10,2022-12-09,0.06666666666666667,907.55,932.0,0.0017960442950801642
1601,ABSLAMC,2022-11-10,2022-12-09,0.06666666666666667,422.1,442.75,0.0032614704256495263
1602,SUNPHARMA,2022-11-10,2022-12-09,0.06666666666666667,1010.0,980.8,-0.0019273927392739303
1603,SANOFI,2022-12-09,2023-01-09,0.06666666666666667,3853.33,3814.0,-0.0006804504156145451
1604,COLPAL,2022-12-09,2023-01-09,0.06666666666666667,1640.2,1524.0,-0.004723001260008943
1605,NESTLEIND,2022-12-09,2023-01-09,0.06666666666666667,998.4,996.75,-0.00011017628205128053
1606,PFIZER,2022-12-09,2023-01-09,0.06666666666666667,4526.0,4338.0,-0.002769185447046693
1607,ALKEM,2022-12-09,2023-01-09,0.06666666666666667,3115.0,3047.3,-0.0014489031567683215
1608,CASTROLIND,2022-12-09,2023-01-09,0.06666666666666667,132.8,126.65,-0.003087349397590364
1609,GLAXO,2022-12-09,2023-01-09,0.06666666666666667,1335.0,1306.0,-0.0014481897627965045
1610,PGHL,2022-12-09,2023-01-09,0.06666666666666667,4200.0,4012.1,-0.002982539682539684
1611,ITC,2022-12-09,2023-01-09,0.06666666666666667,339.75,336.95,-0.0005494235957812139
1612,WHIRLPOOL,2022-12-09,2023-01-09,0.06666666666666667,1526.05,1502.5,-0.0010287998427312322
1613,RELAXO,2022-12-09,2023-01-09,0.06666666666666667,937.15,898.4,-0.0027565846805029433
1614,TCS,2022-12-09,2023-01-09,0.06666666666666667,3374.1,3229.0,-0.0028669373561344734
1615,CIPLA,2022-12-09,2023-01-09,0.06666666666666667,1115.0,1081.75,-0.0019880418535127057
1616,ICICIBANK,2022-12-09,2023-01-09,0.06666666666666667,932.0,874.25,-0.004130901287553648
1617,BHARTIARTL,2022-12-09,2023-01-09,0.06666666666666667,830.3,802.7,-0.0022160664819944526
1618,PFIZER,2023-01-10,2023-02-08,0.06666666666666667,4351.0,3870.9,-0.00735616333409944
1619,SANOFI,2023-01-10,2023-02-08,0.06666666666666667,3780.0,3556.6,-0.003940035273368609
1620,NESTLEIND,2023-01-10,2023-02-08,0.06666666666666667,1003.15,947.5,-0.003698350196879827
1621,COLPAL,2023-01-10,2023-02-08,0.06666666666666667,1537.95,1470.0,-0.0029454793718911554
1622,GLAXO,2023-01-10,2023-02-08,0.06666666666666667,1304.7,1242.15,-0.003196137042998388
1623,ALKEM,2023-01-10,2023-02-08,0.06666666666666667,3064.65,3051.5,-0.0002860576792347161
1624,WHIRLPOOL,2023-01-10,2023-02-08,0.06666666666666667,1494.75,1256.75,-0.010614930032892904
1625,ITC,2023-01-10,2023-02-08,0.06666666666666667,337.9,374.75,0.007270395580546518
1626,PGHL,2023-01-10,2023-02-08,0.06666666666666667,4006.1,4709.0,0.01169716182821198
1627,RELAXO,2023-01-10,2023-02-08,0.06666666666666667,894.8,792.45,-0.007625540157949628
1628,CASTROLIND,2023-01-10,2023-02-08,0.06666666666666667,125.15,120.0,-0.0027433746171261182
1629,CIPLA,2023-01-10,2023-02-08,0.06666666666666667,1086.5,1035.0,-0.003159993864089584
1630,ICICIBANK,2023-01-10,2023-02-08,0.06666666666666667,875.4,852.5,-0.0017439646637727496
1631,PGHH,2023-01-10,2023-02-08,0.06666666666666667,14054.7,13626.0,-0.0020334834610486207
1632,SUNPHARMA,2023-01-10,2023-02-08,0.06666666666666667,1016.0,1004.8,-0.0007349081364829426
1633,SANOFI,2023-02-08,2023-03-09,0.06666666666666667,3556.6,3840.0,0.005312189544321357
1634,PFIZER,2023-02-08,2023-03-09,0.06666666666666667,3870.9,3741.0,-0.002237205817768479
1635,GLAXO,2023-02-08,2023-03-09,0.06666666666666667,1242.15,1284.8,0.0022890418494814027
1636,ALKEM,2023-02-08,2023-03-09,0.06666666666666667,3051.5,3145.0,0.002042711234911792
1637,NESTLEIND,2023-02-08,2023-03-09,0.06666666666666667,947.5,925.0,-0.0015831134564643799
1638,COLPAL,2023-02-08,2023-03-09,0.06666666666666667,1470.0,1502.05,0.0014535147392290228
1639,ITC,2023-02-08,2023-03-09,0.06666666666666667,374.75,392.1,0.0030865021125194613
1640,CASTROLIND,2023-02-08,2023-03-09,0.06666666666666667,120.0,116.15,-0.0021388888888888855
1641,SUNPHARMA,2023-02-08,2023-03-09,0.06666666666666667,1004.8,957.5,-0.0031382696390658145
1642,WHIRLPOOL,2023-02-08,2023-03-09,0.06666666666666667,1256.75,1357.35,0.00533651614614415
1643,PGHH,2023-02-08,2023-03-09,0.06666666666666667,13626.0,13919.6,0.0014364694945936708
1644,RELAXO,2023-02-08,2023-03-09,0.06666666666666667,792.45,763.55,-0.002431278524407436
1645,CIPLA,2023-02-08,2023-03-09,0.06666666666666667,1035.0,877.25,-0.010161030595813204
1646,TORNTPHARM,2023-02-08,2023-03-09,0.06666666666666667,1536.1,1519.55,-0.0007182692099038672
1647,ABSLAMC,2023-02-08,2023-03-09,0.06666666666666667,407.95,376.4,-0.005155860603832171
1648,PFIZER,2023-03-10,2023-04-10,0.06666666666666667,3725.35,3660.0,-0.0011694650614483633
1649,GLAXO,2023-03-10,2023-04-10,0.06666666666666667,1293.0,1304.6,0.0005980922918277859
1650,SANOFI,2023-03-10,2023-04-10,0.06666666666666667,3865.97,3956.67,0.0015640749065995558
1651,COLPAL,2023-03-10,2023-04-10,0.06666666666666667,1480.9,1538.6,0.0025975195264141093
1652,ALKEM,2023-03-10,2023-04-10,0.06666666666666667,3135.0,3403.25,0.005704412546517809
1653,NESTLEIND,2023-03-10,2023-04-10,0.06666666666666667,926.5,985.0,0.004209390178089584
1654,PGHH,2023-03-10,2023-04-10,0.06666666666666667,13880.0,14199.0,0.0015321805955811718
1655,ICICIBANK,2023-03-10,2023-04-10,0.06666666666666667,844.7,880.05,0.002789945148178833
1656,ITC,2023-03-10,2023-04-10,0.06666666666666667,386.95,387.35,6.891501916699559e-05
1657,CASTROLIND,2023-03-10,2023-04-10,0.06666666666666667,115.8,114.85,-0.0005469199769717921
1658,SUNPHARMA,2023-03-10,2023-04-10,0.06666666666666667,946.5,1015.0,0.004824793097376298
1659,RELAXO,2023-03-10,2023-04-10,0.06666666666666667,752.05,832.95,0.0071715089865478894
1660,BHARTIARTL,2023-03-10,2023-04-10,0.06666666666666667,773.0,768.95,-0.00034928848641655494
1661,KOTAKBANK,2023-03-10,2023-04-10,0.06666666666666667,1707.0,1757.15,0.001958601835578992
1662,TCS,2023-03-10,2023-04-10,0.06666666666666667,3312.9,3220.0,-0.0018694597885035285
1663,GLAXO,2023-04-11,2023-05-10,0.06666666666666667,1291.4,1280.0,-0.00058850859532291
1664,PFIZER,2023-04-11,2023-05-10,0.06666666666666667,3618.4,3790.0,0.0031616183948706593
1665,SANOFI,2023-04-11,2023-05-10,0.06666666666666667,4023.33,3760.0,-0.004363383896755506
1666,COLPAL,2023-04-11,2023-05-10,0.06666666666666667,1538.0,1584.0,0.0019939315127871695
1667,NESTLEIND,2023-04-11,2023-05-10,0.06666666666666667,982.4,1098.57,0.007883414766558086
1668,PGHH,2023-04-11,2023-05-10,0.06666666666666667,14145.15,13887.95,-0.0012121940500218517
1669,ITC,2023-04-11,2023-05-10,0.06666666666666667,388.55,423.95,0.006073864367520263
1670,ALKEM,2023-04-11,2023-05-10,0.06666666666666667,3370.0,3622.55,0.0049960435212660775
1671,KOTAKBANK,2023-04-11,2023-05-10,0.06666666666666667,1847.2,1960.0,0.004071026418362926
1672,ICICIBANK,2023-04-11,2023-05-10,0.06666666666666667,873.7,934.6,0.004646903971614969
1673,SUNPHARMA,2023-04-11,2023-05-10,0.06666666666666667,1008.6,957.0,-0.003410668253023995
1674,DRREDDY,2023-04-11,2023-05-10,0.06666666666666667,954.6,992.97,0.002679656400586633
1675,CASTROLIND,2023-04-11,2023-05-10,0.06666666666666667,114.7,116.0,0.000755594303981399
1676,HDFCBANK,2023-04-11,2023-05-10,0.06666666666666667,1659.0,1644.5,-0.0005826803295157725
1677,WHIRLPOOL,2023-04-11,2023-05-10,0.06666666666666667,1327.45,1333.45,0.00030132961693472447
1678,GLAXO,2023-05-10,2023-06-08,0.06666666666666667,1280.0,1390.8,0.005770833333333331
1679,PFIZER,2023-05-10,2023-06-08,0.06666666666666667,3790.0,3955.0,0.0029023746701846965
1680,SANOFI,2023-05-10,2023-06-08,0.06666666666666667,3760.0,4781.3,0.018108156028368797
1681,COLPAL,2023-05-10,2023-06-08,0.06666666666666667,1584.0,1636.7,0.00221801346801347
1682,PGHH,2023-05-10,2023-06-08,0.06666666666666667,13887.95,13830.0,-0.00027817880488721386
1683,GODREJAGRO,2023-05-10,2023-06-08,0.06666666666666667,417.15,439.25,0.0035319029925286708
1684,NESTLEIND,2023-05-10,2023-06-08,0.06666666666666667,1098.57,1123.0,0.0014825333539662206
1685,ITC,2023-05-10,2023-06-08,0.06666666666666667,423.95,445.7,0.0034202146479537683
1686,SUNPHARMA,2023-05-10,2023-06-08,0.06666666666666667,957.0,1015.0,0.00404040404040404
1687,ALKEM,2023-05-10,2023-06-08,0.06666666666666667,3622.55,3401.8,-0.004062515815286653
1688,ICICIBANK,2023-05-10,2023-06-08,0.06666666666666667,934.6,936.6,0.00014266352806904914
1689,DRREDDY,2023-05-10,2023-06-08,0.06666666666666667,992.97,935.0,-0.0038920276208411816
1690,UBL,2023-05-10,2023-06-08,0.06666666666666667,1385.5,1511.85,0.0060796343077108095
1691,IOC,2023-05-10,2023-06-08,0.06666666666666667,84.5,90.75,0.004930966469428008
1692,HDFCBANK,2023-05-10,2023-06-08,0.06666666666666667,1644.5,1603.25,-0.0016722408026755853
1693,PFIZER,2023-06-09,2023-07-10,0.06666666666666667,3967.35,3810.0,-0.002644082321952939
1694,GLAXO,2023-06-09,2023-07-10,0.06666666666666667,1369.2,1405.0,0.001743110332067385
1695,COLPAL,2023-06-09,2023-07-10,0.06666666666666667,1630.0,1770.05,0.005728016359918199
1696,PGHH,2023-06-09,2023-07-10,0.06666666666666667,13710.0,14921.0,0.005888645757354729
1697,GODREJAGRO,2023-06-09,2023-07-10,0.06666666666666667,438.65,460.3,0.0032903985713742976
1698,NESTLEIND,2023-06-09,2023-07-10,0.06666666666666667,1105.05,1143.45,0.002316637256232755
1699,ITC,2023-06-09,2023-07-10,0.06666666666666667,435.15,470.0,0.005339155080623544
1700,TORNTPHARM,2023-06-09,2023-07-10,0.06666666666666667,1808.5,1919.4,0.004088102479034193
1701,SUNPHARMA,2023-06-09,2023-07-10,0.06666666666666667,984.0,1036.0,0.0035230352303523035
1702,ICICIBANK,2023-06-09,2023-07-10,0.06666666666666667,941.4,946.0,0.0003257559662913408
1703,ALKEM,2023-06-09,2023-07-10,0.06666666666666667,3460.0,3492.4,0.0006242774566474006
1704,IOC,2023-06-09,2023-07-10,0.06666666666666667,90.2,101.0,0.007982261640798223
1705,DRREDDY,2023-06-09,2023-07-10,0.06666666666666667,936.21,1038.99,0.007318870766174253
1706,UBL,2023-06-09,2023-07-10,0.06666666666666667,1494.15,1505.0,0.00048411025220582084
1707,HDFCBANK,2023-06-09,2023-07-10,0.06666666666666667,1615.9,1661.0,0.0018606761969593788
1708,PFIZER,2023-07-12,2023-08-10,0.06666666666666667,3796.4,4061.9,0.004662311663681382
1709,GLAXO,2023-07-12,2023-08-10,0.06666666666666667,1395.0,1440.5,0.002174432497013142
1710,ICICIBANK,2023-07-12,2023-08-10,0.06666666666666667,948.4,971.55,0.0016273021228736101
1711,PGHH,2023-07-12,2023-08-10,0.06666666666666667,14712.45,15490.0,0.0035233198187022974
1712,ITC,2023-07-12,2023-08-10,0.06666666666666667,477.75,458.9,-0.002630385487528348
1713,NESTLEIND,2023-07-12,2023-08-10,0.06666666666666667,1146.95,1108.15,-0.0022552566952933114
1714,PIDILITIND,2023-07-12,2023-08-10,0.06666666666666667,2579.05,2619.0,0.0010326799919867086
1715,GODREJAGRO,2023-07-12,2023-08-10,0.06666666666666667,466.8,491.8,0.003570408454727221
1716,BAYERCROP,2023-07-12,2023-08-10,0.06666666666666667,4650.35,4811.0,0.002303052458417103
1717,COLPAL,2023-07-12,2023-08-10,0.06666666666666667,1803.0,1968.6,0.00612312811980033
1718,TORNTPHARM,2023-07-12,2023-08-10,0.06666666666666667,1944.0,2074.9,0.00448902606310014
1719,SUNPHARMA,2023-07-12,2023-08-10,0.06666666666666667,1075.0,1150.6,0.00468837209302325
1720,UBL,2023-07-12,2023-08-10,0.06666666666666667,1485.0,1551.25,0.002974186307519641
1721,DRREDDY,2023-07-12,2023-08-10,0.06666666666666667,1030.0,1176.02,0.009451132686084142
1722,HINDUNILVR,2023-07-12,2023-08-10,0.06666666666666667,2704.95,2549.05,-0.00384233842892967
1723,GLAXO,2023-08-11,2023-09-11,0.06666666666666667,1431.6,1465.0,0.0015553692837850467
1724,PFIZER,2023-08-11,2023-09-11,0.06666666666666667,4033.0,3850.0,-0.003025043392015869
1725,PGHH,2023-08-11,2023-09-11,0.06666666666666667,15647.0,17130.05,0.006318783153320122
1726,ICICIBANK,2023-08-11,2023-09-11,0.06666666666666667,963.4,974.95,0.0007992526468756535
1727,SUNPHARMA,2023-08-11,2023-09-11,0.06666666666666667,1150.05,1130.45,-0.0011361824848194954
1728,NESTLEIND,2023-08-11,2023-09-11,0.06666666666666667,1099.49,1095.5,-0.00024193034952568976
1729,PIDILITIND,2023-08-11,2023-09-11,0.06666666666666667,2550.05,2519.0,-0.0008117487892394315
1730,HINDUNILVR,2023-08-11,2023-09-11,0.06666666666666667,2535.0,2513.8,-0.000557527942143322
1731,DRREDDY,2023-08-11,2023-09-11,0.06666666666666667,1170.8,1119.0,-0.0029495501651292536
1732,ALKEM,2023-08-11,2023-09-11,0.06666666666666667,4100.5,3635.0,-0.007568182741942039
1733,BHARTIARTL,2023-08-11,2023-09-11,0.06666666666666667,872.0,888.0,0.0012232415902140672
1734,GRASIM,2023-08-11,2023-09-11,0.06666666666666667,1828.8,1849.75,0.0007637066200058343
1735,BATAINDIA,2023-08-11,2023-09-11,0.06666666666666667,1645.45,1720.0,0.003020450332735724
1736,KOTAKBANK,2023-08-11,2023-09-11,0.06666666666666667,1798.0,1800.0,7.415647015202076e-05
1737,TORNTPHARM,2023-08-11,2023-09-11,0.06666666666666667,2053.25,1876.25,-0.005746986484841106
1738,GLAXO,2023-09-12,2023-10-11,0.06666666666666667,1466.1,1543.85,0.0035354568810676856
1739,ICICIBANK,2023-09-12,2023-10-11,0.06666666666666667,990.1,954.9,-0.002370130963202373
1740,PFIZER,2023-09-12,2023-10-11,0.06666666666666667,3887.85,3970.0,0.0014086620282847005
1741,SUNPHARMA,2023-09-12,2023-10-11,0.06666666666666667,1142.05,1128.0,-0.0008201625731506184
1742,PIDILITIND,2023-09-12,2023-10-11,0.06666666666666667,2530.0,2456.0,-0.0019499341238471675
1743,NESTLEIND,2023-09-12,2023-10-11,0.06666666666666667,1106.71,1148.4,0.0025113474472385146
1744,SUNDARMFIN,2023-09-12,2023-10-11,0.06666666666666667,2671.95,3299.0,0.015645252842805196
1745,KOTAKBANK,2023-09-12,2023-10-11,0.06666666666666667,1819.0,1760.05,-0.0021605277625068734
1746,HINDUNILVR,2023-09-12,2023-10-11,0.06666666666666667,2549.0,2518.35,-0.0008016215509350095
1747,GRASIM,2023-09-12,2023-10-11,0.06666666666666667,1865.0,1935.95,0.0025361930294906182
1748,BHARTIARTL,2023-09-12,2023-10-11,0.06666666666666667,894.9,948.5,0.003992997355384216
1749,BOSCHLTD,2023-09-12,2023-10-11,0.06666666666666667,19494.0,19717.75,0.0007651927088676857
1750,DRREDDY,2023-09-12,2023-10-11,0.06666666666666667,1127.99,1102.0,-0.001536065627059342
1751,WHIRLPOOL,2023-09-12,2023-10-11,0.06666666666666667,1691.0,1668.9,-0.0008712793219002526
1752,MARUTI,2023-09-12,2023-10-11,0.06666666666666667,10544.0,10349.95,-0.0012269221041982755
1753,ICICIBANK,2023-10-11,2023-11-09,0.06666666666666667,954.9,934.0,-0.0014591405731839268
1754,PFIZER,2023-10-11,2023-11-09,0.06666666666666667,3970.0,3945.25,-0.00041561712846347604
1755,SUNPHARMA,2023-10-11,2023-11-09,0.06666666666666667,1128.0,1181.0,0.0031323877068557917
1756,PIDILITIND,2023-10-11,2023-11-09,0.06666666666666667,2456.0,2465.1,0.0002470141150922885
1757,GLAXO,2023-10-11,2023-11-09,0.06666666666666667,1543.85,1446.3,-0.004212412691215682
1758,NESTLEIND,2023-10-11,2023-11-09,0.06666666666666667,1148.4,1217.5,0.004011378149309178
1759,KOTAKBANK,2023-10-11,2023-11-09,0.06666666666666667,1760.05,1745.9,-0.0005359696220751253
1760,HINDUNILVR,2023-10-11,2023-11-09,0.06666666666666667,2518.35,2520.05,4.500301123090576e-05
1761,BHARTIARTL,2023-10-11,2023-11-09,0.06666666666666667,948.5,936.75,-0.0008258654015111579
1762,ASIANPAINT,2023-10-11,2023-11-09,0.06666666666666667,3169.0,3100.0,-0.001451562006942253
1763,MARUTI,2023-10-11,2023-11-09,0.06666666666666667,10349.95,10349.95,0.0
1764,GRASIM,2023-10-11,2023-11-09,0.06666666666666667,1935.95,1937.4,4.993241905352395e-05
1765,TCS,2023-10-11,2023-11-09,0.06666666666666667,3650.0,3390.1,-0.004747031963470321
1766,BATAINDIA,2023-10-11,2023-11-09,0.06666666666666667,1652.0,1530.0,-0.004923325262308313
1767,ITC,2023-10-11,2023-11-09,0.06666666666666667,447.2,437.8,-0.001401311866428142
1768,ICICIBANK,2023-11-10,2023-12-11,0.06666666666666667,934.9,1007.1,0.005148500730915965
1769,PFIZER,2023-11-10,2023-12-11,0.06666666666666667,3911.5,4096.0,0.0031445736929566663
1770,SUNPHARMA,2023-11-10,2023-12-11,0.06666666666666667,1174.05,1236.0,0.003517737745411186
1771,HINDUNILVR,2023-11-10,2023-12-11,0.06666666666666667,2477.0,2522.3,0.0012192167945094922
1772,BRITANNIA,2023-11-10,2023-12-11,0.06666666666666667,4657.45,4959.9,0.004329264583266234
1773,MARUTI,2023-11-10,2023-12-11,0.06666666666666667,10375.0,10630.0,0.00163855421686747
1774,NESTLEIND,2023-11-10,2023-12-11,0.06666666666666667,1211.34,1244.0,0.0017974584619787498
1775,KOTAKBANK,2023-11-10,2023-12-11,0.06666666666666667,1734.6,1845.0,0.004243053153464779
1776,BHARTIARTL,2023-11-10,2023-12-11,0.06666666666666667,929.0,996.1,0.004815213491209187
1777,ASIANPAINT,2023-11-10,2023-12-11,0.06666666666666667,3070.0,3230.0,0.0034744842562432136
1778,BOSCHLTD,2023-11-10,2023-12-11,0.06666666666666667,19325.1,21626.25,0.007938380655210069
1779,PIDILITIND,2023-11-10,2023-12-11,0.06666666666666667,2457.55,2561.65,0.002823950682590382
1780,BATAINDIA,2023-11-10,2023-12-11,0.06666666666666667,1570.0,1668.0,0.0041613588110403395
1781,ITC,2023-11-10,2023-12-11,0.06666666666666667,434.4,451.5,0.002624309392265197
1782,GLAXO,2023-11-10,2023-12-11,0.06666666666666667,1472.0,1693.0,0.010009057971014493
1783,PFIZER,2023-12-12,2024-01-10,0.06666666666666667,4098.8,4377.9,0.004539540027975658
1784,SUNPHARMA,2023-12-12,2024-01-10,0.06666666666666667,1249.0,1330.05,0.004326127568721642
1785,HINDUNILVR,2023-12-12,2024-01-10,0.06666666666666667,2500.0,2580.0,0.002133333333333333
1786,ICICIBANK,2023-12-12,2024-01-10,0.06666666666666667,1017.1,974.3,-0.002805361649133161
1787,MARUTI,2023-12-12,2024-01-10,0.06666666666666667,10620.0,10049.95,-0.0035784682988072775
1788,NESTLEIND,2023-12-12,2024-01-10,0.06666666666666667,1252.17,1295.0,0.002280308051888584
1789,BRITANNIA,2023-12-12,2024-01-10,0.06666666666666667,4968.0,5111.0,0.001918947933440687
1790,ASIANPAINT,2023-12-12,2024-01-10,0.06666666666666667,3228.0,3292.0,0.001321767864518794
1791,KOTAKBANK,2023-12-12,2024-01-10,0.06666666666666667,1848.0,1820.8,-0.000981240981240983
1792,HDFCBANK,2023-12-12,2024-01-10,0.06666666666666667,1654.2,1643.0,-0.0004513762946842399
1793,BHARTIARTL,2023-12-12,2024-01-10,0.06666666666666667,999.25,1066.95,0.004516720873988828
1794,GRASIM,2023-12-12,2024-01-10,0.06666666666666667,2090.0,2058.8,-0.0009952153110047788
1795,BATAINDIA,2023-12-12,2024-01-10,0.06666666666666667,1677.0,1572.0,-0.0041741204531902205
1796,PIDILITIND,2023-12-12,2024-01-10,0.06666666666666667,2546.05,2712.0,0.004345293035617258
1797,TCS,2023-12-12,2024-01-10,0.06666666666666667,3638.95,3690.0,0.0009352514690593016
1798,PFIZER,2024-01-10,2024-02-08,0.06666666666666667,4377.9,4637.0,0.003945575123537166
1799,HINDUNILVR,2024-01-10,2024-02-08,0.06666666666666667,2580.0,2441.8,-0.003571059431524543
1800,ICICIBANK,2024-01-10,2024-02-08,0.06666666666666667,974.3,1024.1,0.00340757466899312
1801,SUNPHARMA,2024-01-10,2024-02-08,0.06666666666666667,1330.05,1501.05,0.008571106349385363
1802,MARUTI,2024-01-10,2024-02-08,0.06666666666666667,10049.95,10951.0,0.005977144164896337
1803,BRITANNIA,2024-01-10,2024-02-08,0.06666666666666667,5111.0,5101.0,-0.0001304376182090915
1804,BHARTIARTL,2024-01-10,2024-02-08,0.06666666666666667,1066.95,1144.4,0.0048393395504319195
1805,ASIANPAINT,2024-01-10,2024-02-08,0.06666666666666667,3292.0,2999.75,-0.005918388011340624
1806,HDFCBANK,2024-01-10,2024-02-08,0.06666666666666667,1643.0,1429.85,-0.0086488131466829
1807,KOTAKBANK,2024-01-10,2024-02-08,0.06666666666666667,1820.8,1801.55,-0.0007048183948447568
1808,TITAN,2024-01-10,2024-02-08,0.06666666666666667,3708.0,3604.8,-0.0018554476806903958
1809,GRASIM,2024-01-10,2024-02-08,0.06666666666666667,2058.8,2123.0,0.002078880901496011
1810,PIDILITIND,2024-01-10,2024-02-08,0.06666666666666667,2712.0,2685.1,-0.0006612586037364821
1811,ITC,2024-01-10,2024-02-08,0.06666666666666667,464.55,429.0,-0.005101711333548597
1812,BOSCHLTD,2024-01-10,2024-02-08,0.06666666666666667,22799.5,25222.95,0.00708626651169251
1813,HINDUNILVR,2024-02-09,2024-03-11,0.06666666666666667,2417.05,2409.0,-0.00022203374637127027
1814,ICICIBANK,2024-02-09,2024-03-11,0.06666666666666667,988.85,1087.95,0.006681161618715344
1815,PFIZER,2024-02-09,2024-03-11,0.06666666666666667,4549.0,4524.95,-0.00035245841576903616
1816,SUNPHARMA,2024-02-09,2024-03-11,0.06666666666666667,1500.9,1615.15,0.005074732938014968
1817,ASIANPAINT,2024-02-09,2024-03-11,0.06666666666666667,2930.0,2895.55,-0.0007838452787258207
1818,TITAN,2024-02-09,2024-03-11,0.06666666666666667,3549.1,3802.9,0.004767405821194109
1819,MARUTI,2024-02-09,2024-03-11,0.06666666666666667,10711.25,11515.15,0.005003462092037185
1820,BRITANNIA,2024-02-09,2024-03-11,0.06666666666666667,4875.55,4894.05,0.0002529629135858177
1821,VINATIORGA,2024-02-09,2024-03-11,0.06666666666666667,1677.05,1613.0,-0.0025461375629826167
1822,ITC,2024-02-09,2024-03-11,0.06666666666666667,410.1,416.8,0.0010891652442493681
1823,BHARTIARTL,2024-02-09,2024-03-11,0.06666666666666667,1145.95,1186.0,0.002329944587460183
1824,BATAINDIA,2024-02-09,2024-03-11,0.06666666666666667,1422.25,1452.0,0.0013945040135934846
1825,RELAXO,2024-02-09,2024-03-11,0.06666666666666667,863.95,838.4,-0.001971564712464075
1826,KOTAKBANK,2024-02-09,2024-03-11,0.06666666666666667,1730.0,1765.9,0.001383429672447017
1827,NESTLEIND,2024-02-09,2024-03-11,0.06666666666666667,1221.42,1280.47,0.003223024567033996
1828,HINDUNILVR,2024-03-12,2024-04-10,0.06666666666666667,2380.0,2276.9,-0.002887955182072826
1829,ICICIBANK,2024-03-12,2024-04-10,0.06666666666666667,1077.05,1110.95,0.0020983241260851457
1830,ASIANPAINT,2024-03-12,2024-04-10,0.06666666666666667,2880.0,2883.3,7.63888888888931e-05
1831,SUNPHARMA,2024-03-12,2024-04-10,0.06666666666666667,1592.2,1603.05,0.0004542980362600975
1832,BRITANNIA,2024-03-12,2024-04-10,0.06666666666666667,4935.7,4818.5,-0.001583024359935434
1833,BATAINDIA,2024-03-12,2024-04-10,0.06666666666666667,1446.0,1344.0,-0.004702627939142462
1834,TITAN,2024-03-12,2024-04-10,0.06666666666666667,3762.0,3690.0,-0.0012759170653907496
1835,ITC,2024-03-12,2024-04-10,0.06666666666666667,406.5,428.3,0.003575235752357525
1836,PFIZER,2024-03-12,2024-04-10,0.06666666666666667,4448.0,4242.0,-0.0030875299760191846
1837,BHARTIARTL,2024-03-12,2024-04-10,0.06666666666666667,1200.0,1213.25,0.0007361111111111111
1838,MARUTI,2024-03-12,2024-04-10,0.06666666666666667,11400.0,12933.0,0.008964912280701755
1839,RELAXO,2024-03-12,2024-04-10,0.06666666666666667,826.0,828.15,0.00017352703793381576
1840,NESTLEIND,2024-03-12,2024-04-10,0.06666666666666667,1303.03,1257.0,-0.0023550238034939063
1841,DABUR,2024-03-12,2024-04-10,0.06666666666666667,530.55,505.0,-0.003210504822040016
1842,VINATIORGA,2024-03-12,2024-04-10,0.06666666666666667,1604.0,1488.65,-0.0047942643391521165
1843,HINDUNILVR,2024-04-12,2024-05-10,0.06666666666666667,2260.9,2321.0,0.0017721556312382946
1844,ICICIBANK,2024-04-12,2024-05-10,0.06666666666666667,1103.5,1118.0,0.0008760006041383477
1845,ASIANPAINT,2024-04-12,2024-05-10,0.06666666666666667,2890.0,2699.0,-0.004405997693194925
1846,SUNPHARMA,2024-04-12,2024-05-10,0.06666666666666667,1595.0,1494.65,-0.004194357366771156
1847,BATAINDIA,2024-04-12,2024-05-10,0.06666666666666667,1382.05,1306.5,-0.0036443447535665597
1848,BRITANNIA,2024-04-12,2024-05-10,0.06666666666666667,4818.0,5070.1,0.0034883077348830823
1849,TITAN,2024-04-12,2024-05-10,0.06666666666666667,3689.55,3258.1,-0.0077958920012829065
1850,ITC,2024-04-12,2024-05-10,0.06666666666666667,435.0,426.5,-0.0013026819923371647
1851,DABUR,2024-04-12,2024-05-10,0.06666666666666667,507.0,550.95,0.005779092702169631
1852,BHARTIARTL,2024-04-12,2024-05-10,0.06666666666666667,1226.1,1275.05,0.002661555609928502
1853,KOTAKBANK,2024-04-12,2024-05-10,0.06666666666666667,1811.0,1643.0,-0.006184428492545554
1854,NESTLEIND,2024-04-12,2024-05-10,0.06666666666666667,1267.35,1256.72,-0.0005591720256177526
1855,MARUTI,2024-04-12,2024-05-10,0.06666666666666667,12660.0,12505.0,-0.0008162190626645604
1856,ULTRACEMCO,2024-04-12,2024-05-10,0.06666666666666667,9789.95,9462.8,-0.0022277948304128313
1857,TCS,2024-04-12,2024-05-10,0.06666666666666667,3971.0,3962.6,-0.00014102241249055805
1858,HINDUNILVR,2024-05-10,2024-06-10,0.06666666666666667,2321.0,2579.0,0.007410598879793192
1859,ICICIBANK,2024-05-10,2024-06-10,0.06666666666666667,1118.0,1116.0,-0.00011926058437686345
1860,ASIANPAINT,2024-05-10,2024-06-10,0.06666666666666667,2699.0,2928.0,0.005656415956527108
1861,BATAINDIA,2024-05-10,2024-06-10,0.06666666666666667,1306.5,1485.9,0.009154228855721399
1862,ITC,2024-05-10,2024-06-10,0.06666666666666667,426.5,440.0,0.0021101992966002345
1863,SUNPHARMA,2024-05-10,2024-06-10,0.06666666666666667,1494.65,1519.0,0.0010860959644955856
1864,DABUR,2024-05-10,2024-06-10,0.06666666666666667,550.95,604.2,0.006443415917959887
1865,BRITANNIA,2024-05-10,2024-06-10,0.06666666666666667,5070.1,5465.0,0.005192534006561339
1866,NESTLEIND,2024-05-10,2024-06-10,0.06666666666666667,1256.72,1255.0,-9.1242811976151e-05
1867,BHARTIARTL,2024-05-10,2024-06-10,0.06666666666666667,1275.05,1421.05,0.007633687567807798
1868,HDFCBANK,2024-05-10,2024-06-10,0.06666666666666667,1439.0,1574.0,0.006254343293954135
1869,MARUTI,2024-05-10,2024-06-10,0.06666666666666667,12505.0,12765.15,0.0013869119019059024
1870,ULTRACEMCO,2024-05-10,2024-06-10,0.06666666666666667,9462.8,10495.0,0.007271984331628417
1871,TITAN,2024-05-10,2024-06-10,0.06666666666666667,3258.1,3443.0,0.003783391137984308
1872,TCS,2024-05-10,2024-06-10,0.06666666666666667,3962.6,3895.0,-0.0011373004256464596
1873,HINDUNILVR,2024-06-11,2024-07-10,0.06666666666666667,2566.0,2581.0,0.0003897116134060795
1874,ASIANPAINT,2024-06-11,2024-07-10,0.06666666666666667,2915.0,2900.05,-0.00034190966266437546
1875,SUNPHARMA,2024-06-11,2024-07-10,0.06666666666666667,1524.0,1592.8,0.0030096237970253696
1876,ITC,2024-06-11,2024-07-10,0.06666666666666667,437.0,453.7,0.002547673531655223
1877,BRITANNIA,2024-06-11,2024-07-10,0.06666666666666667,5500.0,5670.05,0.0020612121212121234
1878,BATAINDIA,2024-06-11,2024-07-10,0.06666666666666667,1490.0,1525.25,0.0015771812080536912
1879,ICICIBANK,2024-06-11,2024-07-10,0.06666666666666667,1119.75,1252.75,0.007918434174294858
1880,NESTLEIND,2024-06-11,2024-07-10,0.06666666666666667,1280.0,1318.95,0.002028645833333336
1881,TCS,2024-06-11,2024-07-10,0.06666666666666667,3845.0,3983.7,0.002404854789770261
1882,MARUTI,2024-06-11,2024-07-10,0.06666666666666667,12743.5,12950.05,0.0010805508690705026
1883,DABUR,2024-06-11,2024-07-10,0.06666666666666667,619.85,630.0,0.0010916619612271763
1884,TITAN,2024-06-11,2024-07-10,0.06666666666666667,3418.2,3217.75,-0.0039094650205761285
1885,BHARTIARTL,2024-06-11,2024-07-10,0.06666666666666667,1426.0,1441.0,0.0007012622720897616
1886,DRREDDY,2024-06-11,2024-07-10,0.06666666666666667,1217.0,1314.9,0.005362914270063001
1887,MRF,2024-06-11,2024-07-10,0.06666666666666667,126970.0,131999.0,0.0026405187577117953
1888,HINDUNILVR,2024-07-10,2024-08-08,0.06666666666666667,2581.0,2754.0,0.004468552240733566
1889,ASIANPAINT,2024-07-10,2024-08-08,0.06666666666666667,2900.05,3080.0,0.004136710286604249
1890,SUNPHARMA,2024-07-10,2024-08-08,0.06666666666666667,1592.8,1735.0,0.005951783023606229
1891,ITC,2024-07-10,2024-08-08,0.06666666666666667,453.7,494.0,0.005921680993314233
1892,BRITANNIA,2024-07-10,2024-08-08,0.06666666666666667,5670.05,5844.75,0.002054067718391664
1893,NESTLEIND,2024-07-10,2024-08-08,0.06666666666666667,1318.95,1259.28,-0.003016035482770389
1894,BATAINDIA,2024-07-10,2024-08-08,0.06666666666666667,1525.25,1465.95,-0.002591924821067582
1895,ICICIBANK,2024-07-10,2024-08-08,0.06666666666666667,1252.75,1166.95,-0.00456595489922171
1896,TCS,2024-07-10,2024-08-08,0.06666666666666667,3983.7,4181.0,0.0033017881199220184
1897,DABUR,2024-07-10,2024-08-08,0.06666666666666667,630.0,639.0,0.0009523809523809524
1898,DRREDDY,2024-07-10,2024-08-08,0.06666666666666667,1314.9,1385.0,0.0035541359292214822
1899,SBICARD,2024-07-10,2024-08-08,0.06666666666666667,730.85,713.5,-0.0015826320950491455
1900,MARUTI,2024-07-10,2024-08-08,0.06666666666666667,12950.05,12371.0,-0.0029809408715281626
1901,TITAN,2024-07-10,2024-08-08,0.06666666666666667,3217.75,3337.0,0.002470670499572683
1902,BHARTIARTL,2024-07-10,2024-08-08,0.06666666666666667,1441.0,1435.0,-0.0002775850104094379
1903,HINDUNILVR,2024-08-09,2024-09-09,0.06666666666666667,2756.0,2853.1,0.002348814707305271
1904,ASIANPAINT,2024-08-09,2024-09-09,0.06666666666666667,3039.0,3273.7,0.005148623450696497
1905,BRITANNIA,2024-08-09,2024-09-09,0.06666666666666667,5770.4,5859.95,0.0010345903230278685
1906,SUNPHARMA,2024-08-09,2024-09-09,0.06666666666666667,1749.8,1824.55,0.0028479445269935615
1907,ITC,2024-08-09,2024-09-09,0.06666666666666667,498.0,502.0,0.000535475234270415
1908,NESTLEIND,2024-08-09,2024-09-09,0.06666666666666667,1253.3,1247.58,-0.00030426341126093924
1909,ICICIBANK,2024-08-09,2024-09-09,0.06666666666666667,1176.55,1202.9,0.001493065884719456
1910,BATAINDIA,2024-08-09,2024-09-09,0.06666666666666667,1470.0,1408.9,-0.0027709750566893383
1911,DABUR,2024-08-09,2024-09-09,0.06666666666666667,641.6,645.0,0.00035328345802161025
1912,TCS,2024-08-09,2024-09-09,0.06666666666666667,4217.0,4455.0,0.003762548415145048
1913,DRREDDY,2024-08-09,2024-09-09,0.06666666666666667,1396.0,1335.99,-0.0028658070678127976
1914,SBICARD,2024-08-09,2024-09-09,0.06666666666666667,718.0,800.8,0.007688022284122558
1915,RELIANCE,2024-08-09,2024-09-09,0.06666666666666667,1460.0,1466.5,0.0002968036529680365
1916,BAJAJFINSV,2024-08-09,2024-09-09,0.06666666666666667,1559.9,1860.0,0.01282560847917601
1917,MRF,2024-08-09,2024-09-09,0.06666666666666667,140391.55,135000.0,-0.0025602443072012945
1918,HINDUNILVR,2024-09-10,2024-10-09,0.06666666666666667,2934.0,2823.4,-0.0025130652124517134
1919,ASIANPAINT,2024-09-10,2024-10-09,0.06666666666666667,3290.0,3095.55,-0.003940222897669703
1920,SUNPHARMA,2024-09-10,2024-10-09,0.06666666666666667,1830.0,1894.55,0.0023515482695810547
1921,BRITANNIA,2024-09-10,2024-10-09,0.06666666666666667,5980.05,6158.65,0.0019910647346872735
1922,ITC,2024-09-10,2024-10-09,0.06666666666666667,511.9,509.8,-0.00027349091619456486
1923,BATAINDIA,2024-09-10,2024-10-09,0.06666666666666667,1438.2,1392.0,-0.002141565846196637
1924,NESTLEIND,2024-09-10,2024-10-09,0.06666666666666667,1264.5,1289.5,0.0013180440226703573
1925,PGHH,2024-09-10,2024-10-09,0.06666666666666667,16389.2,16642.25,0.0010293363922583133
1926,ICICIBANK,2024-09-10,2024-10-09,0.06666666666666667,1236.95,1243.05,0.0003287656466847169
1927,TMB,2024-09-10,2024-10-09,0.06666666666666667,481.95,450.1,-0.0044057129024449235
1928,TCS,2024-09-10,2024-10-09,0.06666666666666667,4442.45,4260.0,-0.00273797866792723
1929,DRREDDY,2024-09-10,2024-10-09,0.06666666666666667,1338.8,1339.2,1.9918334827212974e-05
1930,DABUR,2024-09-10,2024-10-09,0.06666666666666667,669.35,567.75,-0.010119269938497549
1931,RELIANCE,2024-09-10,2024-10-09,0.06666666666666667,1460.5,1397.53,-0.0028743580965422816
1932,MARUTI,2024-09-10,2024-10-09,0.06666666666666667,12150.1,12554.95,0.0022213808939844136
1933,ASIANPAINT,2024-10-09,2024-11-07,0.06666666666666667,3095.55,2900.0,-0.004211421772113737
1934,HINDUNILVR,2024-10-09,2024-11-07,0.06666666666666667,2823.4,2500.7,-0.007619654789733424
1935,SUNPHARMA,2024-10-09,2024-11-07,0.06666666666666667,1894.55,1845.0,-0.001743597864048629
1936,PGHH,2024-10-09,2024-11-07,0.06666666666666667,16642.25,15850.05,-0.003173449102935804
1937,BRITANNIA,2024-10-09,2024-11-07,0.06666666666666667,6158.65,5710.0,-0.004856583829248289
1938,ITC,2024-10-09,2024-11-07,0.06666666666666667,509.8,481.75,-0.0036681051392703037
1939,BATAINDIA,2024-10-09,2024-11-07,0.06666666666666667,1392.0,1357.8,-0.0016379310344827606
1940,NESTLEIND,2024-10-09,2024-11-07,0.06666666666666667,1289.5,1136.5,-0.007910042652190771
1941,DRREDDY,2024-10-09,2024-11-07,0.06666666666666667,1339.2,1304.95,-0.0017049980087614496
1942,ICICIBANK,2024-10-09,2024-11-07,0.06666666666666667,1243.05,1297.15,0.0029014654814099802
1943,TCS,2024-10-09,2024-11-07,0.06666666666666667,4260.0,4169.7,-0.0014131455399061061
1944,SBICARD,2024-10-09,2024-11-07,0.06666666666666667,736.0,700.05,-0.0032563405797101487
1945,HDFCBANK,2024-10-09,2024-11-07,0.06666666666666667,1649.5,1744.3,0.0038314640800242478
1946,MARUTI,2024-10-09,2024-11-07,0.06666666666666667,12554.95,11305.15,-0.006636426270116573
1947,STARHEALTH,2024-10-09,2024-11-07,0.06666666666666667,575.0,481.4,-0.01085217391304348
1948,PGHH,2024-11-11,2024-12-09,0.06666666666666667,15600.0,15874.7,0.001173931623931627
1949,ASIANPAINT,2024-11-11,2024-12-09,0.06666666666666667,2565.05,2438.15,-0.0032981813220015225
1950,SUNPHARMA,2024-11-11,2024-12-09,0.06666666666666667,1817.4,1814.8,-9.537434430138792e-05
1951,ITC,2024-11-11,2024-12-09,0.06666666666666667,478.05,471.5,-0.0009134330439633248
1952,BRITANNIA,2024-11-11,2024-12-09,0.06666666666666667,5801.65,4844.95,-0.010993424284470796
1953,HINDUNILVR,2024-11-11,2024-12-09,0.06666666666666667,2509.0,2465.0,-0.0011691244851866614
1954,NESTLEIND,2024-11-11,2024-12-09,0.06666666666666667,1140.0,1135.0,-0.00029239766081871346
1955,BATAINDIA,2024-11-11,2024-12-09,0.06666666666666667,1336.3,1448.8,0.005612512160443015
1956,DRREDDY,2024-11-11,2024-12-09,0.06666666666666667,1284.0,1254.65,-0.0015238836967808884
1957,TCS,2024-11-11,2024-12-09,0.06666666666666667,4128.2,4430.45,0.004881061964052129
1958,ICICIBANK,2024-11-11,2024-12-09,0.06666666666666667,1262.0,1322.1,0.0031748547279450558
1959,PIDILITIND,2024-11-11,2024-12-09,0.06666666666666667,3111.25,3153.0,0.0008946029195125218
1960,SBICARD,2024-11-11,2024-12-09,0.06666666666666667,699.4,720.0,0.0019635878371937875
1961,APOLLOHOSP,2024-11-11,2024-12-09,0.06666666666666667,7400.0,7162.75,-0.0021373873873873875
1962,RELIANCE,2024-11-11,2024-12-09,0.06666666666666667,1278.95,1303.0,0.00125363253710726
1963,PGHH,2024-12-11,2025-01-09,0.06666666666666667,15796.4,14728.0,-0.0045090442548091116
1964,ITC,2024-12-11,2025-01-09,0.06666666666666667,467.2,449.4,-0.0025399543378995452
1965,SUNPHARMA,2024-12-11,2025-01-09,0.06666666666666667,1824.3,1841.0,0.0006102797420015
1966,NESTLEIND,2024-12-11,2025-01-09,0.06666666666666667,1112.5,1107.72,-0.0002864419475655414
1967,DRREDDY,2024-12-11,2025-01-09,0.06666666666666667,1240.3,1380.0,0.007508936010105084
1968,HINDUNILVR,2024-12-11,2025-01-09,0.06666666666666667,2405.0,2405.05,1.3860013860064282e-06
1969,BATAINDIA,2024-12-11,2025-01-09,0.06666666666666667,1431.9,1421.0,-0.0005074842284144652
1970,ASIANPAINT,2024-12-11,2025-01-09,0.06666666666666667,2399.75,2341.9,-0.0016071118519290178
1971,ICICIBANK,2024-12-11,2025-01-09,0.06666666666666667,1324.7,1258.0,-0.003356734858206892
1972,SBICARD,2024-12-11,2025-01-09,0.06666666666666667,730.0,740.0,0.0009132420091324201
1973,TCS,2024-12-11,2025-01-09,0.06666666666666667,4431.85,4101.0,-0.004976853157635454
1974,BRITANNIA,2024-12-11,2025-01-09,0.06666666666666667,4808.0,4860.55,0.0007286466999445394
1975,PIDILITIND,2024-12-11,2025-01-09,0.06666666666666667,3234.85,2912.65,-0.006640184243473418
1976,MRF,2024-12-11,2025-01-09,0.06666666666666667,132101.0,120390.0,-0.005910124324065172
1977,HDFCBANK,2024-12-11,2025-01-09,0.06666666666666667,1861.7,1684.15,-0.006357988218653201
1978,PGHH,2025-01-10,2025-02-10,0.06666666666666667,14800.0,14476.45,-0.001457432432432429
1979,NESTLEIND,2025-01-10,2025-02-10,0.06666666666666667,1136.03,1117.5,-0.001087412597672008
1980,SUNPHARMA,2025-01-10,2025-02-10,0.06666666666666667,1825.45,1741.25,-0.0030750408575054566
1981,DRREDDY,2025-01-10,2025-02-10,0.06666666666666667,1366.1,1239.7,-0.006168411292487122
1982,HINDUNILVR,2025-01-10,2025-02-10,0.06666666666666667,2435.4,2370.9,-0.001765623716843229
1983,ICICIBANK,2025-01-10,2025-02-10,0.06666666666666667,1259.0,1257.2,-9.531374106433437e-05
1984,BATAINDIA,2025-01-10,2025-02-10,0.06666666666666667,1412.9,1332.05,-0.0038148488923490757
1985,ITC,2025-01-10,2025-02-10,0.06666666666666667,449.95,427.0,-0.003400377819757749
1986,ASIANPAINT,2025-01-10,2025-02-10,0.06666666666666667,2335.6,2271.05,-0.0018424958611634335
1987,TCS,2025-01-10,2025-02-10,0.06666666666666667,4200.0,4040.0,-0.0025396825396825397
1988,BRITANNIA,2025-01-10,2025-02-10,0.06666666666666667,4928.5,4915.0,-0.00018261134219336512
1989,SBICARD,2025-01-10,2025-02-10,0.06666666666666667,725.0,815.0,0.008275862068965517
1990,PIDILITIND,2025-01-10,2025-02-10,0.06666666666666667,2958.25,2851.0,-0.0024169694920983687
1991,MRF,2025-01-10,2025-02-10,0.06666666666666667,118330.0,113000.0,-0.003002901490182822
1992,HCLTECH,2025-01-10,2025-02-10,0.06666666666666667,1936.0,1723.95,-0.007301997245179061
1993,PGHH,2025-02-11,2025-03-12,0.06666666666666667,14178.0,13349.35,-0.003896412281939153
1994,SUNPHARMA,2025-02-11,2025-03-12,0.06666666666666667,1725.2,1662.0,-0.002442228920318419
1995,NESTLEIND,2025-02-11,2025-03-12,0.06666666666666667,1110.53,1124.5,0.0008386386079919815
1996,ICICIBANK,2025-02-11,2025-03-12,0.06666666666666667,1255.85,1246.95,-0.0004724555745776361
1997,HINDUNILVR,2025-02-11,2025-03-12,0.06666666666666667,2371.0,2217.35,-0.004320258681287785
1998,HDFCBANK,2025-02-11,2025-03-12,0.06666666666666667,1703.0,1691.55,-0.0004482286161675492
1999,DRREDDY,2025-02-11,2025-03-12,0.06666666666666667,1220.0,1116.6,-0.00565027322404372
2000,MRF,2025-02-11,2025-03-12,0.06666666666666667,111458.0,107000.0,-0.002666475264225089
2001,BRITANNIA,2025-02-11,2025-03-12,0.06666666666666667,4910.95,4769.9,-0.0019147686971631446
2002,ITC,2025-02-11,2025-03-12,0.06666666666666667,428.8,406.4,-0.0034825870646766222
2003,TCS,2025-02-11,2025-03-12,0.06666666666666667,4018.4,3565.0,-0.0075220651668989336
2004,PIDILITIND,2025-02-11,2025-03-12,0.06666666666666667,2860.05,2733.0,-0.0029614866872956806
2005,ASIANPAINT,2025-02-11,2025-03-12,0.06666666666666667,2279.0,2287.4,0.00024572180781044583
2006,RELIANCE,2025-02-11,2025-03-12,0.06666666666666667,1264.55,1258.0,-0.0003453138797727758
2007,SBICARD,2025-02-11,2025-03-12,0.06666666666666667,797.9,838.0,0.003350461628441327
2008,NESTLEIND,2025-03-12,2025-04-11,0.06666666666666667,1124.5,1172.85,0.0028664591670371966
2009,SUNPHARMA,2025-03-12,2025-04-11,0.06666666666666667,1662.0,1710.0,0.0019253910950661854
2010,ICICIBANK,2025-03-12,2025-04-11,0.06666666666666667,1246.95,1305.1,0.0031089190959273888
2011,MRF,2025-03-12,2025-04-11,0.06666666666666667,107000.0,113300.0,0.003925233644859813
2012,DRREDDY,2025-03-12,2025-04-11,0.06666666666666667,1116.6,1139.9,0.0013911278285270872
2013,HDFCBANK,2025-03-12,2025-04-11,0.06666666666666667,1691.55,1774.75,0.0032790438749470425
2014,HINDUNILVR,2025-03-12,2025-04-11,0.06666666666666667,2217.35,2394.6,0.005329184236438391
2015,ITC,2025-03-12,2025-04-11,0.06666666666666667,406.4,420.0,0.0022309711286089278
2016,PIDILITIND,2025-03-12,2025-04-11,0.06666666666666667,2733.0,2995.0,0.006391023295523844
2017,BRITANNIA,2025-03-12,2025-04-11,0.06666666666666667,4769.9,5400.75,0.0088170960956554
2018,TCS,2025-03-12,2025-04-11,0.06666666666666667,3565.0,3289.55,-0.005151005142589992
2019,ASIANPAINT,2025-03-12,2025-04-11,0.06666666666666667,2287.4,2439.5,0.004432980676750894
2020,RELIANCE,2025-03-12,2025-04-11,0.06666666666666667,1258.0,1195.15,-0.0033306836248012672
2021,APOLLOHOSP,2025-03-12,2025-04-11,0.06666666666666667,6134.1,6822.7,0.0074838471278046706
2022,SHREECEM,2025-03-12,2025-04-11,0.06666666666666667,28100.0,30638.0,0.006021352313167259
2023,NESTLEIND,2025-04-15,2025-05-12,0.06666666666666667,1190.7,1179.9,-0.0006046863189720306
2024,ITC,2025-04-15,2025-05-12,0.06666666666666667,429.2,429.5,4.659832246039319e-05
2025,MRF,2025-04-15,2025-05-12,0.06666666666666667,119900.0,140400.0,0.011398387545176537
2026,ICICIBANK,2025-04-15,2025-05-12,0.06666666666666667,1351.0,1409.4,0.002881815938810762
2027,HDFCBANK,2025-04-15,2025-05-12,0.06666666666666667,1865.0,1917.6,0.001880250223413759
2028,HINDUNILVR,2025-04-15,2025-05-12,0.06666666666666667,2400.0,2360.0,-0.0011111111111111111
2029,PIDILITIND,2025-04-15,2025-05-12,0.06666666666666667,2990.0,3040.0,0.0011148272017837235
2030,SUNPHARMA,2025-04-15,2025-05-12,0.06666666666666667,1720.0,1695.7,-0.0009418604651162773
2031,DRREDDY,2025-04-15,2025-05-12,0.06666666666666667,1140.9,1155.9,0.0008765010079761591
2032,TCS,2025-04-15,2025-05-12,0.06666666666666667,3314.4,3505.0,0.003833775846809878
2033,BRITANNIA,2025-04-15,2025-05-12,0.06666666666666667,5428.9,5540.0,0.001364303388654551
2034,APOLLOHOSP,2025-04-15,2025-05-12,0.06666666666666667,6965.0,6800.0,-0.0015793251974156497
2035,ASIANPAINT,2025-04-15,2025-05-12,0.06666666666666667,2414.9,2330.0,-0.0023437823512360784
2036,RELIANCE,2025-04-15,2025-05-12,0.06666666666666667,1251.0,1400.0,0.007940314415134559
2037,SHREECEM,2025-04-15,2025-05-12,0.06666666666666667,31000.0,29610.0,-0.002989247311827957
2038,NESTLEIND,2025-05-13,2025-06-11,0.06666666666666667,1190.0,1221.25,0.0017507002801120449
2039,PIDILITIND,2025-05-13,2025-06-11,0.06666666666666667,3082.0,3068.3,-0.00029634436513086346
2040,ITC,2025-05-13,2025-06-11,0.06666666666666667,434.9,428.0,-0.0010577144171073775
2041,HINDUNILVR,2025-05-13,2025-06-11,0.06666666666666667,2375.6,2395.2,0.0005500364820115595
2042,DRREDDY,2025-05-13,2025-06-11,0.06666666666666667,1196.0,1350.0,0.00858416945373467
2043,BRITANNIA,2025-05-13,2025-06-11,0.06666666666666667,5629.5,5660.0,0.00036119252745951387
2044,ICICIBANK,2025-05-13,2025-06-11,0.06666666666666667,1440.1,1421.8,-0.0008471633914311485
2045,SUNPHARMA,2025-05-13,2025-06-11,0.06666666666666667,1711.0,1694.8,-0.0006312098188194056
2046,HDFCBANK,2025-05-13,2025-06-11,0.06666666666666667,1950.0,1967.6,0.0006017094017093987
2047,MRF,2025-05-13,2025-06-11,0.06666666666666667,140100.0,138000.0,-0.0009992862241256246
2048,APOLLOHOSP,2025-05-13,2025-06-11,0.06666666666666667,6908.0,6918.0,9.650646593321752e-05
2049,ASIANPAINT,2025-05-13,2025-06-11,0.06666666666666667,2354.0,2209.0,-0.004106485414896629
2050,TCS,2025-05-13,2025-06-11,0.06666666666666667,3620.4,3470.0,-0.0027694914005818895
2051,SHREECEM,2025-05-13,2025-06-11,0.06666666666666667,30210.0,29950.0,-0.0005737614476442679
2052,MARUTI,2025-05-13,2025-06-11,0.06666666666666667,12600.0,12470.0,-0.0006878306878306878
2053,NESTLEIND,2025-06-11,2025-07-10,0.06666666666666667,1221.25,1212.5,-0.0004776526782668032
2054,ICICIBANK,2025-06-11,2025-07-10,0.06666666666666667,1421.8,1436.8,0.0007033338022225348
2055,HINDUNILVR,2025-06-11,2025-07-10,0.06666666666666667,2395.2,2423.4,0.0007849031396125661
2056,PIDILITIND,2025-06-11,2025-07-10,0.06666666666666667,3068.3,3050.0,-0.0003976143141153121
2057,HDFCBANK,2025-06-11,2025-07-10,0.06666666666666667,1967.6,2016.0,0.0016398997086128648
2058,ITC,2025-06-11,2025-07-10,0.06666666666666667,428.0,420.3,-0.0011993769470404966
2059,SUNPHARMA,2025-06-11,2025-07-10,0.06666666666666667,1694.8,1662.0,-0.0012902210683659804
2060,BRITANNIA,2025-06-11,2025-07-10,0.06666666666666667,5660.0,5905.0,0.002885747938751472
2061,MRF,2025-06-11,2025-07-10,0.06666666666666667,138000.0,150100.0,0.005845410628019324
2062,DRREDDY,2025-06-11,2025-07-10,0.06666666666666667,1350.0,1262.9,-0.00430123456790123
2063,ASIANPAINT,2025-06-11,2025-07-10,0.06666666666666667,2209.0,2507.3,0.009002565263316739
2064,APOLLOHOSP,2025-06-11,2025-07-10,0.06666666666666667,6918.0,7455.0,0.00517490604220873
2065,DABUR,2025-06-11,2025-07-10,0.06666666666666667,490.0,523.7,0.004585034013605448
2066,RELIANCE,2025-06-11,2025-07-10,0.06666666666666667,1445.8,1519.7,0.003407571356111961
2067,SHREECEM,2025-06-11,2025-07-10,0.06666666666666667,29950.0,31610.0,0.003695047301057318
2068,NESTLEIND,2025-07-11,2025-08-11,0.06666666666666667,1202.0,1097.0,-0.005823627287853577
2069,ICICIBANK,2025-07-11,2025-08-11,0.06666666666666667,1422.0,1427.9,0.0002766057196436986
2070,HDFCBANK,2025-07-11,2025-08-11,0.06666666666666667,1998.0,1975.9,-0.000737404070737401
2071,HINDUNILVR,2025-07-11,2025-08-11,0.06666666666666667,2500.0,2490.1,-0.0002640000000000024
2072,PIDILITIND,2025-07-11,2025-08-11,0.06666666666666667,3060.0,3099.0,0.0008496732026143792
2073,ITC,2025-07-11,2025-08-11,0.06666666666666667,417.0,414.5,-0.0003996802557953637
2074,SUNPHARMA,2025-07-11,2025-08-11,0.06666666666666667,1665.8,1586.9,-0.003157641973826384
2075,BRITANNIA,2025-07-11,2025-08-11,0.06666666666666667,5878.0,5361.0,-0.005863672450947034
2076,DRREDDY,2025-07-11,2025-08-11,0.06666666666666667,1263.0,1212.5,-0.0026656109791501716
2077,ASIANPAINT,2025-07-11,2025-08-11,0.06666666666666667,2447.5,2463.9,0.0004467143343547863
2078,MRF,2025-07-11,2025-08-11,0.06666666666666667,148280.0,142850.0,-0.00244132721877529
2079,RELIANCE,2025-07-11,2025-08-11,0.06666666666666667,1512.0,1370.0,-0.006261022927689594
2080,MARUTI,2025-07-11,2025-08-11,0.06666666666666667,12640.0,12585.0,-0.000290084388185654
2081,DABUR,2025-07-11,2025-08-11,0.06666666666666667,521.5,507.7,-0.0017641418983700876
2082,APOLLOHOSP,2025-07-11,2025-08-11,0.06666666666666667,7355.0,7101.0,-0.0023022886924994337
2083,HDFCBANK,2025-08-12,2025-09-10,0.06666666666666667,1991.9,973.9,-0.03407132218819553
2084,ICICIBANK,2025-08-12,2025-09-10,0.06666666666666667,1431.0,1410.0,-0.0009783368273934311
2085,ITC,2025-08-12,2025-09-10,0.06666666666666667,417.0,411.0,-0.0009592326139088729
2086,PIDILITIND,2025-08-12,2025-09-10,0.06666666666666667,3100.0,3114.9,0.0003204301075268837
2087,NESTLEIND,2025-08-12,2025-09-10,0.06666666666666667,1108.0,1208.2,0.0060288808664259955
2088,HINDUNILVR,2025-08-12,2025-09-10,0.06666666666666667,2518.0,2642.0,0.003283028858882711
2089,MRF,2025-08-12,2025-09-10,0.06666666666666667,142170.0,149400.0,0.0033903073784905396
2090,MARUTI,2025-08-12,2025-09-10,0.06666666666666667,12620.0,15366.0,0.01450607501320655
2091,SUNPHARMA,2025-08-12,2025-09-10,0.06666666666666667,1611.7,1592.1,-0.0008107381439887546
2092,TCS,2025-08-12,2025-09-10,0.06666666666666667,3041.0,3056.4,0.00033760824290255596
2093,DRREDDY,2025-08-12,2025-09-10,0.06666666666666667,1210.0,1294.4,0.004650137741046836
2094,ASIANPAINT,2025-08-12,2025-09-10,0.06666666666666667,2489.1,2537.3,0.0012909619273365279
2095,RELIANCE,2025-08-12,2025-09-10,0.06666666666666667,1381.9,1383.9,9.64855151120438e-05
2096,BRITANNIA,2025-08-12,2025-09-10,0.06666666666666667,5390.5,6144.5,0.009325047150851806
2097,DABUR,2025-08-12,2025-09-10,0.06666666666666667,510.0,546.9,0.004823529411764703
2098,ICICIBANK,2025-09-10,2025-10-09,0.06666666666666667,1410.0,1369.8,-0.001900709219858158
2099,ITC,2025-09-10,2025-10-09,0.06666666666666667,411.0,399.0,-0.0019464720194647203
2100,PIDILITIND,2025-09-10,2025-10-09,0.06666666666666667,3114.9,1499.0,-0.03458430982268024
2101,HINDUNILVR,2025-09-10,2025-10-09,0.06666666666666667,2642.0,2501.0,-0.003557910673732021
2102,NESTLEIND,2025-09-10,2025-10-09,0.06666666666666667,1208.2,1175.1,-0.0018264084312751827
2103,TCS,2025-09-10,2025-10-09,0.06666666666666667,3056.4,3034.0,-0.0004885922435981349
2104,SUNPHARMA,2025-09-10,2025-10-09,0.06666666666666667,1592.1,1645.0,0.0022151037413897824
2105,SBIN,2025-09-10,2025-10-09,0.06666666666666667,812.0,861.6,0.004072249589490971
2106,AIAENG,2025-09-10,2025-10-09,0.06666666666666667,3033.3,3205.0,0.0037736678425037595
2107,ASIANPAINT,2025-09-10,2025-10-09,0.06666666666666667,2537.3,2328.5,-0.005486146691364841
2108,DRREDDY,2025-09-10,2025-10-09,0.06666666666666667,1294.4,1245.0,-0.002544293366295843
2109,RELIANCE,2025-09-10,2025-10-09,0.06666666666666667,1383.9,1374.0,-0.00047691307175374377
2110,SHREECEM,2025-09-10,2025-10-09,0.06666666666666667,30300.0,29350.0,-0.0020902090209020904
2111,DABUR,2025-09-10,2025-10-09,0.06666666666666667,546.9,480.45,-0.00810020113366246
2112,COALINDIA,2025-09-10,2025-10-09,0.06666666666666667,388.5,383.0,-0.0009438009438009437
2113,ICICIBANK,2025-10-10,2025-11-10,0.06666666666666667,1370.3,1342.9,-0.001333041426451622
2114,ITC,2025-10-10,2025-11-10,0.06666666666666667,400.45,404.05,0.000599325758521667
2115,NESTLEIND,2025-10-10,2025-11-10,0.06666666666666667,1186.4,1263.1,0.004309957293773871
2116,HINDUNILVR,2025-10-10,2025-11-10,0.06666666666666667,2510.0,2405.0,-0.0027888446215139444
2117,RELIANCE,2025-10-10,2025-11-10,0.06666666666666667,1377.8,1477.9,0.00484347026660861
2118,SBIN,2025-10-10,2025-11-10,0.06666666666666667,862.1,956.0,0.0072613385918106925
2119,DABUR,2025-10-10,2025-11-10,0.06666666666666667,485.4,520.0,0.004752094492514768
2120,COALINDIA,2025-10-10,2025-11-10,0.06666666666666667,384.0,376.1,-0.0013715277777777738
2121,ASIANPAINT,2025-10-10,2025-11-10,0.06666666666666667,2338.9,2613.8,0.007835592229965655
2122,BHARTIARTL,2025-10-10,2025-11-10,0.06666666666666667,1937.0,1995.0,0.0019962140767509893
2123,SUNPHARMA,2025-10-10,2025-11-10,0.06666666666666667,1655.0,1697.5,0.0017119838872104733
2124,TCS,2025-10-10,2025-11-10,0.06666666666666667,3050.0,2993.0,-0.0012459016393442622
2125,SHREECEM,2025-10-10,2025-11-10,0.06666666666666667,29470.0,27400.0,-0.004682728198167628
2126,DRREDDY,2025-10-10,2025-11-10,0.06666666666666667,1249.6,1199.4,-0.0026781903542466828
2127,AIAENG,2025-10-10,2025-11-10,0.06666666666666667,3271.9,3330.0,0.0011838177613415224
